Number of disks = 12
Depot = yes (node 13)
Tour length = 37.47192458534519233
Tour sequence = 13 12 8 9 11 7 2 6 10 4 3 1 5
Tour visit points:
  0.02002010000000000 5.63584999999999958
  0.58613701824994879 4.00957899771271986
  1.02943431364890170 3.39452516930566883
  1.88814793964433325 1.48529956169368571
  2.19163038088461226 0.45661047688494838
  4.68845347368414522 0.61804627567553549
  9.55762020651198796 4.33937663107786697
  11.40836667366609092 4.63698213219837729
  15.35339888581178514 4.64567902166644142
  12.93239593072886251 7.02365978344555231
  5.58778792312811579 8.45990474805942760
  3.57855906823026215 8.20617922581889658
  2.98619280869603232 8.13137469511892164
