Number of disks = 12
Depot = yes (node 13)
Tour length = 34.10512302577791388
Tour sequence = 13 1 5 12 8 7 11 9 6 10 3 4 2
Tour visit points:
  8.50661000000000023 5.71183999999999958
  9.91812808005342816 6.47903366768083444
  12.15739311230582409 7.69614435238813588
  12.68620922949587104 7.98357289065731823
  14.96212734010713774 8.88355601858590305
  14.50136335279875155 7.14829496263574171
  13.45997074204679045 2.46644043814270475
  8.78603928691235048 1.89829632802503712
  8.03761132097273467 2.60559798141301835
  7.61257859785823054 2.80262676014117584
  6.82330777374888875 3.20748489566942663
  1.40450018501488816 5.98707368844767895
  2.67006786545116670 6.13055646968326151
