Number of disks = 14
Depot = yes (node 15)
Tour length = 37.16885835664048443
Tour sequence = 15 7 14 1 8 2 9 10 12 6 13 5 11 4 3
Tour visit points:
  11.92570000000000086 7.36380999999999997
  10.97590834689061268 4.34660689076547424
  11.27576673608635360 2.36853117466426211
  11.38834798360472611 1.62586661102920194
  10.91709587037347617 1.39694977300551360
  3.30167270855027706 2.23579742066262455
  1.47157378987301146 1.21664805259698094
  0.92277614935150487 3.40394526493723548
  1.93044794856457647 4.30325052517268958
  2.74997823344431280 5.20888304764991439
  1.57461263539664431 6.86108866217276159
  1.92974800028602700 8.60777742752032360
  4.47874358457977984 6.72979271006996971
  5.90907293918928112 5.67599069860844541
  10.81147000938415559 8.61705299240213130
