Number of disks = 20
Depot = yes (node 21)
Tour length = 42.29188847320123301
Tour sequence = 21 3 7 20 8 18 13 12 11 2 4 10 5 14 1 15 19 16 6 9 17
Tour visit points:
  8.54762000000000022 8.42097000000000051
  8.15603018151447046 9.11699394058464385
  6.52021672401195129 9.12473391697138503
  0.67864687013843805 9.15266046194391159
  0.54406619421392166 9.15347406677890163
  1.78434010938430943 6.88555783140648092
  1.39554764245560325 6.10569483130581858
  0.53039362778357457 4.37031858333449019
  3.20930039579280191 3.47099057727553184
  4.30553597246980591 0.51740647969339371
  6.51762533075730932 1.93053234390745376
  9.11775894532026854 1.91225627212892468
  9.41185617687915155 2.05319520301207836
  13.28968879679418968 0.95901052616089411
  11.59470074199673739 4.01924948411557637
  12.48112114744436951 6.55662625371466667
  11.93402842604071878 7.36835358392565443
  11.39776003945035399 8.16402085038294523
  10.86149166806182720 8.95968811429047385
  9.77004817882583332 8.13789190059944900
  8.67860469041345084 7.31609568655660425
