Number of disks = 12
Depot = yes (node 13)
Tour length = 32.79680157070689006
Tour sequence = 13 10 5 12 6 8 2 3 7 1 9 11 4
Tour visit points:
  1.08548000000000000 6.75740999999999925
  1.09203853960714126 8.05335124687687198
  1.09859752103676223 9.34929283321272919
  4.94628264443139010 8.34426819328096414
  7.33942552028804140 9.20699773154230172
  10.48297412221256586 6.62239417964809984
  10.70620389212768764 6.13895136027921495
  10.92943573634804544 5.65550420023208478
  11.16137583243669340 5.18617446602746757
  11.27394349311241939 2.36697876411944197
  6.06103611387190799 3.39786715225319025
  2.86990643737701845 1.08296650849653120
  1.65077640694721350 4.95977774686712891
