Number of disks = 18
Depot = yes (node 19)
Tour length = 40.88133968956942965
Tour sequence = 19 17 2 3 14 15 18 16 8 12 9 5 7 13 11 1 6 10 4
Tour visit points:
  1.82475999999999994 4.04706000000000010
  1.54734067829447741 3.62723671074390008
  1.04073257129573760 2.78658410327307493
  2.89235438701197500 2.95801290281839258
  3.95981621548926999 3.48536130661998333
  5.81201369023075820 0.82097578000766591
  9.33623176315755643 1.19567500928927983
  12.41627932315716087 2.35918134099011256
  14.13511564450444524 4.83905746096256006
  14.59981317747528173 5.51196107538148894
  14.34434370157214822 6.94653777672511197
  13.99257280810041237 8.92189050376410542
  10.66112779657268739 6.19391612539548664
  9.75512886879945285 5.31996235316788546
  9.13314358937072512 4.71997695982920540
  4.99587595075903668 9.42646324479556696
  3.55494861193748868 7.53232921449682902
  2.85993992942790332 6.14089922363463003
  2.66647914987135470 5.74958969670601050
