Number of disks = 16
Depot = yes (node 17)
Tour length = 43.80935803004241080
Tour sequence = 17 11 16 13 6 5 2 10 14 12 7 3 4 9 8 1 15
Tour visit points:
  0.91262600000000005 6.07685000000000031
  3.94397940768180577 3.36075785916382364
  4.87259536875155952 2.52928603492738269
  6.11643660979858694 1.41560193450412708
  7.46736410341427437 1.85879741466117143
  8.35529597835213345 1.84138045888157742
  8.71296694667969973 2.71274946830083907
  9.68376264215533489 3.43452851563001582
  11.11789338172309805 0.97463249122876305
  13.15812776619935498 0.64882935915801376
  13.54607069047912660 2.52917887234221750
  14.49252461101739975 7.11661701679431857
  15.20246723567876579 8.76570429679153307
  15.58487414768176826 9.65397660571859184
  12.90865874674628166 8.68454440041196563
  12.45357693924983344 8.51969557692788371
  0.51382930158953666 8.85515154411556082
