Number of disks = 12
Depot = yes (node 13)
Tour length = 45.21571416820786027
Tour sequence = 13 8 12 6 2 7 4 10 1 5 3 11 9
Tour visit points:
  15.94870000000000054 9.99695000000000000
  9.46454541475387146 7.40845397430977037
  7.17859590393599323 9.01420660015839559
  0.58602545800204620 8.96069525709344994
  4.58166620640073763 3.35510692313201320
  4.81293237680997787 3.03065276663320704
  6.10739567009816042 1.41741016541041631
  7.88181434614702781 2.42919374084796802
  9.65623599017251166 3.44097653189804431
  11.12263430597728586 0.97134410430229801
  13.09161690249165133 0.59383456835245341
  12.39153161925672997 4.59403606787579655
  13.82089745465456154 6.99224460709809215
