Number of disks = 14
Depot = yes (node 15)
Tour length = 36.63347272588403314
Tour sequence = 15 10 6 3 11 1 9 5 8 4 7 12 14 2 13
Tour visit points:
  11.95739999999999981 4.96902000000000044
  13.42907702746417442 5.66870732417369450
  14.76203258702912358 6.30247268184185661
  14.79156498498469396 6.31654106454795006
  11.42865149974411665 8.05372824184660274
  6.54350378694051127 8.04537193514883242
  2.35710558529328962 8.03833587811538841
  1.87515826847161948 7.19687242791943138
  1.39320874035945663 6.35537893738674686
  2.35241562449459085 3.90495855974829231
  0.85986531939175359 3.01887399226976516
  0.63718133350081818 1.56158323154425993
  3.39305041940868213 1.15169837025618338
  8.59216067306454256 4.00233095645622061
  11.26717433558600234 5.67498200954962151
