Number of disks = 14
Depot = yes (node 15)
Tour length = 40.33480375050603328
Tour sequence = 15 7 13 12 10 1 9 11 3 4 14 6 8 5 2
Tour visit points:
  9.44999999999999929 5.89433999999999969
  11.31150395980053958 6.69096764667433064
  13.09082146937871727 8.80485454422373870
  12.57768927772286638 9.06789511672152315
  12.40049884958706627 9.15866201731970264
  9.06708976228130403 8.65903776723089358
  8.23380987822463517 8.64914053889469692
  3.42366760775901069 8.59200839324366683
  0.60104483984689872 2.91524318965156493
  5.09575456022199536 2.47167233113033857
  9.59046440716269899 2.02810181470699913
  13.70692529918719949 1.62185969062766522
  13.80709743324822547 1.76789234988943678
  12.05241474068618857 3.30586656037258031
  11.08447340335258069 3.81956264941321333
