Number of disks = 14
Depot = yes (node 15)
Tour length = 41.05006180877859379
Tour sequence = 15 1 9 8 2 12 10 7 4 3 14 5 11 13 6
Tour visit points:
  2.46540999999999988 1.42856999999999990
  1.26772919391230943 3.54873553946632869
  1.71815912721957775 6.28575156132972523
  0.84368229014505625 8.40569397162293086
  0.63981529859454100 9.42036446928259252
  4.81218958637512717 8.32158898073430997
  8.74081648872212646 9.33921250473920672
  10.84320437094811673 8.14496219612013661
  14.13662570887658454 6.27410610467504437
  10.11285180875810497 0.96996088954406356
  9.25466487524280623 0.86496125752477304
  7.20290652281019739 0.61393830282918371
  6.95160996516593332 1.95954585001967896
  5.38127836780049318 4.31602217829326218
  4.21551946958422796 3.54745377613127966
