Number of disks = 14
Depot = yes (node 15)
Tour length = 34.30859441598084913
Tour sequence = 15 12 9 3 10 2 14 13 6 1 8 7 4 5 11
Tour visit points:
  3.13583999999999996 7.61315000000000008
  2.53081273751160829 7.74055583453357343
  2.04169647035663804 7.84356112439500475
  0.85614595883151035 9.66992313283411065
  4.79030143159413502 8.96922832039459195
  7.89312434827589549 8.41657070979612243
  10.03728251556964324 7.72135188250838933
  12.95825003374450191 6.77427591101811633
  12.98914509785683435 6.24649735330183553
  13.04969852946154951 3.91113616972290190
  13.11025232606247926 1.57577537428795633
  10.61381273012781534 1.48704926149240979
  9.21834678687798359 1.00182862435265929
  8.04133761097210176 1.74448184397004957
  4.95286801870609761 3.69320234542098635
