Number of disks = 16
Depot = yes (node 17)
Tour length = 36.33922026589289089
Tour sequence = 17 15 13 9 12 2 7 8 11 6 14 3 5 4 16 10 1
Tour visit points:
  2.47809999999999997 3.26914000000000016
  2.12449123893453962 5.27317905556460964
  1.56156029040302258 8.46352876021869882
  4.84399538446269595 8.94184807979946150
  9.63726853367420944 9.07500521191864884
  10.33567170404124091 8.69358309277815700
  12.96081493021769404 9.16749415701021952
  13.47617655338641818 7.30097432669506130
  12.52548523538220238 5.44104404259482255
  11.57479391793883927 3.58111375879030724
  10.55926777477810319 3.71161814150104519
  9.06001590422423853 4.11816428494654119
  7.56072292549945857 4.52470099929947267
  6.28409560275056833 3.41480801237462073
  3.86477058118632844 2.45966806094826351
  1.84903826871254129 1.12121559612650246
  1.65382358587239775 1.08593558662143641
