Number of disks = 16
Depot = yes (node 17)
Tour length = 40.53980246073959393
Tour sequence = 17 10 1 6 8 14 15 5 9 4 7 3 13 11 2 12 16
Tour visit points:
  0.06836150000000001 4.17919999999999980
  0.87130632060638968 5.45616419178332901
  1.32788355012237558 6.18286545676560451
  1.78446297013926891 6.90964194239943286
  0.93766788955878855 8.45038628296486571
  4.52057424218031656 8.74957459968620199
  6.06094040789449995 7.41172531642583632
  8.47054397207924481 7.35615435163318931
  10.00949374557821692 7.46352984654044782
  10.99233738938272076 7.53211325502337203
  11.67428048265405316 7.27811792648263456
  13.47680515535000190 6.60673268343985232
  15.28566568085560817 5.93298584778629134
  14.84653931521969383 0.97200619753640949
  13.46974538568908031 1.10141713048621681
  4.44933469270225590 1.94928531069158262
  3.65654901870036086 2.03343650855305524
