Number of disks = 20
Depot = yes (node 21)
Tour length = 40.77196802432953149
Tour sequence = 21 16 4 11 8 13 9 15 3 6 7 14 10 17 5 2 20 1 12 18 19
Tour visit points:
  13.42280000000000051 5.56658000000000008
  14.15259255239807956 4.49851674712522875
  15.11623906455220734 3.08820360328828247
  11.56498042725995390 3.70872367351849697
  10.48652354791621022 3.89716504297947841
  8.50206038271566023 5.20456934292647677
  6.48014648721196540 4.53570800514347550
  4.45831272843569160 3.86690629694141474
  3.44499626120620617 2.41829024490034072
  2.43180718998877454 0.96967356262552107
  0.63626588445128851 3.59329792100534640
  0.79354784555321090 4.52755887526082823
  0.95083120245562036 5.46188943406376737
  0.91164535037886818 5.76999905681036651
  0.71299127006498508 7.33198023703042434
  3.56681185899773689 6.85818890499318012
  4.88346100845851261 8.18349290674372476
  6.22959016904971818 8.20237659345148273
  10.51521187893165710 8.26249588964627968
  11.58601114839782120 8.22566724115444892
  13.46519525842597176 8.16103532272362386
