Number of disks = 12
Depot = yes (node 13)
Tour length = 38.07887594509323037
Tour sequence = 13 2 7 6 1 9 10 4 8 12 11 5 3
Tour visit points:
  13.72700000000000031 9.36766000000000076
  10.28396478614590848 8.12224984281842488
  9.48516097425291171 7.83330757827425384
  9.17003514694083854 6.30861005811615350
  6.53445317819406757 6.78382328237782772
  0.65231875371709047 2.77863517964993356
  5.07498321126410623 2.00807363668231709
  9.35591881008416060 1.26232685543191558
  10.85591866555466822 2.94429165976245866
  13.58991927738826710 1.54594719871123343
  12.83623412906083949 3.72557582406045995
  13.16403124558400073 4.78343690258788445
  13.51496066740685897 5.91594705460518799
