Number of disks = 18
Depot = yes (node 19)
Tour length = 43.12803401093765387
Tour sequence = 19 7 17 10 14 8 12 18 11 9 1 16 2 13 15 6 5 3 4
Tour visit points:
  13.09409999999999918 7.39463000000000026
  10.89222242882909697 9.19155686695022922
  9.99071591108780233 8.60334363103636690
  10.01813362517013850 6.34966654336950498
  7.91273189895708740 6.67357055444276703
  7.57018948459196750 7.30696977781389467
  7.21687334230968691 7.96036902889041986
  6.73678850313319977 8.84821616502056330
  4.52491428584119060 8.04769810119879025
  4.30698994110781452 7.72622925433663355
  2.60957598990654915 5.22230679480241111
  0.91216204177684745 2.71838434377046667
  0.68628846810194766 0.41162222142541072
  5.34679454875968574 0.55997391564504195
  6.59194819473856342 3.35333215317138356
  10.22808479975706852 0.72380789283611324
  11.95389699129633065 0.87841093263501813
  12.41652208463672480 3.10787771522640055
  13.94634214048343956 4.73304748186480317
