Number of disks = 12
Depot = yes (node 13)
Tour length = 33.44467128187810800
Tour sequence = 13 8 12 9 4 2 10 6 7 3 1 11 5
Tour visit points:
  10.60479999999999912 1.14535999999999993
  13.51984452254961333 4.50917308929420013
  14.86006933819475329 6.05575963268805229
  12.00074314136994147 5.46713782953050931
  11.21359089787950047 5.77845058189011240
  7.84767206133521622 7.44395878406062916
  6.11051403408994620 7.35445920820473820
  0.58832550309284348 7.00208426835936670
  2.07094611067882051 6.42416892653866434
  7.80637990773335400 4.18856961144209716
  8.32588674631467107 3.98609890355246543
  8.84539925340206068 3.78364052448275956
  9.36490798421965032 3.58118556432601887
