Number of disks = 18
Depot = yes (node 19)
Tour length = 42.26284174789272896
Tour sequence = 19 10 16 2 12 11 14 4 15 6 3 13 9 17 7 18 8 1 5
Tour visit points:
  7.85423999999999989 6.32038000000000011
  6.40011167966078265 5.31225360608858921
  5.17080668389891329 6.96725288000320297
  3.94150169022640684 8.62225215325872618
  0.46300466819558955 7.46646191389731939
  0.97164481076352627 6.03694948811123400
  2.77140862725222981 0.97878650666259248
  8.42563239745475556 0.78393498673440032
  10.41507837595844244 0.71537622885594077
  11.05454751333459384 0.69333933541484538
  12.20332164870540126 2.17094273569371321
  12.22725962331558769 2.62124059768565987
  12.25119804146613589 3.07155130462686055
  12.27130845738804510 4.33249306697954317
  12.14057043329150076 5.28302810836073267
  15.24141511486785561 6.53649071750412070
  14.39174136183516772 8.31447813386682633
  11.59881969503653742 7.91116033682175690
  8.62239242606283085 7.48134419548989005
