Number of disks = 16
Depot = yes (node 17)
Tour length = 43.26725078935771762
Tour sequence = 17 8 12 5 16 10 15 4 3 6 9 13 7 2 1 14 11
Tour visit points:
  3.15781000000000001 9.01547000000000054
  1.80350933263049185 8.08094159078642527
  2.73486214379689008 7.52012139383996914
  3.66622245286646375 6.95929408227735191
  3.97218216254941181 6.50672824565612729
  4.42287602522384748 5.67589367212065632
  3.15779746184673904 1.05571169549175381
  9.83800093718790691 2.15100418186548747
  10.55300417377996247 1.93432774976127098
  12.20401794998527301 1.43400088801322467
  13.85503178804673752 0.93367446833902978
  15.50604566576297572 0.43334810738096702
  11.91334271269070122 4.90310544156905070
  13.10428335251908827 8.75266801720613508
  12.73986961389508110 9.03433470925951809
  10.27245952264495799 7.40830895793705491
  7.34697914774538674 8.06915923213445119
