Number of disks = 12
Depot = yes (node 13)
Tour length = 33.75699312415203934
Tour sequence = 13 12 6 4 7 10 5 9 8 11 1 3 2
Tour visit points:
  5.88103999999999960 6.61000000000000032
  4.34618042960760853 7.42363645249261950
  2.42204696526883767 8.11185689660916154
  1.97696851706398014 6.27562963355414638
  1.53188951555002717 4.43940399369391336
  5.07569391609494147 1.59736652803252488
  6.55665948174170943 2.05112091813052588
  8.28055301681463440 2.36330172143433526
  9.16233456036168548 2.52298737737282552
  12.61379692469106573 1.73554723545332124
  12.52082006671398950 7.68251743825025724
  12.50673312925663083 8.58149160887700546
  8.31609298842729849 6.59912091157309710
