Number of disks = 12
Depot = yes (node 13)
Tour length = 35.05412998805686442
Tour sequence = 13 2 7 9 6 3 11 8 10 5 1 12 4
Tour visit points:
  0.02587970000000000 0.61006499999999997
  3.28901844242508723 1.19179521762243579
  6.55214123652008507 1.77355367547142273
  6.88994676103354209 1.83380570390910425
  8.25015681620809538 0.96696363535223473
  8.76973004971907777 0.63581585707348021
  9.70727476322822724 1.80604317703952799
  10.64481982811141236 2.97627288652698141
  9.73630603751117540 5.22836253902601289
  11.64894676897332637 7.17861813959036521
  12.43770229079552259 8.33530003784046158
  8.18980009331264114 9.14594799118458823
  2.19881257188446266 4.21834604175749739
