Number of disks = 18
Depot = yes (node 19)
Tour length = 41.21355824116796640
Tour sequence = 19 7 2 18 4 9 5 11 17 6 3 1 14 16 8 12 13 15 10
Tour visit points:
  3.06162000000000001 1.77892000000000006
  2.46807183204243996 3.69384139264399103
  2.87180459057095394 5.36069438709893120
  3.30327877283539406 7.14201917172469347
  4.57118062456519691 6.17775180015755421
  8.14292776118539052 7.11283164696455117
  11.22054552549225725 7.95499333302196732
  14.77870832555095681 8.92865173141547253
  12.27521738237449078 5.45119214352460890
  12.04792853745750136 4.70133289207652894
  12.07428055359526375 4.40083039490129746
  12.88531046651514878 4.29007034958333744
  13.81348319686557780 3.59473243871087567
  15.23494273987418879 2.89205033160417146
  13.26259291093523984 0.84236853650563426
  8.61113310189264247 2.99403098763455322
  7.71885616477341596 3.28005697893062464
  7.15721221768663440 2.38693396120580914
  6.59556826990722911 1.49381094313397478
