Number of disks = 20
Depot = yes (node 21)
Tour length = 39.61595572314731584
Tour sequence = 21 2 16 15 6 8 17 18 1 5 12 9 14 10 13 19 11 3 7 4 20
Tour visit points:
  14.16600000000000037 9.39085000000000036
  10.55194630017638779 7.01507340551300285
  10.09762600208013517 6.71644814430938908
  9.92995996772389589 4.86890520527504300
  9.25122397604368985 4.70079343033267616
  8.79412465973715030 5.17576681627177848
  7.46761728576468009 6.55405767382103299
  6.18987199091723728 7.88167783209220119
  3.42024661786814210 7.38909280900555743
  2.58273818113580722 5.89339946091853939
  1.57946026872181933 4.10166095761572258
  3.68856508319142185 3.66432475682164460
  3.59037305914500848 1.81790197061210623
  5.68913058165183649 0.85895082964708025
  9.25935044095999693 1.17066674206469479
  9.71391915293859931 1.55647417624595708
  12.42996495082327790 2.36949498248122925
  14.13225707939993292 4.83488065982970028
  14.61213334871693448 5.55795720295556706
  14.66227012533723695 7.08729002411289866
  14.71240690195754119 8.61662284527022848
