Number of disks = 18
Depot = yes (node 19)
Tour length = 38.64734534429211266
Tour sequence = 19 12 8 9 11 7 16 2 6 10 4 18 14 13 3 1 5 15 17
Tour visit points:
  0.02002010000000000 5.63584999999999958
  0.58613698950179272 4.00957905296639172
  1.02943448154088824 3.39452487850042672
  1.88816893593238544 1.48524289457390357
  2.19199259372554955 0.45635725662608689
  4.67236125355836140 0.61169580963697279
  7.50782242329193572 3.11767637372144790
  9.53203913934198610 4.32920457600650543
  11.40918473625187346 4.63704906933674721
  15.35362315412872647 4.64622819032846124
  12.95656715926406122 7.01174960969622951
  12.42279149271951866 7.53837974284214329
  9.63448365945353657 6.57162076503086734
  8.58082329919436049 6.20630171360651151
  5.47963245011301048 8.47550419591046555
  3.57110826936087600 8.23331461856539981
  3.05439574051859619 8.16774443008849182
  2.31136173072790152 6.98909413257934631
  1.16569091536395075 6.31247206628967295
