Number of disks = 16
Depot = yes (node 17)
Tour length = 40.96747687624778678
Tour sequence = 17 14 10 16 3 4 6 11 8 1 13 2 15 5 12 7 9
Tour visit points:
  2.26521000000000017 9.05118000000000045
  8.28720720785048570 7.12961563290440914
  11.28791621927279287 7.89259174768001071
  14.89494510665411475 8.80974061150174315
  15.00619864321710217 7.02876233820370100
  13.64297109041543976 5.88304775934316737
  12.75400832954269781 5.13592553947902619
  11.97068650595542216 4.48179077092202061
  11.77682257045451308 3.78499432941162839
  11.58295863497671441 3.08819788770233972
  12.93700746979198613 0.62549138322538700
  6.91535764530568198 1.19551001962627890
  6.41083014378019289 1.33480127252823610
  3.36634840155395176 2.17532963823597081
  2.46716630510789603 3.71203648553532251
  2.90015335087915549 4.75491461215872402
  3.98025225890779399 5.77063845217594817
