Number of disks = 18
Depot = yes (node 19)
Tour length = 40.20042044860809227
Tour sequence = 19 3 4 11 7 14 2 17 18 9 15 16 13 1 8 5 10 6 12
Tour visit points:
  3.70665999999999984 2.04596000000000000
  2.48730430400477864 0.96630059920897449
  0.63554281213650776 3.59653201506299691
  0.79329407208689173 4.53305840302485574
  0.95104533207463116 5.46958479203803538
  0.91933949249787983 5.79939066782108359
  0.76621772080693962 7.39218429449402681
  4.72603630109710515 8.14519895826374984
  10.17764346133561659 7.94818058037449848
  10.65640942711576322 8.28135231808608374
  11.57934094099526412 8.22916651911552854
  13.50912784759328567 8.12005508935358478
  14.28579345618218710 5.02971267623621987
  15.14072442724078371 3.12289189000227552
  11.55508312732832188 3.71972897208175102
  10.48464765976134672 3.89790507163566025
  8.50100784089484307 5.20470973385305502
  6.49922014208376098 4.55197061798501856
  4.49743244327266023 3.89923150211696390
