Number of disks = 16
Depot = yes (node 17)
Tour length = 36.61598077318805622
Tour sequence = 17 13 16 15 10 8 12 7 5 2 6 1 14 4 9 3 11
Tour visit points:
  1.39897000000000005 5.65812999999999988
  1.30379092703711263 4.33853218514539840
  1.25153870872919049 3.61407060964618099
  2.69707610529725761 1.87166233310496333
  6.36330365030425416 1.55893160755476545
  7.34348217995405772 1.47580216834503752
  12.12665107656150099 1.07015268675257280
  14.10590516603093292 5.29290087159268907
  13.75441985133508283 7.71754659629625550
  13.70513557081598854 8.19844073321421263
  13.65585040946631956 8.67933551294927419
  11.56168957694545085 8.23782301114964355
  10.91843582105151533 8.10220780016443420
  10.27518130340966351 7.96659252262669604
  6.14818462952026756 8.10485151381891811
  4.77254288719520758 8.15093704550683640
  0.50504988283499097 6.48214422090944353
