Number of disks = 12
Depot = yes (node 13)
Tour length = 32.53692536750831010
Tour sequence = 13 1 10 6 12 4 3 5 8 2 7 11 9
Tour visit points:
  13.67670000000000030 8.28791000000000011
  10.39118684976553197 7.51590787235224678
  9.94395581060846645 7.41090035322102558
  9.93116971094464951 7.41482295963220661
  9.14854158968365105 8.18198222938483077
  8.75563330783710292 8.56713076617713476
  3.37090812740403356 7.11181033929584494
  4.25449430871339285 2.22719986151477167
  7.74513072802776925 1.27541340973902795
  9.19002168958311749 3.27075879603338926
  9.62656731995247661 3.09394586250856207
  12.58095871790575693 1.89733645100102111
  12.33809713314717627 6.00381803370360689
