Number of disks = 18
Depot = yes (node 19)
Tour length = 33.67034485316820991
Tour sequence = 19 16 1 4 6 14 8 3 11 2 15 18 12 7 5 13 17 9 10
Tour visit points:
  1.67680999999999991 5.05051000000000005
  2.73443343187832610 4.21379682797305399
  3.79205699475525071 3.37708361211624775
  7.50219917046987206 3.46449928399711249
  8.15647880312264739 3.47991556274524427
  8.81075532177129261 3.49533331018417392
  9.46502873659897759 3.51075271449111703
  10.65311794001652679 1.64301990060739200
  13.44271039862562667 4.57781712012702258
  14.23071365027685609 5.40727357922954255
  14.85498790926526524 6.06464153986216470
  14.73403098868852901 6.03932979903637790
  11.99999381277555166 5.46720246367494855
  11.21364810582413618 5.77842516359301328
  7.84766285346339476 7.44396068913247166
  6.11634230791390188 7.35482945054072612
  2.40293110639374463 7.03048185819464422
  0.54785520922661735 6.86845040834635867
  1.18467922816797877 5.96764138718496895
