Number of disks = 18
Depot = yes (node 19)
Tour length = 41.83650973310120236
Tour sequence = 19 10 11 5 9 13 15 12 6 4 1 17 14 7 3 8 16 2 18
Tour visit points:
  0.49659700000000001 4.55701999999999963
  0.54476754322175192 2.99668652255213086
  5.00724517196111307 2.11980475988695760
  9.36138214080641617 1.26419354718916899
  10.86613481692337579 2.94631266869110275
  13.73258695191431578 1.63294107895091289
  13.80360565731671585 1.81006314923189437
  12.83479921647852251 3.75617086630775798
  13.16210658792082988 4.78897340412973449
  13.51083413075761719 5.88936656440167194
  13.34443934841978674 9.04571691828752833
  12.68606205298056011 9.19594035168358737
  11.30745365960400584 6.68793426863575213
  9.71401392517437579 6.31895352700310742
  9.36193729546545761 7.81796379884978965
  8.92412296787588311 8.17245876273067573
  8.48630864028626419 8.52695372661157158
  6.40507729602538145 7.77222986935841487
  3.33076738739920408 8.54633703148889445
