Number of disks = 14
Depot = yes (node 15)
Tour length = 34.15324817869826290
Tour sequence = 15 9 11 13 4 1 7 3 8 12 14 2 10 6 5
Tour visit points:
  8.27369000000000021 9.89990000000000059
  14.96841527493713286 6.78079715717587472
  13.64625411343286032 5.79508391022442737
  12.83968479492226500 5.19376186927831274
  11.60207975113451084 4.75621311440577887
  11.58548918135921468 3.69436930269868524
  10.58633858859511356 3.02427814793846705
  7.74674361978939707 1.11987305991977393
  6.91168159738379195 1.19617189134612145
  3.43382459867398504 2.11278185275640196
  2.98614588613269039 5.09115073883069602
  2.88844406289023148 6.74809053881505072
  2.79075692244497997 8.40504388323800100
  2.75774689860052513 8.96511372601897882
  2.74525173255211374 9.17718463480902713
