Number of disks = 20
Depot = yes (node 21)
Tour length = 39.29641332210135118
Tour sequence = 21 14 9 19 18 2 17 15 13 8 16 1 11 10 7 4 12 6 3 5 20
Tour visit points:
  7.27658999999999967 8.62299999999999933
  6.13645636630618885 7.76017434496987946
  5.73242864469035762 6.80374422946185931
  5.32840673353913097 5.84731699406797301
  4.27234854445487588 6.11783884227070374
  3.11408067399672284 7.77828930904425953
  2.86101723737963898 8.14073512270304001
  2.60788492136339078 8.50317164667687742
  1.42564884824107874 5.17884426632937434
  1.56578270888211835 0.66162939464355008
  1.84532092497205502 0.65173838021689745
  2.12485919663648959 0.64184737170782935
  4.82679089247107829 1.32465799868319500
  6.46074329286341520 1.31357146686704773
  7.92827856070598003 0.72740476860717695
  10.56917166080299175 2.48856157254249499
  11.88131137331605025 1.84601996449876071
  13.01679821847507235 2.62862190456226941
  12.36280475460485384 7.48680609390323237
  12.18175304227790079 8.83174700656332234
  10.13989416320325176 8.74485245786884313
