Number of disks = 18
Depot = yes (node 19)
Tour length = 37.19947138281167298
Tour sequence = 19 4 9 1 8 12 3 14 6 17 2 15 11 13 16 10 7 5 18
Tour visit points:
  7.22581000000000007 4.66352999999999973
  8.69176857416089454 4.09805559678268594
  9.09666636174333654 3.94180498583525596
  9.33705728096500032 5.90233865106051336
  9.41704317755929488 6.55711558488372592
  9.45672163179517256 6.88324444768819976
  9.49640016289365541 7.20948360082885387
  9.37710278596604851 8.20379473674981874
  9.30707952601805921 8.78742949067011914
  10.65405126570508720 9.26623189556473470
  13.32421229016527953 7.93329413118492077
  14.12728606997228731 6.34850833757340549
  12.25590088840995051 5.82589997612958665
  12.41465181308161725 1.69206540687382567
  11.49624138835426912 0.91014958532699775
  7.99974663693178822 1.29598559528868829
  4.24582725554829032 2.23642100070893690
  3.24170622537164554 6.97418681883945180
  5.23375811268582325 5.81885840941972532
