Number of disks = 16
Depot = yes (node 17)
Tour length = 48.72578582761427413
Tour sequence = 17 6 10 15 3 9 7 1 16 13 2 12 8 5 14 11 4
Tour visit points:
  14.90620000000000012 0.80111100000000002
  11.11397711285984791 3.47717554283033703
  9.85928909509106788 2.45358617773751453
  9.21010870045785879 1.92401998520734696
  6.50501788596395336 3.84432728628749754
  5.96356351352240921 2.68904169376256919
  3.96987952555664592 0.51106094057715312
  1.20183394651423070 0.80840837899612772
  3.05788930130576109 3.85554311746872314
  0.53627963798231182 9.14085967237664221
  4.88498654212210592 9.09710700009479112
  6.58674125383071463 9.07998746015043068
  8.28849568614856835 9.06286798985574826
  8.94767796745270694 8.72089269450244764
  9.64079102862149107 8.36131454146513597
  10.98925109550838819 8.95483373729388532
  14.74953124096101753 8.05779302781292905
