Number of disks = 12
Depot = yes (node 13)
Tour length = 38.24950074661439459
Tour sequence = 13 10 6 3 12 9 2 4 8 1 7 5 11
Tour visit points:
  5.38248999999999977 9.14700999999999986
  6.83333473854336493 9.10548721161636543
  8.28417948912802693 9.06396442011676662
  8.94831351875698822 8.72004307472613149
  9.64105778271936309 8.36130593982893089
  10.99820893969158675 8.95572552425879742
  14.65994562177175808 8.22730631464279760
  10.75552742363459657 4.34257165732019690
  9.26466707106959930 3.04035629473686253
  6.57146536971269768 3.86692683657438740
  5.96079493755733214 2.68485938797820589
  4.21583864116762008 0.53852050334465928
  0.53249856525638017 9.13502259559690799
