Number of disks = 16
Depot = yes (node 17)
Tour length = 34.63995332216343570
Tour sequence = 17 5 7 9 15 6 3 11 13 4 12 10 2 16 8 14 1
Tour visit points:
  0.44532600000000000 3.29843999999999982
  0.60094163872972406 1.60526532987245885
  3.37162179806998275 1.14738129575367220
  5.69980958102724777 2.75769268834692705
  6.22348080234952850 2.98832428387418503
  11.50594970264075911 5.70476187692191772
  13.38757695711863605 6.20364121004959745
  12.91211872967790875 7.57426922677733749
  12.57500474713065408 8.54598277265007766
  11.48432427956454660 8.04354585756102480
  8.36756858829280858 6.60777021285113086
  6.00216861917383415 7.09510602719100447
  2.47484050644665432 8.13312344488660166
  2.46306007271821414 8.13659016011225411
  2.29654432872026515 6.53262416291091075
  1.81710356161120834 6.31332611407457200
  1.27174586323798899 6.06387740754072624
