Number of disks = 18
Depot = yes (node 19)
Tour length = 38.07533613113259463
Tour sequence = 19 7 16 18 3 11 8 14 1 2 4 10 15 5 9 17 13 12 6
Tour visit points:
  7.32737000000000016 9.49155999999999977
  8.16046076513082319 9.41288958905282058
  14.96580300152559317 6.83013751144757464
  13.42771703948880990 6.23418286956961243
  12.09385442401872446 5.71735906735554877
  11.67877917581770220 4.91760616120954275
  11.62145368827472147 3.75109562201503799
  11.58627751776642612 3.03523149007392945
  11.68883822320501409 1.53073319248666384
  9.60320435244743464 3.35268994090997863
  9.52752743725090845 3.27604153170862444
  7.68755184362537136 1.10077782946721348
  6.93382346104693337 1.19175293868391874
  2.82698367581287302 2.54822441662730004
  2.75248144255531590 6.07546531888395691
  2.70466086462714239 8.34124271079778268
  2.69508977890371870 8.79583048327891781
  2.68829906657491824 9.11876193797664492
  6.60999879588422701 8.49028863876282180
