Number of disks = 14
Depot = yes (node 15)
Tour length = 38.89672947358494781
Tour sequence = 15 2 13 1 8 4 7 12 14 9 5 11 6 3 10
Tour visit points:
  2.65974999999999984 6.63044999999999973
  1.40886150149303058 6.01561008607157977
  4.46553159612390260 3.42834692233597771
  7.07264661588271704 3.04122223783489165
  7.54934835202047338 2.82830188451128661
  8.02004430372530486 2.61806397858393991
  8.62140294363503834 1.92331181637117887
  9.83877880981904696 3.42739087907418805
  13.26820839128686735 0.70614725112020682
  13.62341193406965978 2.56535247061692218
  14.49361242384719439 7.12011715957562163
  15.58455048039364499 9.65432027658059155
  14.80846742387035064 9.37494897492973855
  12.40070637462217285 8.50821342782076684
  11.97460953300077335 8.42607477170368391
