Number of disks = 16
Depot = yes (node 17)
Tour length = 43.49041002134684675
Tour sequence = 17 1 2 16 13 5 15 9 4 14 3 7 12 8 10 11 6
Tour visit points:
  3.84874999999999989 5.21438999999999986
  14.14343253177677084 1.46928672552949058
  14.06300918564798685 4.09146099136375518
  14.04768696304677000 4.59179611721116476
  13.91394620848413766 8.95902956720127719
  12.48548580744843761 8.20901660538140021
  10.31090958099707144 7.06725624000356500
  4.88647782501608141 9.43463121998928855
  3.06517422464029643 9.35691844720051691
  2.76332443980042042 8.13597735021317980
  1.65595724777606845 7.76791183194937673
  0.54858659637744966 7.39983044388364153
  1.97374269122258506 6.07165109195191377
  1.48129845773301727 4.41042506296503678
  1.01207930077871211 2.82754660589561313
  2.75278647175908997 2.89405103288703103
  3.30823861532777741 4.07003656514056988
