Number of disks = 14
Depot = yes (node 15)
Tour length = 43.03639132076753526
Tour sequence = 15 10 9 7 5 11 6 2 13 3 8 14 4 12 1
Tour visit points:
  14.43650000000000055 1.06417999999999990
  3.52174392350994969 2.39550654047983924
  1.08685164043493510 2.69239040458235035
  1.97961866296812983 3.65252845565442597
  2.87238427949361297 4.61265144701734808
  2.06634962637259134 5.89002668743788416
  0.54707739996315052 7.39312910889532482
  1.65500581766985766 7.76434194507851227
  2.76293599937956591 8.13555669377139701
  3.06512998989057861 9.35688227168948039
  4.88649623292373114 9.43462778600077101
  10.31131797729973520 7.06727077685881699
  12.49865709505571409 8.21109893679167513
  13.92109418045918368 8.95493585758771005
  14.18931533847552728 4.84852573666199671
