Number of disks = 18
Depot = yes (node 19)
Tour length = 40.76139452778243566
Tour sequence = 19 1 9 17 4 12 18 6 8 11 10 16 5 3 15 13 7 2 14
Tour visit points:
  13.25820000000000043 7.65617999999999999
  13.57317151696619462 8.75527527875143186
  11.28940104611887030 8.43590359857279637
  10.45101570215432396 8.31866614406443006
  5.71854626784777054 8.72758207998161062
  0.61910512305056320 9.40190350620179061
  0.56515046893738519 8.01310307196411920
  0.51118387054289061 6.62442205511564364
  1.09535673102710751 4.22163900768759781
  1.22911113767001834 3.67155020859900239
  2.49794150111522617 1.92751057906246714
  3.91465066365560599 3.42059217122202908
  6.49960674209958178 1.33537506936773398
  6.79673077550755966 1.00495148969894177
  7.09376504199225000 0.67456396824320686
  10.01170066625249433 0.89319455773958345
  12.09342630868566637 1.04917181084274946
  14.11440408643675681 5.33667296655699364
  14.14371503153377674 6.24426759425416211
