Number of disks = 12
Depot = yes (node 13)
Tour length = 38.75470251962087076
Tour sequence = 13 8 2 11 4 3 10 9 6 12 5 1 7
Tour visit points:
  15.16649999999999920 0.58778600000000003
  14.94134404949921091 4.38634633258932549
  15.24301321025493294 6.01729672137043714
  12.28690132182458328 8.22030381571663327
  6.02404399989850603 7.42436708863253614
  4.43354670317657540 8.78750267980728239
  2.90078875761766941 9.26766786806022758
  1.78085613230682216 7.79059885187055645
  3.37706193016219691 5.04852751246081066
  3.52081132168005162 4.08939676431038990
  3.84607742798227203 1.91828122080279440
  4.74573320066340276 1.81254304718956272
  14.07791831398408000 0.71572745738626176
