Number of disks = 12
Depot = yes (node 13)
Tour length = 38.39245479064393152
Tour sequence = 13 12 10 7 6 11 9 1 5 4 8 2 3
Tour visit points:
  11.13219999999999921 9.24802000000000035
  10.05427236059199103 6.45134364809464333
  10.54316447334127815 5.96462661456487098
  13.89403862989570726 2.62866230232985032
  14.56410885257410293 0.85075768775936689
  7.37769382030307330 4.18715692652696703
  6.41026309828104157 2.49300260100080306
  3.26670661837941534 3.80470189575996054
  1.95313138579460488 4.60943451872590249
  2.03562001279867388 6.09715536067972952
  3.15884608433547376 7.83739573649935117
  3.19836136146244687 9.58964797484541620
  7.29728386200903589 9.48063486130181765
