Number of disks = 18
Depot = yes (node 19)
Tour length = 44.13041891929681526
Tour sequence = 19 3 9 17 16 10 18 15 11 7 6 1 5 14 8 2 12 13 4
Tour visit points:
  4.72475000000000023 4.76973999999999965
  2.68526712413847557 8.87615108689801779
  4.15484504099897833 8.58384808617832995
  8.19934162542604383 7.77938683614080873
  8.97388084190364843 8.67408259246938940
  13.60231201316617522 9.18323104299752124
  15.58350834982712207 9.40117163931383537
  14.34989982283703824 6.72887327288310644
  14.00304180252389585 5.97749381201827923
  13.89741864877678346 2.73898815031313303
  13.50463928601804220 2.25116062618131307
  13.58984996807447132 1.09307085337963605
  12.98796244872323058 0.96520367728126477
  7.37909049567640274 1.38850945960007066
  4.47208670775570560 1.60724407366497357
  1.95867458984715070 1.79612070098280552
  1.13911013211213730 1.85765491187700138
  3.02789716397210285 3.06685118534995116
  4.53461614851563333 4.03144724189960613
