Number of disks = 14
Depot = yes (node 15)
Tour length = 35.66988122481461687
Tour sequence = 15 12 3 10 2 14 4 9 7 8 1 6 11 5 13
Tour visit points:
  15.75100000000000122 7.55820999999999987
  12.98834806158184385 7.00075545507240893
  12.51439011792529499 6.90509180724170601
  11.15653064539273842 7.89013869264696233
  11.06837660789719102 9.60141766725562462
  10.25804035745581189 9.48550418804880735
  9.44769666732422664 9.36963070833863654
  8.26640858126014955 9.20071951110539565
  8.34060142668336191 7.37683131857284291
  4.43905508232948343 5.40417461609859817
  2.90965039278564408 4.63089395008087834
  8.99624541883085804 3.39767825340494056
  9.98762815422321815 3.95771740068505595
  11.17499308357598053 3.37024219617488097
  15.51721836890828854 2.44209947473065725
