Number of disks = 14
Depot = yes (node 15)
Tour length = 39.13750371115953897
Tour sequence = 15 3 6 10 2 9 12 1 5 11 13 8 7 4 14
Tour visit points:
  6.34443000000000001 8.35718999999999923
  6.49602378357037491 9.42996199121258627
  10.03883019384664266 7.58517795454137733
  11.76947039705169651 8.47379631768020225
  14.81155966062978457 8.43488185439999683
  14.55759223067589048 6.65930057936676789
  14.09510258618268885 3.42582355087601664
  9.68935230896049760 2.44781721430874688
  8.89620960636334068 4.01690135795466308
  6.57456416196548421 4.39004906856226373
  6.05535314913325617 5.23014627025202650
  3.69912180139252689 4.26243026606438313
  1.14372881655360503 3.21292766888358416
  3.18809307961702748 8.50974482045345937
  5.57626974774060447 7.83040430357383777
