Number of disks = 14
Depot = yes (node 15)
Tour length = 38.90068494255433507
Tour sequence = 15 11 10 14 2 9 6 7 13 1 4 5 12 8 3
Tour visit points:
  3.72033000000000014 6.38234000000000012
  8.38805753689892875 6.16688705269358017
  10.50298704024316443 8.26276982847265273
  13.34133563167623748 5.03065844667963713
  15.08903053555973095 3.04036363943516363
  11.68052554515253760 3.29209054765463272
  9.80210396810254103 3.43042799427823786
  6.59760846761665842 3.66642484312635997
  4.37786491784206788 3.81807297084127972
  3.40361763363738667 2.39387648038563539
  2.42937034945001296 0.96967998992998783
  0.63630534535125882 3.59311847852423361
  0.79354142136511141 4.52592007453687550
  0.95077749737894401 5.45872167054805413
  0.69072351623416617 7.31179709002174238
