Number of disks = 14
Depot = yes (node 15)
Tour length = 39.66023337249610137
Tour sequence = 15 9 6 1 14 5 10 4 2 11 12 13 8 7 3
Tour visit points:
  8.54762000000000022 8.42097000000000051
  9.51974458018423597 8.35040663688285356
  10.72598151896431062 9.00293258115920914
  11.56886334062579103 4.14079948006031362
  13.29109077266984151 0.96077197254479052
  9.41198155082362931 2.05320601990719842
  9.11778674351323026 1.91226248549415212
  6.51761730924371196 1.93053003107645149
  4.30541525850344797 0.51744693041409784
  3.20625149708729218 3.47397019541834151
  0.49682396374908683 4.43692061841859342
  0.81597594377912641 6.60331293437489997
  0.49132513084667023 9.08084573694266162
  6.51248624282682531 9.10844487675769265
  8.15775199345929636 9.11598626594261674
