Number of disks = 20
Depot = yes (node 21)
Tour length = 40.83685094476723521
Tour sequence = 21 3 15 7 12 6 9 13 20 19 2 10 16 8 5 14 4 18 17 1 11
Tour visit points:
  6.26728000000000041 9.87457000000000029
  9.97859660827714379 7.58171012106204412
  11.01767885150156445 8.62865192578802187
  11.41258058029097633 8.52329369519686075
  12.21962164671553452 7.76829741091908943
  13.89877111890934636 6.84072507670682484
  14.01656660722360215 3.31335832924706875
  11.90335677678182691 1.88789215990229087
  11.15224530692240279 1.38124979743987275
  10.13310361146530880 4.02262587400371441
  8.69652078418318553 4.49335938789338751
  6.40345317245497281 5.24482329786192647
  6.18093830769287855 4.79339997014956154
  5.95844438209509430 4.34199591780180594
  4.52647541613298188 3.77802654578730746
  3.09450561575764116 3.21405698878038981
  1.23024221161557112 3.09988738908838846
  2.75999540826705125 5.28331660311674511
  2.08991468559714244 8.70763849673915935
  2.99438712206909852 8.45804847629166190
  5.43441851443509272 7.78471951532135442
