Number of disks = 14
Depot = yes (node 15)
Tour length = 36.87349556581202137
Tour sequence = 15 6 1 9 12 10 7 11 5 4 8 14 2 13 3
Tour visit points:
  6.01386000000000021 0.92623699999999987
  7.80277833225570294 1.55550759374091041
  10.80704490101884296 1.06135201099814003
  11.43623140018938678 1.23962721904653650
  9.65461485075709547 3.55133994065888636
  10.08350528672571755 3.88789031196564983
  11.53629560307098423 5.02790407400989370
  12.24215757291645978 6.04143692385392050
  12.94797580064183506 7.05506433802329536
  9.58200825790983757 7.38002962672570195
  7.32892134833029196 8.99156240668743401
  6.66296397263212281 8.50895961019366354
  0.53988870478502227 8.88691546861179660
  2.75942534866178768 2.62264037889692903
  4.20212404748185175 2.27617447179381260
