Number of disks = 12
Depot = yes (node 13)
Tour length = 33.16809343268469945
Tour sequence = 13 1 3 9 4 8 12 11 5 6 2 10 7
Tour visit points:
  11.91099999999999959 1.08279999999999998
  9.59764156915102973 3.35251570475047433
  9.53463411637134328 3.28398435229963814
  7.72501220341558881 1.11380279469826471
  2.82213404102865484 2.55467678881548599
  2.75115506206531224 6.07533707731362238
  2.69644558640466014 8.79812690474481585
  2.69003895376993407 9.12028415630046574
  6.70602295630235279 8.51942372304872642
  8.19623022709824589 9.40593645520948840
  11.30445119417475652 5.88378584972845875
  11.46342394894025851 4.62553253855665503
  11.65353919793907700 3.12069894187698260
