Number of disks = 18
Depot = yes (node 19)
Tour length = 41.54350841158758101
Tour sequence = 19 2 15 13 4 5 9 6 17 3 7 12 16 10 14 8 1 18 11
Tour visit points:
  8.76881999999999984 2.25561999999999996
  12.47775865546144836 1.56328917218775576
  14.57140366108864349 1.17247525710015732
  14.43949161478818155 2.79606533181225325
  14.05960146998964966 7.47179908982765273
  11.97449897802035679 6.64676863412149643
  8.56733603699735369 9.36083174731199286
  6.20753247126069585 8.82250008631001670
  5.50430525340607968 8.66207593846419321
  4.42288518770191974 8.36519584375396441
  3.98437115526629437 8.25887571898659800
  1.88462673379897905 2.92434302654366096
  1.10473978633260028 0.94296970809675951
  1.31288467801205999 1.02796072909168323
  2.49782773886699783 1.51179953231925301
  3.68277152770897542 1.99563835267551171
  4.83947673515976451 1.58567561221984632
  6.59556043279532656 3.87781812796738601
  8.11312738703189318 3.85489237455177847
