Number of disks = 20
Depot = yes (node 21)
Tour length = 44.35746356393657663
Tour sequence = 21 17 13 14 5 9 1 18 2 4 6 20 3 7 19 11 8 10 15 16 12
Tour visit points:
  14.24559999999999960 5.74328000000000038
  14.63909635102763573 6.97845969322878190
  13.49114675975047817 7.46210370588193417
  12.71888645643101512 6.41678996408861213
  7.77605314131255465 9.11870434882324155
  6.09639000224763983 9.24715740927374341
  0.85701086872380827 9.64784150171014510
  1.54665441367716716 7.68125056830477515
  1.44730786445562076 6.17010757492627970
  1.36615949216026777 2.40495449377624793
  0.96181623520368298 1.26526471817131902
  0.78453178621303066 0.76556731896123975
  3.61100110849769518 1.69278258752131450
  5.46633869979670184 2.30142083787223450
  7.31057280624249373 2.18883445666120968
  8.06278501803397596 3.80011924425344416
  8.36884653384068677 4.42017753613110642
  9.78768899301693907 3.39149941716599601
  13.42308206624379885 3.13846310485939384
  14.69154840945348184 3.05017332730146906
  14.76205781417064955 5.28560926350953775
