Number of disks = 12
Depot = yes (node 13)
Tour length = 35.07795828864283294
Tour sequence = 13 1 2 12 3 10 8 7 11 6 9 5 4
Tour visit points:
  9.22683999999999926 1.42429999999999990
  3.63937191041608266 3.33686177897017533
  0.51349667040309199 4.40691622706827513
  0.87127446164792133 5.58334734576063418
  0.82594402287375113 6.69874002897307719
  0.76237984571636586 8.26297560095682293
  2.40715958845209643 7.37970785154739506
  8.46542128334425925 7.35600873102948682
  10.01284727113933393 7.46605986898164797
  10.97676815291447561 7.53461280207462991
  11.38065631344217188 7.35380689261091636
  12.54003085123041039 6.37767155826444032
  13.32111060647653566 0.99499656666334235
