Number of disks = 20
Depot = yes (node 21)
Tour length = 43.45348057563202104
Tour sequence = 21 17 2 12 1 7 6 4 18 3 15 5 13 16 10 20 14 19 9 8 11
Tour visit points:
  13.91789999999999949 1.16854999999999998
  15.52361726159622712 0.45775043376755153
  14.06191800660216984 2.26813035937460317
  11.90494181166593002 4.93964188269197102
  12.09211531530665162 6.15966297039333988
  13.10421307830039872 8.75289034899688190
  12.66947312208674070 9.04200585001053625
  12.50321535661185024 9.15257051374888597
  10.33095496804641122 7.41543904422950106
  8.52577527054795681 8.52193143858784197
  7.49727685592159609 8.11549853336352811
  3.21871450002349713 8.51919322049396044
  1.80173407774023642 8.02057625637467630
  2.73595816308580719 7.48807684999488110
  3.67019037561945005 6.95556989825640581
  3.97190333257084971 6.50718794856113458
  4.42287719465164564 5.67588353875324447
  3.15786691432810329 1.05563454225056264
  9.85220269654239544 2.15027008576269596
  10.54247682802910546 1.98359363547884193
  12.23018841401455248 1.57607181773942107
