Number of disks = 14
Depot = yes (node 15)
Tour length = 33.38241059514892584
Tour sequence = 15 5 11 4 2 8 9 6 12 14 7 10 3 1 13
Tour visit points:
  6.84004999999999974 2.21625000000000005
  6.06135647684583123 1.78352454265375249
  5.76670965487412523 1.61978724188101153
  0.57167211761373082 3.37048066499340893
  7.47271938344552655 4.96743313259203045
  10.19888255974255031 5.59828579192212672
  11.98320491208115257 6.93295442672678774
  13.10868636541665744 7.35339346438178687
  14.23440691874726660 7.77370145621029618
  14.32812650969246526 7.33791785272420949
  14.59386091157634624 6.10297968871952268
  14.85960543071069395 4.86806342343702525
  13.11091085470794404 3.92811100917485234
  10.65978478509163629 2.12424273262360019
  7.43821445027260530 1.55991698988187633
