Number of disks = 16
Depot = yes (node 17)
Tour length = 38.11410949404199044
Tour sequence = 17 3 15 7 12 6 9 13 2 10 16 8 5 14 4 1 11
Tour visit points:
  6.26728000000000041 9.87457000000000029
  9.97859660702079765 7.58171012091325736
  11.01767883509600487 8.62865192134955095
  11.41258071851759581 8.52329361852925516
  12.21962701083242209 7.76829351301767179
  13.89882728245757271 6.84063344130572037
  14.01813119782437056 3.31639764142476023
  11.84235208007288875 1.89303883265713213
  8.93469169357793014 3.99142066097061443
  6.37622431061482509 5.23429930338015037
  6.16569522632828981 4.78662521565959231
  5.95512580348361809 4.33891332020853326
  4.52800952734314599 3.77717137727316210
  3.10089491875124423 3.21542978124183998
  1.19925941512088596 3.14843477078687473
  3.18417284405704448 8.50781091413651858
  5.44258060753636563 7.78868323048694222
