Number of disks = 14
Depot = yes (node 15)
Tour length = 34.16342441990518353
Tour sequence = 15 3 1 5 13 14 2 6 11 9 12 7 4 8 10
Tour visit points:
  4.04358000000000040 1.44474999999999998
  2.88219177527943149 1.26910647069995153
  0.43404406690876290 0.89885878384232709
  2.20713430315205938 4.22823930666684333
  8.20196144643956693 9.14921529600707117
  11.02838656160635189 8.75891595175577642
  12.43035907715385058 8.35414021625230241
  11.64712447016906971 7.17638387077415008
  9.73630009821173736 5.22833264741974002
  10.64481222921481063 2.97622119228338455
  9.86936736138733473 2.00831229476602324
  9.09382729284812008 1.04052926902385368
  8.76941823614058258 0.63576416985251982
  7.25572299645600083 1.59742996173749829
  6.88059641690242252 1.83574942605653413
