Number of disks = 18
Depot = yes (node 19)
Tour length = 42.09652332536030883
Tour sequence = 19 12 15 5 9 1 16 13 6 14 10 2 3 17 18 4 7 8 11
Tour visit points:
  3.16269000000000000 1.55889000000000011
  4.39271889596833187 3.63214646275535769
  6.19350270424422789 3.48496377214448438
  9.22330678917521674 2.42771325939050975
  9.51342877799755016 4.03828995784917932
  10.27565593140626099 4.04442996167788493
  14.16002359210703609 3.48461579297014712
  14.58086591636510221 6.67232783636938986
  14.81329271809919845 8.43286813887680964
  11.76333625090362389 8.47239564226314457
  9.83383068916514880 7.54186318962517621
  9.31878369394085659 7.33058444497838213
  7.48353543246709219 6.57774256378406097
  6.43984061085116011 6.14960584278156208
  6.15115430357802406 7.41259765945271010
  6.07010220040390713 8.43586519719397998
  5.98905009722979376 9.45913273493524720
  3.31179340475091166 8.59706088297813764
  1.27371285160058312 2.99649865820677253
