Number of disks = 14
Depot = yes (node 15)
Tour length = 42.16270732929908149
Tour sequence = 15 14 8 10 6 13 3 9 5 11 7 2 12 1 4
Tour visit points:
  11.90080000000000027 6.15223000000000031
  14.88416294042841059 7.94141952800016249
  14.68543375651418614 2.59764805439698465
  14.63422543991297076 1.22067010032493362
  8.29111891651068511 3.77887575825428979
  6.49059541238889981 3.84075600684079399
  4.16040289914742534 2.59794310745031831
  2.51535830724940501 1.72096049331713630
  1.29130349318008419 1.06864226335802281
  1.08683732472285977 0.95979764545459434
  1.87241744621985284 2.93729946371730799
  3.98757971707199621 8.26169613869198827
  5.50270017418372515 8.66167556476722211
  6.20629837328034473 8.82455982406272099
  8.54597640138590364 9.36619953146299267
