Number of disks = 18
Depot = yes (node 19)
Tour length = 37.85474613367750152
Tour sequence = 19 12 18 9 8 13 11 17 15 6 14 4 2 1 7 10 3 16 5
Tour visit points:
  15.82269999999999932 2.04626999999999981
  15.64843254807791517 1.68617730930786669
  10.98270608114908953 1.18072230998512318
  10.18117646241983998 0.83866995671238687
  9.79722923127152967 0.86998533154068702
  9.32192470330725875 0.90898123957445875
  7.34273038384118504 1.07137084120036330
  6.53286552029177692 1.82174056357751346
  5.23028344301611003 2.66751537204368727
  4.28982806375069892 2.45810802448289412
  3.22020906186463085 6.39612057769071018
  7.35193505961238802 8.41849215912174387
  9.20069140031542432 8.75688646026277695
  10.23573164967239357 8.94624898162911109
  11.27078127785805606 9.13559731296436084
  9.12791457644194004 5.89067972991673550
  8.56660937038484427 5.04070054169067827
  10.95487027821187098 4.05511731844901036
  15.18301268258497494 2.31025502529438764
