Number of disks = 20
Depot = yes (node 21)
Tour length = 39.73636100295866669
Tour sequence = 21 5 18 8 6 3 10 15 16 11 2 1 9 12 4 14 20 17 13 7 19
Tour visit points:
  6.41718999999999973 3.49802999999999997
  4.85902192323503357 3.34029694263617216
  0.52153316651341397 3.02221714217633908
  0.65769558702407949 4.40394477136994222
  0.79384322947035790 5.78565646742670214
  1.29174537744856255 5.87283638177498890
  6.43203606781866366 6.77287277578968183
  9.17438552962498122 6.31151701724795178
  9.58266194877112198 8.00590684373859318
  9.82157330901238801 8.58243339934071336
  10.21688641032268308 9.53637705043029094
  13.12784717888868968 9.07054833389556769
  13.35434037256593598 9.03430613084485756
  13.50681105110310121 5.82265569842310082
  13.45170523085925218 4.20923232003495240
  12.85201475536582372 4.14873326152366317
  11.96396015220657816 3.59685784345432591
  11.07586198096125507 3.04494765566574710
  9.27904334498960637 1.22806280985829019
  6.50814008928032184 0.61965953967456544
  5.96484166985096120 2.30795688109975172
