Number of disks = 18
Depot = yes (node 19)
Tour length = 35.10206601638593327
Tour sequence = 19 3 13 15 1 10 8 16 18 6 9 17 11 5 12 2 4 14 7
Tour visit points:
  2.21491000000000016 6.34266000000000041
  4.90761715803692500 7.33097826496937355
  8.40018605708347366 7.45820470963048798
  8.27990264624351013 9.21766860054501258
  8.88707906565834982 9.34143877127812949
  9.97277323108576930 9.47561465891669386
  11.05846739899884845 9.60979054439909142
  11.08894758988213169 7.98585943501844486
  13.17473250893134740 7.72348874304892341
  15.26051699482679780 7.46112023928206813
  12.68526045629671728 6.00036848736861028
  10.43069071095096056 4.25411223271849259
  10.52287378891618452 3.00814514530132282
  9.67629155688036668 1.52240567353840706
  8.84238434271861706 2.46098300090793343
  7.60028369075127586 2.61220495853316503
  5.23018450576351857 4.37330059745071775
  3.84200902075826267 4.97708331649950875
  2.70174607998685934 4.97304213050128840
