Number of disks = 16
Depot = yes (node 17)
Tour length = 38.27540612444568779
Tour sequence = 17 15 1 5 3 13 14 4 10 6 2 16 7 11 9 8 12
Tour visit points:
  0.02002010000000000 5.63584999999999958
  2.31135704227855410 6.98908957814232235
  2.76548314394636519 7.70949751478243517
  3.05435829866509279 8.16772057734466195
  5.48060459511721731 8.47525417077649834
  8.61823687615546774 6.19922018068010416
  9.96512471291382873 6.44111258750812699
  13.01566940502354619 6.98899575892462988
  15.35425486539761231 4.64776515860597872
  11.40926806912857572 4.63705596384223107
  9.53203893334814367 4.32920450059401762
  7.50782243868787713 3.11767638498369237
  4.67236125365861810 0.61169580967855564
  2.19199259371971689 0.45635725663016835
  1.88816893586664047 1.48524289475130966
  1.02943448180776165 3.39452487803817649
  0.58613699081633586 4.00957905043985274
