Number of disks = 16
Depot = yes (node 17)
Tour length = 35.57983571066721851
Tour sequence = 17 13 8 12 1 7 5 4 3 9 2 15 11 10 16 14 6
Tour visit points:
  1.75005000000000011 9.07437000000000005
  1.10558997606949561 9.35476466716195532
  1.56802818127637167 6.88835751905578775
  1.97773236414584863 5.74696833685262742
  2.75029780042498206 5.14530111938938894
  1.93742194187384609 4.31004301205644857
  0.92497094258862134 3.41128661090115459
  1.57027943684485582 1.15979364476721547
  10.73438470686325452 1.32642575973071342
  11.10893937522991948 2.08625971799333820
  10.97623621177223541 4.35110551621264641
  11.15120918013423967 5.23693956075168821
  10.92636820388529451 5.66180935230651716
  10.70405970474448054 6.14289680282726724
  10.48175410999357915 6.62398046129198104
  7.40085866710979889 9.20026112038354071
  4.88347209097029289 7.47183157226377137
