Number of disks = 16
Depot = yes (node 17)
Tour length = 41.86494634207249277
Tour sequence = 17 8 6 12 9 10 7 3 1 14 11 16 4 2 15 5 13
Tour visit points:
  5.95378999999999969 3.88623000000000030
  6.21164530963435713 3.95382752112368063
  7.16902497181518772 4.59611447609071444
  13.46126391326880345 4.21916951278818608
  13.11487040177107843 9.08409015003198128
  10.20129669957131568 9.52802278851996043
  9.42669970094430809 8.00722184602152964
  5.28128702977999076 7.86760548057176567
  1.13587435861503527 7.72798911512141906
  0.92650681427870030 6.09826431219282572
  0.93852654137776659 5.43243965326279099
  0.95054626851296531 4.76661499425449886
  2.95040821428263023 2.99932056643437450
  3.08006889678068019 0.94770181877286630
  5.91130383186723130 0.54549749891781207
  7.32358666937561154 0.34493593950596252
  5.40113634260303677 2.87895717297555898
