Number of disks = 12
Depot = yes (node 13)
Tour length = 36.15156188792557401
Tour sequence = 13 7 11 10 3 5 4 1 2 12 8 9 6
Tour visit points:
  0.43946700000000000 9.94628999999999941
  4.90462932555443132 8.92541023259506794
  9.20480152506768867 7.77346750186836655
  12.96454662071384512 6.76629596748033002
  12.98903539290425968 6.24927933600710439
  13.11024153292407846 1.57576389630714120
  10.61278174535670082 1.48685735634612026
  9.20294865108129478 1.00335255293709702
  8.35692572124463773 1.46194942498016656
  4.37800209295842269 1.81645130984610259
  4.10693423299968430 3.19353618975522835
  2.12271978186645960 6.84583440551064282
  1.55662684751708857 7.88854529493405288
