Number of disks = 14
Depot = yes (node 15)
Tour length = 34.98396948273934726
Tour sequence = 15 8 1 12 13 3 4 7 9 6 2 11 10 14 5
Tour visit points:
  9.75420000000000087 9.56113999999999997
  7.81351701656106812 8.41489290802933176
  1.39605190714902427 8.31760556675562057
  0.59340424849152396 7.10768800512913312
  1.32426947583819721 6.24255420970101671
  2.05513434765449743 5.37742082571826696
  3.83939132662591431 3.35852036554136824
  7.64544607095725137 3.35006412015841315
  7.99024999873436492 3.34926375517908426
  10.36143090731904337 1.58213395152143343
  10.25917434065459943 2.76408302439290887
  10.17104696537067454 3.78279520611050035
  11.25099901931991653 4.88309431653278736
  13.67227987488645091 5.39512063377442086
  14.22808201294563801 5.60280882583764939
