Number of disks = 20
Depot = yes (node 21)
Tour length = 44.57732556656652179
Tour sequence = 21 9 13 17 4 11 1 2 12 18 6 19 8 20 7 16 15 10 14 3 5
Tour visit points:
  6.31904000000000021 4.81887000000000043
  5.04391689833116974 4.38486016029718861
  4.52270308242469010 3.46217203138661489
  3.91643696729472923 2.38891854055528707
  2.51521406622854027 1.07374566291544826
  2.06323483358223303 1.65533361428543557
  0.88122995555186845 6.02126422883497447
  0.47966160781346717 7.50452337252523538
  2.34033040035829876 8.68269919920182964
  3.96712789184615522 8.07887411878179229
  5.59392538332869460 7.47504903836239709
  13.79678278920054169 8.41897611556776226
  15.22011640037745472 6.46709194747414440
  13.88379905266723213 5.75346875695179261
  13.27012320386107547 4.34598511127712417
  13.87530785768209540 2.66007949794886978
  13.50063538044536315 2.23887873489434286
  13.58270500042590179 1.08331044346744698
  13.11220284930352342 0.95800871522707620
  12.08843039616854753 1.69744172900852530
  10.76686226292242310 0.82547749665762404
