Number of disks = 12
Depot = yes (node 13)
Tour length = 35.30112436017975597
Tour sequence = 13 3 8 2 10 12 9 7 11 6 4 1 5
Tour visit points:
  11.35040000000000049 7.78465999999999969
  10.00690781832179432 7.85936803141689211
  6.13923967782237856 8.07441406983899768
  4.77016506326624867 8.15053566118965378
  0.48721853638064999 6.41411958995029430
  1.77733730202332096 4.22296868326190289
  6.40539019590674474 1.93937055007118686
  7.17995021056423344 1.55718348966065823
  12.12942157234776630 1.07174172299780923
  14.10588874704832030 5.29279002973342205
  13.75515970231843710 7.71123501132114164
  13.71859121896804723 8.18635654212072161
  13.68199939354356864 8.66149293872548753
