Number of disks = 16
Depot = yes (node 17)
Tour length = 36.05710195766211257
Tour sequence = 17 15 6 8 9 13 16 1 2 7 11 14 4 3 12 5 10
Tour visit points:
  9.93927000000000049 9.46104000000000056
  11.27967024590939893 9.12259865279994386
  11.16413408634298499 7.87556545637105110
  12.42525774630924573 7.10321094993181301
  15.35752045142165301 2.22959481442632201
  14.57910837401933968 2.00715224709985041
  10.32773542401037759 0.79226062206559045
  10.57215963264832581 2.65768600216237427
  9.50597526336849086 3.15648421050380623
  9.57943365403011171 4.15034155134105998
  8.16162209933591143 4.39930653907634017
  4.29889721104816669 2.45249879648604630
  4.36820136123378866 5.20373000802564523
  8.30056609022239122 7.29091933966838823
  7.67785275733958894 8.76162459352240219
  8.08771479228583701 9.06479312160806572
  9.01349239614291875 9.26291656080403314
