Number of disks = 18
Depot = yes (node 19)
Tour length = 38.63875655516782359
Tour sequence = 19 14 13 6 4 15 11 5 9 3 8 7 1 12 16 2 17 10 18
Tour visit points:
  13.63230000000000075 3.31613999999999987
  13.46129954050412358 1.73815658001389073
  7.00225723016246437 0.61195335902107717
  6.45419064603492565 1.68999661743079921
  5.65975582774184094 3.25264452146072713
  4.55863466891037206 3.33383142097165930
  3.29410348073067771 5.92028442119660170
  0.99111010354045925 5.86552248951657607
  2.32403333765940179 8.11162565736266927
  3.29735828164275446 8.48863968283426118
  3.51903124006180779 8.99835867748561569
  5.64388845829435670 9.21812327156974831
  8.35118646576490242 9.49813003015990809
  9.30868208946826137 6.59995184426495740
  10.98938356400889305 6.10758926133587554
  13.87628507633963793 5.96981111872331383
  14.87819437389708099 5.88376753563461641
  13.95746950693688504 4.81690690215766182
  13.10470091938267068 4.14375277929640706
