Number of disks = 20
Depot = yes (node 21)
Tour length = 44.16660003847557192
Tour sequence = 21 3 1 7 2 6 8 9 18 16 5 19 4 12 14 15 17 11 20 10 13
Tour visit points:
  10.90659999999999918 5.61448999999999998
  13.10412124319333493 6.89473043540241104
  14.85228221937113169 5.96805095073925607
  14.06077240993147193 4.95535784744981633
  12.99009052267583009 3.90028577237211938
  12.42957638044546442 3.13491124449788661
  11.95441207575127862 0.87886918944446912
  10.22803140825532076 0.72382257310033249
  6.59194715204128467 3.35333187279041045
  5.34679235756092552 0.55997244326662332
  0.68633530836450118 0.41157218686593122
  0.91314772169884051 2.72113794235336171
  2.56575668230623011 5.22300127962712324
  4.21836565260474483 7.72486461618871978
  4.37981642779562907 7.96928284657147046
  7.15106020976992429 7.02784785073749951
  7.59203243305389996 6.76376906816948242
  8.38431675187890590 7.39197525262717026
  9.57966196011632221 8.33967393740967466
  10.71056991554885407 9.23627301869818851
  10.84362276590379182 6.02086889992864815
