Number of disks = 14
Depot = yes (node 15)
Tour length = 37.77634542110237703
Tour sequence = 15 2 5 9 13 3 10 7 14 6 12 1 8 4 11
Tour visit points:
  9.87091000000000030 2.64991999999999983
  12.11702687280743618 1.79404327689564802
  13.83235619995125099 1.14042191179889452
  15.54768554215493026 0.48680056354328566
  13.14564866521069497 5.15042241251119037
  11.60831966694943418 5.27347838889826459
  10.13881735237286286 6.46903447622984995
  7.47383646380421673 7.12934219187940688
  6.08621988421018045 7.31701133365534861
  4.87134950727777749 6.23087838313456377
  4.33248139918756170 6.55115481910022002
  3.79361310137399155 6.87143134634102459
  2.71208050042563542 7.27921972416303564
  1.63054753660616214 7.68700778861680867
  3.05575545734647935 1.14228219036044432
