Number of disks = 20
Depot = yes (node 21)
Tour length = 39.75219780726365570
Tour sequence = 21 5 15 14 3 18 10 2 20 7 16 1 17 12 13 4 8 19 11 9 6
Tour visit points:
  2.03570999999999991 0.65736899999999998
  1.37198156319792375 4.65417728104179584
  1.13727713472743197 6.06750922720304864
  0.59394515520269664 7.06156659467485337
  1.39801968420327771 8.31868659869834914
  6.06986957337100819 8.35348931048663879
  7.85664940341854035 8.42499299902100951
  9.71081177612021129 9.06302609532702697
  14.79478069421162800 6.25129668724954346
  14.41254354137656613 5.90617125342095761
  13.61851192956870982 5.37609681852213317
  12.82881474983149417 5.21149658042049424
  12.03945087061388897 5.04704601592208668
  11.25024329768024245 4.88268077367506681
  10.17160606786686827 3.78435970086705131
  10.26713981239777773 2.76063654216523258
  10.37634359038129261 1.59011574072082573
  8.58835369431396778 3.14186316740733318
  8.10523038282227937 3.32550980979668376
  7.97813482230053506 3.30091331461637250
  3.86850385331741675 2.46163678013732623
