Number of disks = 12
Depot = yes (node 13)
Tour length = 40.70110232119834137
Tour sequence = 13 1 10 12 11 4 8 7 5 3 9 2 6
Tour visit points:
  14.58489999999999931 6.14703999999999962
  11.57748559810836042 0.92784448741070413
  8.43182444315475266 4.07499252802641010
  7.51738717661480926 4.51675440997266531
  6.22633272388630132 3.37385798114671909
  4.65866407131374949 2.18081937882752941
  1.59554360441290299 1.14514717909597219
  1.97999574406845724 3.31263885312148387
  1.97342686008046186 8.24994931674414822
  5.07204977609077989 6.19099392225345824
  9.97500719305537942 8.61379717207399231
  10.69863243151680088 9.26551260315491909
  13.13824765819049745 7.30788279188826095
