Number of disks = 16
Depot = yes (node 17)
Tour length = 37.18823593940114591
Tour sequence = 17 9 3 11 15 14 16 7 1 10 5 12 6 13 8 2 4
Tour visit points:
  10.26149999999999984 0.34516400000000003
  11.07002142205384843 1.21245881271418221
  15.48405871547485368 1.49033064642394497
  13.33411917509353017 4.44813166614210864
  13.77845658856317534 6.29242324825238963
  13.21246911783278755 6.83360199106583277
  10.89343351659416115 5.01907873293882734
  10.34958718568212177 4.59358805368780665
  8.79596836229215029 4.95610405059469539
  7.48116363413776320 5.21806378620373579
  2.91949250503122304 6.12692434901930039
  0.54665063738041153 3.55287026425356078
  5.10082760044094385 2.70969508080104271
  6.19094740372902930 1.75351112453430802
  6.65288956771324713 1.75260037734703600
  7.38236484739405707 1.05179343599084762
  9.12905180122829485 0.62310205763602666
