Number of disks = 12
Depot = yes (node 13)
Tour length = 36.95795716568130729
Tour sequence = 13 11 4 1 5 7 2 6 9 12 10 8 3
Tour visit points:
  2.82527999999999979 3.74248000000000003
  2.29841747342706793 5.94686408833022551
  1.38144424910682373 6.50586622610505483
  1.86460034963474630 7.26945328083341824
  2.34773728151387839 8.03302974900331712
  11.42110126477422405 8.05561843845370973
  14.73525420719333390 6.20759590200263389
  13.32931295455658649 5.98649775327819000
  11.48048097788875666 5.69575066381334683
  5.71160691005760235 2.76450393185753862
  3.36875631053522051 1.14672967233566747
  0.63594317344513662 1.56325374452141275
  0.83609635652044090 2.98651287956176725
