Number of disks = 14
Depot = yes (node 15)
Tour length = 39.12638852968610337
Tour sequence = 15 4 3 7 1 2 13 11 9 12 6 5 14 10 8
Tour visit points:
  3.03915999999999986 3.35948000000000002
  1.98068049190889672 4.54680522593120529
  2.03703799299721844 6.10158775997259895
  3.15894193629560949 7.83770760647106091
  3.19978335684667137 9.59100710267764001
  7.12257421102295485 9.52038896468536855
  9.50490008300690548 7.11727677785729540
  9.90100811552512816 6.71771679702566260
  10.12479783604369565 6.53567662108174652
  13.43135843494604131 7.85224095536075328
  14.18084413300326041 3.38214109483634573
  14.60016739322696999 0.88119592668631630
  9.28961998486718521 3.31139568637518389
  7.37662272059504431 4.18681674939045312
  6.38023053336630408 2.48168382655621755
