Number of disks = 20
Depot = yes (node 21)
Tour length = 41.92631466637170234
Tour sequence = 21 18 2 20 16 1 11 7 12 6 10 15 5 4 19 17 13 3 9 8 14
Tour visit points:
  6.91476000000000024 9.31546999999999947
  4.76020152447412137 7.76745501244444014
  0.54345537266881738 9.42018805472515197
  3.26315237376491263 4.92083823980739421
  4.47760362862902106 5.10724593308971908
  5.80318155766214794 4.95084182070599077
  6.22479923877072228 3.46206883865986104
  6.46620513373700057 2.60963573235557877
  8.25867541417972006 1.21380748275451489
  8.83183647766793989 0.87490114623419246
  8.88366281150093862 0.96071278513938296
  9.34078603661940576 2.65672560192145690
  9.84596602879739713 4.53103117286502233
  11.40414851412814912 3.78335587617441682
  13.67263541753288791 2.77208236177011136
  13.73076394480779250 2.92781205189045535
  13.95952511809497665 3.54133098390303580
  14.32272769268246648 4.51582929330601868
  14.92866911187963375 6.14162719544576241
  14.62466645813464794 8.26207065365033699
  12.41933302772993564 8.83617227232146085
