Number of disks = 20
Depot = yes (node 21)
Tour length = 35.92506959136779443
Tour sequence = 21 10 4 18 7 16 14 12 20 3 2 8 9 13 5 19 17 1 15 11 6
Tour visit points:
  9.15848000000000084 3.61338999999999988
  11.01224705608255228 3.52497575459477019
  11.61452119067184441 3.74139190743339656
  11.60992775420853285 4.25109315125892007
  11.60533431774187996 4.76079439507967894
  12.84213662766651787 5.19506164897752321
  13.64548316020879426 5.78287574264707072
  14.97198253943115809 6.75348431484422207
  11.10412568928616928 8.02173818821452400
  8.28733037506776604 9.40008609446313770
  6.71440402840147854 8.52099686175605342
  2.71875548926930621 9.14761821866509273
  2.75524806086742746 8.95186887825982680
  2.84584239281738105 8.46485628568695425
  3.15951825464985658 6.77857870736322976
  3.97546482305903170 5.73412100135178626
  2.94099605087679628 4.82576286454531989
  2.86624467795359683 2.48599088842710625
  3.26500465953454455 2.23568545432641619
  6.92968052849906435 1.19265906756424789
  7.65530677625399036 1.08678409042692792
