Number of disks = 20
Depot = yes (node 21)
Tour length = 43.64125940299885542
Tour sequence = 21 15 6 12 3 19 20 16 1 8 14 4 5 9 7 13 18 11 2 17 10
Tour visit points:
  7.19552999999999976 8.89339999999999975
  8.33136732846122463 5.41200672868361465
  9.18789003484677025 5.03485766429470960
  10.25765873835317699 4.56372040523547717
  11.76849449705346196 8.91783822129297654
  12.80217936347709085 7.57947944358573089
  13.76967936424775019 6.32677493983002304
  13.33374295862853032 4.45000695130074231
  14.89139441576782552 2.30464645743767171
  15.48349089994830585 1.48911936411952794
  10.97363231156171359 1.17844180328745263
  10.22838232378120971 0.85898488500076697
  10.18087096866618424 0.83862013716537187
  9.32114628204029039 0.90841825875216209
  7.34908003763189832 1.06852357195711667
  6.65135530033545486 1.75322266784939451
  6.19413076359614578 1.75229683611486653
  5.17123984007736492 2.68191486642163346
  4.06622524843827549 2.52887363210545102
  0.55423338456165028 3.52795582537090180
  3.08546987025270303 6.21880001208347988
