Number of disks = 16
Depot = yes (node 17)
Tour length = 41.87428881351818433
Tour sequence = 17 11 1 10 13 2 12 6 15 14 9 8 16 5 7 4 3
Tour visit points:
  6.21210000000000040 1.81218999999999997
  8.94685312919235365 1.42744491807442397
  9.53918488170412182 1.51953616147336734
  11.92091917948815194 1.88982911349934191
  13.65089633986491613 1.09254726631293297
  14.90370350024041635 2.10174161129821924
  14.43154308318349166 8.55478791636025981
  12.33127133870596914 8.33491468309816064
  11.59842298709808617 7.91075628998266733
  8.13001643442950694 5.90331003199301474
  7.50383353382505902 5.43340123333926783
  6.47827908319253254 7.65225081407938301
  4.09402130589887925 8.59909441550597720
  1.12255450209793928 7.39004429469475177
  0.51665664851806370 4.59359080478724824
  2.14530033032253886 2.43433536997725852
  5.84730374629549576 2.61305346185249210
