Number of disks = 18
Depot = yes (node 19)
Tour length = 41.75981905680649930
Tour sequence = 19 7 6 3 18 4 10 14 17 15 11 8 2 9 1 13 16 12 5
Tour visit points:
  13.43110000000000070 3.97656000000000009
  13.13558657684875541 1.60086078820935729
  10.64877174997419651 1.49490047289317163
  9.47273054147573035 0.89633478011625312
  8.95331969396530347 0.63201067508900843
  8.20949105512716137 1.53461267256262168
  4.69252348060943891 2.87659992462425684
  3.75715266836154482 1.85457848081907950
  3.21658810672578088 1.63216750338517125
  0.37642423229162902 0.96660185767455098
  1.74582515818699702 7.29069343825689042
  1.51849606326285680 7.86970588271951321
  0.82715786125693136 9.63054358893906759
  4.86978375673008212 8.93541188323468916
  7.91037183697506219 8.41258157680533003
  9.65264359903973812 7.96975956542738029
  12.59908487041283109 8.12679734738104642
  12.86455213631926853 6.97733198369778673
  13.04032924068635424 6.04631265775162419
