Number of disks = 14
Depot = yes (node 15)
Tour length = 37.93824939131522456
Tour sequence = 15 11 5 13 8 14 2 6 1 4 7 12 10 9 3
Tour visit points:
  11.71230000000000082 4.05590999999999990
  13.12025162637332976 2.91604987178977604
  13.47601908591592057 0.83607140749969711
  15.25071317636141366 3.12857996149763640
  14.98621446696883552 8.75698593230787381
  11.83500608519422315 6.17271589849085967
  10.80975497938113072 7.06991664901085759
  7.98185552836998546 6.22279864310172570
  4.68922646170694257 5.23646755624636384
  2.46733671629789164 3.70943193445322095
  6.68891312248811598 1.52941507836821744
  7.26500819315195567 2.43722061496021647
  7.84110325913458350 3.34502614815781651
  9.23171327999308389 3.69927765833799072
  11.44740533688440642 4.26371502424248128
