Number of disks = 12
Depot = yes (node 13)
Tour length = 36.26394963717153530
Tour sequence = 13 12 7 10 2 3 6 5 8 1 11 4 9
Tour visit points:
  3.39951999999999988 3.21909000000000001
  0.91964710425509510 4.82353193085817544
  0.85779183205153986 5.30572963725922797
  0.79596229128486573 5.78795543323633233
  6.86032470303086583 5.54602873326862600
  9.29810264119634056 7.88931620516247545
  10.19499001821461270 9.52484148324841762
  13.11211824068311493 9.08709664525765959
  13.37427840491693232 4.10036445835716457
  7.61863630560420280 0.57270590796468490
  6.57747269248100608 0.57160093902027787
  6.09137230021365550 3.11876383158270531
  4.74544615010682769 3.16892691579135288
