Number of disks = 20
Depot = yes (node 21)
Tour length = 40.14685151719308465
Tour sequence = 21 20 2 5 12 1 11 13 8 18 19 6 14 7 16 4 17 9 15 10 3
Tour visit points:
  7.41478000000000037 2.14788999999999985
  7.70776324788632472 4.57000476213659290
  5.28933134013084505 4.66872147267698967
  2.87089943146316395 4.76743818526586605
  3.85915797365321511 5.95970209461393807
  5.02968730314190537 7.37186279549303247
  8.40098947690931652 7.45909480369410183
  8.27141354402152729 9.20683134977397799
  9.44711009988185246 9.37284344272198489
  9.67704807626270735 9.40530990651384258
  9.89269817327058831 9.43575766527536430
  11.06802990369563844 9.60170325341980124
  11.15634253040466639 7.89048490844694683
  12.52090263725231445 6.90362939739336046
  12.84475613859251730 6.95955500933309423
  15.41677082770075380 7.18633520872723786
  15.50508782148953557 2.43243383059763341
  11.19054969369491559 3.36453556025658562
  10.12363340001644119 3.98046408632399951
  9.55790105019457314 2.77607684149651845
  9.45420453154594043 1.44328349667828593
