Number of disks = 12
Depot = yes (node 13)
Tour length = 38.25548286227213879
Tour sequence = 13 11 5 1 3 4 12 8 9 10 6 2 7
Tour visit points:
  0.06006040000000000 7.50633000000000017
  1.95866862892194282 6.15286918138541061
  1.95866862954632848 6.15286918018995266
  1.44834229994775909 4.37616441365527375
  1.00593174044244460 2.83530145930509070
  2.94219911051749206 2.96939160649738421
  8.86990030457299028 4.65755736917894314
  10.44011764115185237 6.08010627117287861
  14.24654066253173568 4.95476038382782669
  14.24250096263773635 6.59934048147309227
  13.83411647580918213 9.01688031356715136
  5.09068338213358373 9.43897139927075557
  2.94547901759132014 8.26107946829758610
