Number of disks = 14
Depot = yes (node 15)
Tour length = 36.02935299601000452
Tour sequence = 15 2 8 3 13 6 7 5 9 14 11 1 10 4 12
Tour visit points:
  1.73686999999999991 8.69045000000000023
  1.97888573592706951 3.29715996691865332
  1.95251983977175447 3.13058701730321332
  1.63265628728732359 1.10977123337462125
  1.89263078346674196 1.13646015812779200
  6.26350128419649366 3.40159897903883701
  7.56861407891890714 4.52657816621551756
  9.11066844329935854 4.16868615963656453
  11.59644118854453687 3.59186738178604115
  12.53626889158638846 5.44602545257182324
  13.47608129084790995 7.30003071902635003
  13.32475921276360609 7.84697791711342152
  12.95911361062077205 9.16856889859284152
  10.22433502626594226 8.69903526872698230
  4.81006906593422201 8.94007352950332823
