Number of disks = 20
Depot = yes (node 21)
Tour length = 47.70064283461518073
Tour sequence = 21 11 18 5 13 8 10 20 2 19 16 17 6 7 9 4 1 15 12 14 3
Tour visit points:
  11.55059999999999931 4.75295000000000023
  12.32693661632619531 5.66481886589011907
  13.16473990671167726 6.64844411637084942
  14.96799819871998416 8.76553068447112871
  13.92977379668100291 3.94016708168125884
  13.96198500028810230 3.45451301926282950
  15.23620563072246625 2.88510305324614258
  13.88834865362827742 1.51383740508095399
  13.21801329849035334 0.83186011056504450
  10.56185564601100246 1.48011703734639144
  9.35008928783933158 0.96811461253848807
  8.90624659468365643 2.02633307471171298
  8.46240390154365585 3.08455153687113981
  7.73421595030716791 3.28594498227184006
  7.21277454456914491 2.40800427185131261
  6.69133313383210471 1.53006356010463218
  2.36073096005710248 3.98795067583199980
  0.74736990829843530 9.55234101972290262
  3.24674031104679450 8.10069601937635042
  7.78170889857552783 8.45908508666396486
  8.64738850384489943 6.96037910055068831
