Number of disks = 20
Depot = yes (node 21)
Tour length = 38.80259343870367417
Tour sequence = 21 10 20 6 8 5 2 15 13 12 9 17 14 16 11 3 7 19 4 18 1
Tour visit points:
  1.75883999999999996 7.43125999999999998
  2.31037319639370864 4.64460300118084835
  2.55331344553155404 3.47760334871285837
  0.44512641773093709 0.88252084903216144
  3.20891846439007544 1.62964004774036453
  3.75594959024235608 1.85373502097589049
  4.67478426181177209 2.87273723806469317
  6.74756367504880394 1.88536417572627557
  7.23386450621028931 1.58430727160128160
  8.24564418149633305 0.95793849981586310
  8.76677589068370189 0.63531802861882292
  9.70560278700072843 1.80444322882137498
  10.64442968712039317 2.97356845590307861
  9.72377617532349525 5.17873625664512716
  11.71456356592478798 6.47807446367705442
  12.87970098467389235 7.23853114249540841
  12.53890707575840757 8.18020177190485676
  11.15330932594970648 8.74846580238181559
  9.63668424656313682 7.97106811343436572
  7.93618901476404659 9.14760788023000693
  5.14748730925454012 8.92591009741668096
