Number of disks = 20
Depot = yes (node 21)
Tour length = 42.77537828241792539
Tour sequence = 21 1 15 12 17 10 8 20 11 5 4 19 18 13 9 7 16 3 2 14 6
Tour visit points:
  2.85360000000000014 9.95177999999999940
  7.16183973828467568 9.50552472444525343
  8.54115093710738194 8.68515574346713493
  9.50422191647347425 7.29717502878231450
  9.71029431353854555 7.00018434607612061
  9.91636691867537401 6.70319345811378753
  10.18385847814380263 6.52293782197676375
  11.69176572563452510 6.59415339754454699
  13.47816829532744798 7.82901441030686662
  14.14871828110392116 3.37209690084645120
  14.53283058774971792 0.81900866141137041
  8.31392375675524065 1.10042244986249305
  8.89363125554855749 3.31742740994253760
  8.65009245016774031 3.45394093134840130
  7.35424023153872408 4.18030575016674799
  6.31584564878211729 2.44941450973941199
  4.07297762569200206 2.35306689999976149
  1.97799301514274251 4.55408414984862109
  2.03649339769088300 6.09986856469400784
  2.62425924503713448 6.99831004178774574
  3.14903731221738337 7.80047026247947262
