Number of disks = 16
Depot = yes (node 17)
Tour length = 38.62110991890482836
Tour sequence = 17 9 5 8 11 6 7 15 4 1 2 13 3 10 16 12 14
Tour visit points:
  1.05862999999999996 4.27808000000000010
  3.93310139177898588 8.21971573973307379
  4.59835759796851118 8.37855663637636283
  6.23509990957576843 8.76920442152594681
  8.66256619561639063 9.34857363187517443
  13.84342092238385646 7.75732040993952676
  12.39364020336344474 6.06791787780704617
  13.78761746171546321 2.47760885492907423
  12.83537736172741184 1.83832267370310198
  9.42064014296124697 2.58814049391428957
  9.04899606445511928 2.66974724241039851
  8.29510813529719471 3.77804721993464554
  4.91527265258829438 1.60188115681019094
  3.66914664282099512 1.99550347211203216
  2.41045213078417886 1.60820470566207185
  1.15175761869581117 1.22090593924898583
  1.10519380934790545 2.74949296962449319
