Number of disks = 14
Depot = yes (node 15)
Tour length = 35.31484115163615201
Tour sequence = 15 11 3 9 4 14 1 6 2 5 7 12 8 10 13
Tour visit points:
  1.39897000000000005 5.65812999999999988
  0.50504989769926623 6.48214429990910102
  4.77253814811709898 8.15093623380011145
  6.14818136919813174 8.10483896110756241
  10.27501094046263042 7.96657760883677923
  10.91806113979589909 8.10233488874104424
  11.56144190858492848 8.23793840542080780
  13.65583454832807142 8.67934708867684179
  13.70512677535070090 8.19845027471009224
  13.75441963809632462 7.71754832055345563
  14.10589133432495856 5.29280750739410877
  12.12942783865018548 1.07174529046835443
  7.17909003829169645 1.55742820789495462
  6.40381950328525473 1.93649324156547076
  1.82054050847959115 4.17746684760214482
