Number of disks = 16
Depot = yes (node 17)
Tour length = 40.34768198850976972
Tour sequence = 17 4 13 3 7 1 11 12 2 8 16 15 9 14 10 6 5
Tour visit points:
  13.98969999999999914 0.79287099999999999
  13.12530824972431631 0.95540691472142003
  7.33779684275375654 2.32773933606636119
  5.01074027163521407 3.24329681392423241
  4.09359538152567914 2.53102667520128444
  1.56717961161673425 1.92986337323451607
  1.10688740660920648 1.94783593866457294
  2.46866884035268441 3.72585925977393639
  2.60345665670978876 8.79191327957419944
  4.16787249759749745 8.50795878862519928
  8.19337345939334760 7.77729726042734271
  8.94429458038150393 8.65977113169730650
  13.65094579905058403 8.51650331641791247
  13.81204909202032205 6.20692372162987560
  13.82429881350519807 5.69868968339378679
  13.89574543660073758 2.73440957147765884
  13.51679689469779611 2.29803496539204710
