Number of disks = 14
Depot = yes (node 15)
Tour length = 38.14441297977283085
Tour sequence = 15 1 5 3 13 14 4 10 6 2 7 11 9 8 12
Tour visit points:
  0.02002010000000000 5.63584999999999958
  2.65281279256983726 7.85002917897865871
  2.98860432064572423 8.13243764774174061
  5.48302480967979289 8.47464074222110497
  8.61822688426297567 6.19922246906041341
  9.96511750921384909 6.44111915645102684
  13.01566856859328070 6.98899602145156074
  15.35425354944019993 4.64776197189029894
  11.40849667964454106 4.63699267945803406
  9.55761896453869042 4.33937609717123518
  4.68845348134635920 0.61804627854708849
  2.19163034256564870 0.45661050364823935
  1.88814712658618022 1.48530175648842344
  1.02943472517708901 3.39452445649964352
  0.58613699780180206 4.00957903701385820
