Number of disks = 16
Depot = yes (node 17)
Tour length = 36.53211062030915457
Tour sequence = 17 3 1 6 15 9 16 8 5 12 7 4 2 14 13 10 11
Tour visit points:
  8.79274999999999984 3.45988000000000007
  7.42866639378000571 3.20140319048667399
  7.15456195980572041 3.44073240517785361
  2.81689039204302549 7.22809007273660420
  2.12586030941178405 7.77081278305335488
  0.85788469804089051 9.67256270876625557
  4.77842993455823351 8.97574907203369499
  7.84777787321726095 8.43021973434906791
  12.00316512098907573 6.14071786996449198
  13.16748715806065739 5.88441600535363918
  13.83428251464208358 4.27226907981813220
  15.24106861354709253 3.09369142696631227
  13.84996449515825212 2.76744423509835880
  13.21051035519394823 1.65787862295796096
  10.63580330711354804 1.49168020842272342
  9.36590340403786747 0.96135114772501284
  8.98747097752247903 2.05720083925525055
