Number of disks = 16
Depot = yes (node 17)
Tour length = 36.32496846262561263
Tour sequence = 17 4 7 5 9 1 15 3 6 2 10 13 16 11 8 12 14
Tour visit points:
  4.57728999999999964 3.36314000000000002
  3.71649854235764288 1.82292683703070812
  3.22053535369690191 1.63341503932219845
  0.39670052409275097 0.94546314611767479
  1.52456415967226522 4.14200847098104052
  2.49762792579495407 6.89982870715499086
  9.04816154541303419 5.78503226530955228
  9.91301292420384605 7.07922055128968619
  12.66018113968586078 8.08741742938754093
  12.86334440465287798 7.17671232355371735
  12.46440561805351344 6.60449756713321001
  10.71671494500242972 3.17046219601745438
  9.86485137272263479 2.06272921242068330
  9.08626092163817312 1.05027764588523320
  8.76720748347651835 0.63539189553292352
  7.27243564544458465 1.60852914746377373
  6.55223861450174638 2.07739639721428615
