Number of disks = 16
Depot = yes (node 17)
Tour length = 38.81683130809517479
Tour sequence = 17 12 5 3 15 1 7 14 13 4 2 16 8 6 9 10 11
Tour visit points:
  11.74349999999999916 7.37174999999999958
  11.96026553822878746 8.72659973831035884
  13.75856019150912957 8.08992342449370128
  14.64727775161120427 7.77504140637634045
  15.53602249577446415 7.46011589670254693
  15.17846662606073593 4.30615443171093837
  14.82091188318861619 1.15219333963004456
  12.81290096356082486 3.29875059159107620
  10.43592131941668377 2.57062418692865702
  7.20917907621449583 1.58219492746715495
  5.87464450656883930 1.61794410033908886
  3.46608053580036346 2.16588785481553758
  2.94720489739085600 2.50555467263249465
  1.12293362956034315 4.22194388969970369
  1.92905821898930085 5.41455206249282739
  2.16403040526678092 5.76217751425578850
  8.78235841550207930 6.87420971620168775
