Number of disks = 20
Depot = yes (node 21)
Tour length = 43.40283006921601583
Tour sequence = 21 12 2 5 18 9 19 3 17 1 4 14 7 11 16 10 8 20 6 15 13
Tour visit points:
  9.92608000000000068 6.91122000000000014
  9.76317657241857084 8.11387667011636005
  9.68158991896772392 8.49355003547717757
  10.82242811399818549 9.28473925625241847
  12.93420339260781127 9.18544746275205171
  13.42608256030375991 7.90419253739124805
  13.75619180777608896 7.04431848977098696
  14.08630134829996017 6.18444834830492329
  12.29632276366949029 3.03140151922236756
  12.40915210642575950 1.67903617211872747
  11.54018920840365503 0.92147878922563375
  6.53474076556443695 2.48753955907256241
  4.42277829063847161 1.90861528006944825
  1.60550183141458636 1.13635241998674941
  1.95025647670894187 3.14242721914647083
  1.98057958724484862 3.31887367965417113
  2.12773198126336016 8.37863769812132198
  4.55272289352704806 9.00594710776891638
  5.40247300434945910 6.03661270567645047
  7.17670538761034482 5.43142742670840040
  8.56565327580497815 4.95766447766319374
