Number of disks = 12
Depot = yes (node 13)
Tour length = 33.07616233058474364
Tour sequence = 13 6 5 3 2 4 12 9 8 7 10 1 11
Tour visit points:
  11.60919999999999952 6.28925000000000001
  13.09807823784691649 8.77390699741453162
  12.52635067649754497 9.09124555152331837
  12.38437143069588586 9.16157511495301335
  8.09453007253164536 8.86265275591951607
  3.25826462758518165 8.52566507169004417
  1.80154654506303613 8.01854077177747016
  3.74115737405981585 6.90066975223481460
  9.43079374526656089 2.88719132637428055
  10.22660992851044526 2.32582209641469451
  12.43147967272427046 2.17646082043115641
  13.86952276656513305 2.07904544842186478
  11.88213854127444158 5.00551338663658374
