Number of disks = 12
Depot = yes (node 13)
Tour length = 38.04451606199582159
Tour sequence = 13 8 6 11 3 9 1 12 10 5 4 7 2
Tour visit points:
  13.35490000000000066 0.35096300000000002
  15.24240887374186215 2.85681171993294880
  13.96380059451177758 3.45188854759126063
  13.92996308139164618 3.94286094920576158
  14.93045560168689789 8.78611602524260249
  11.72313920614368321 6.16187399454454177
  8.58274268491194547 7.02173523154636126
  7.80854912197661477 8.44598067987475609
  3.62055820443834575 7.49047864113385753
  7.35711711924250711 4.21210869315837577
  8.29818483655314942 3.38635926071651072
  7.74310448858053402 2.49191678469734423
  7.25461311827352429 1.29317679737316449
