Number of disks = 18
Depot = yes (node 19)
Tour length = 43.03615086300220582
Tour sequence = 19 13 10 17 9 15 18 4 11 7 14 3 2 5 8 12 6 16 1
Tour visit points:
  12.75869999999999926 9.53397999999999968
  10.18826562416923487 7.38521871342108049
  7.99106786972976302 7.35460643994723373
  6.11949661831994884 7.32851240208735177
  4.87314145203349991 6.23104879043598370
  4.49971139099311479 6.45264260324879402
  4.12640469586706438 6.67406476990559216
  3.79378464649866176 6.87134885682866514
  2.71231027679257020 7.27930293406226614
  1.63083628305103012 7.68725733647200027
  3.06963711721801369 1.13306793519531479
  9.83463883134238515 2.15123733304213305
  10.55318296084334762 1.93321271993243626
  12.20358700480233338 1.43243798603055761
  13.85399104749248167 0.93166321888559711
  15.50439508798734956 0.43088844844823976
  11.92127482754894707 4.77900742598087813
  12.96742733324831320 5.77306422306669642
  13.09036060511112609 8.80717366474740260
