Number of disks = 12
Depot = yes (node 13)
Tour length = 32.62119281780636015
Tour sequence = 13 4 12 6 3 7 5 2 11 10 9 1 8
Tour visit points:
  15.08840000000000003 5.40573999999999977
  12.45269244447203860 2.38508072646124125
  9.71449744249779990 1.55678856925201048
  9.25928592375911030 1.17063980669954626
  5.69646770685748827 0.85762929879484817
  3.45185495560566613 1.96679149356134197
  1.60887222296936017 3.76993446181232494
  3.80288063185562963 4.38261892419286703
  6.42784041111199045 7.86419638612845073
  7.28062326191945086 7.29375585937715165
  9.31936360024392307 6.61580816204586863
  9.66404220582600004 5.65508142287409310
  10.45534450859830322 5.02151609758355910
