Number of disks = 14
Depot = yes (node 15)
Tour length = 35.21131646115401992
Tour sequence = 15 7 13 2 4 3 5 14 12 9 10 6 1 11 8
Tour visit points:
  2.70271999999999979 6.24103999999999992
  2.50244296925200782 8.16589317009331594
  4.25352102322250936 7.63019292374097802
  6.00460002913065694 7.09449243461712786
  8.37231561528692936 6.60829198253864014
  12.45811431410290915 8.39353427514424055
  12.72117696420972166 8.50848852336627992
  13.85933923751844432 7.71097099744712811
  12.65471537334238938 1.76540472754449107
  9.10502375704915856 2.52758779660773536
  8.38291792979650019 2.57355016876769227
  6.92161268004601560 2.66648500990451565
  5.67688577732859567 2.74563926716137674
  4.90891616762977812 1.60098885222124965
  1.55170135167968959 4.36102963624250606
