Number of disks = 20
Depot = yes (node 21)
Tour length = 38.73902476091052449
Tour sequence = 21 17 15 1 5 3 13 14 18 4 20 10 6 2 19 16 7 11 9 8 12
Tour visit points:
  0.02002010000000000 5.63584999999999958
  1.16568853774486714 6.31246975663084964
  2.31135697171582644 6.98908950959561537
  2.76549711322415037 7.70948541360206985
  3.05439167325961769 8.16774183877023319
  5.47968700070804715 8.47549011097436455
  8.58268489758060582 6.20601872268856258
  9.66090949275048771 6.57059025270443886
  12.49186719131831858 7.52776304487362147
  13.09145987862689076 7.20708465538791998
  13.69104521481895098 6.88641253857021152
  15.36745067290582512 4.67702111699327450
  11.41107906201848188 4.63720926244121756
  9.53207138493839068 4.32921638209220649
  8.06141477651826044 3.44857158870891078
  7.50770924374478010 3.11759360641521166
  4.67236050357410715 0.61169549856967287
  2.19199261173940796 0.45635724402087829
  1.88816893695114296 1.48524289182487657
  1.02943448179567332 3.39452487805911396
  0.58613699081598902 4.00957905044051977
