Number of disks = 20
Depot = yes (node 21)
Tour length = 42.36405739314684382
Tour sequence = 21 20 5 13 18 7 19 9 12 11 17 6 4 16 14 8 3 15 1 2 10
Tour visit points:
  10.31869999999999976 7.46849000000000007
  8.64893234445470149 9.36034006758946191
  5.64551632218145905 8.73018930089908807
  0.61418899058051124 9.39781371805434951
  0.53195828728915617 8.10853407318820807
  0.44976406985303374 6.81918938706830424
  1.76384422202975499 6.12692946450699782
  1.41652398354693787 4.35619809402358626
  1.26286134111150528 3.57274323692107298
  2.49476423373054379 1.92770758520280960
  3.91439454353755023 3.42057520323321285
  6.49952912240340641 1.33544861588800323
  6.79664720583452997 1.00500624241619119
  7.09375296992782367 0.67456881589690298
  10.01171671027657695 0.89321031855996114
  12.09345911466360413 1.04919437584551156
  14.11352544009736576 5.33296332332241629
  14.13008231540286985 6.31413974363483010
  13.75107130625153395 7.74031011038805694
  13.67854800662352766 8.66371110510039344
  11.38749068590983704 7.84869802792740767
