Number of disks = 20
Depot = yes (node 21)
Tour length = 43.55897579534148178
Tour sequence = 21 6 5 17 12 11 15 1 20 8 14 16 18 19 7 3 9 2 10 4 13
Tour visit points:
  10.31230000000000047 7.06564999999999976
  6.13466837881989235 7.37600869655169511
  5.09995249745312318 8.95988389018959808
  4.76380310398989693 9.47443931111044968
  2.93523769234882836 9.28008165994821610
  1.57474170747904130 8.22616321528780503
  0.55513421208374036 7.43631628285204815
  1.65702331457270025 5.92733531635869948
  2.26046930460715423 5.74306296071803501
  3.35523852973294501 5.13410034490764478
  2.87179136560862558 4.60578929712516061
  1.98378749216430594 3.63570347229828883
  1.09577277740940260 2.66565347724032664
  2.55895334887047721 2.30480311976836250
  3.58751235249771216 2.05113956037796674
  4.45252053464739106 1.94895620501696309
  13.93675706868618569 1.04814869930811461
  14.83575457139102838 0.96276261454318435
  14.93951012165960357 4.36450443223130602
  15.24217278177285806 6.01945450850876718
  12.37717615788362657 8.20523783907516524
