Number of disks = 16
Depot = yes (node 17)
Tour length = 33.33083205462956045
Tour sequence = 17 9 1 6 12 2 4 14 8 7 15 11 3 5 10 13 16
Tour visit points:
  14.71969999999999956 5.51163999999999987
  13.61320583055162814 4.45618473148569638
  10.66290446197779040 1.64197239563493724
  9.43956759838951243 3.52531977734014124
  8.84682885139074138 3.58681024394026471
  8.25406876558981928 3.64836500173311640
  7.66129547614476092 3.70997629558593900
  3.04967909115908231 4.18929657073902018
  1.63184599626708127 5.73114141969715529
  0.55994933878372066 6.89679217313473991
  2.42870839319645970 7.05084780589182269
  6.11512989089848524 7.35474679995416913
  7.84766416002117406 7.44396041879990111
  11.21316797191294334 5.77863822791321713
  12.00636577053095166 5.46661657687358549
  14.90580050680016377 5.99030410376430211
  14.83550352684886953 5.80949513400767348
