Number of disks = 20
Depot = yes (node 21)
Tour length = 42.11062011452386145
Tour sequence = 21 11 18 2 20 9 16 10 14 8 13 12 6 4 17 1 7 15 5 19 3
Tour visit points:
  8.02710000000000079 2.42865999999999982
  6.75976781538980820 0.88981769923809106
  6.55275233889713515 0.61092156162521449
  3.83193189019879510 0.59798953417172462
  4.71201348144803767 2.67066641434749341
  5.43740380740531215 3.64241996869441387
  3.35619089376333468 5.88825497262800202
  0.99263405558242324 5.86290048821948329
  2.32423676173421834 8.11179789882031343
  3.29742333885444960 8.48870214235946996
  3.51926326081420626 8.99852859208730216
  5.64242472665806805 9.22095799377074776
  8.34256829183348181 9.50383394409993976
  8.73898744277993877 8.10646409391402756
  9.13540659374552533 6.70909424372100460
  11.96845542944419805 8.57599555391134771
  13.44560212031491275 6.28240462258084786
  13.80362702453190593 4.43503984070836932
  13.65906205021325981 3.11114438125731851
  13.51449707589461191 1.78724892180626749
  11.94820817045002848 1.97032935898062767
