Number of disks = 18
Depot = yes (node 19)
Tour length = 34.84765500671051797
Tour sequence = 19 5 7 9 15 18 6 3 11 13 4 12 10 2 16 8 14 1 17
Tour visit points:
  0.44532600000000000 3.29843999999999982
  0.60095323815288892 1.60525286166212422
  3.37105387593325911 1.14725355475727731
  5.65656170659355872 2.73617631624063762
  6.69356126827403575 2.96715164925599506
  8.94882475265467114 3.46947739416524303
  11.55915539440631790 5.72887631409714437
  13.38809352018981258 6.20460965237758089
  12.91248682037912943 7.57432431293765607
  12.57507183006998019 8.54595421222870932
  11.48439993502507583 8.04353641293637622
  8.36757134920259560 6.60777052966038081
  6.00216840494596315 7.09510608068261295
  2.47483914234425528 8.13312195462584775
  2.46305824170858934 8.13658893262531890
  2.29654419747980043 6.53262398009333722
  1.81710355996641093 6.31332604292767652
  1.27174584870716934 6.06387739084219834
  0.85853592435358472 4.68115869542109930
