Number of disks = 20
Depot = yes (node 21)
Tour length = 38.48500508749245341
Tour sequence = 21 17 11 4 1 5 19 13 15 7 16 14 2 6 9 18 12 10 8 3 20
Tour visit points:
  2.82527999999999979 3.74248000000000003
  2.33296777572412006 5.80202599436123290
  2.29830308560788277 5.94702136223436639
  1.38115403969120965 6.50710116237634573
  1.85436342010935551 7.26479322544657702
  2.32733498731395105 8.02236782102656676
  2.36722147288240770 8.08642819015531167
  5.99724390744718416 7.09630921428038697
  8.37096747614451431 6.60814846619927820
  11.60465179990961104 8.04310660574752667
  12.67067515169533110 8.51615800216564800
  13.28883845719351520 7.85196034660893716
  14.75330560789330292 6.27843496994594297
  13.33226241271922241 6.02583428765420681
  11.48647168797801754 5.69773166697343925
  6.22337677108924137 2.98827466756420002
  5.69971253964654423 2.75763842420876237
  3.36819646277112206 1.14660029043523481
  0.64067596320662024 1.55678847693192002
  0.91748989962384364 3.13393695476373368
  1.30050301646400923 3.84047579080337753
