Number of disks = 12
Depot = yes (node 13)
Tour length = 36.82692259062513074
Tour sequence = 13 7 1 8 2 9 10 12 6 5 11 4 3
Tour visit points:
  11.92570000000000086 7.36380999999999997
  10.97590806263941055 4.34660321925987514
  11.38834710414325002 1.62586493842540492
  10.91709709839014231 1.39694998537434567
  3.30167284466546773 2.23579744814124037
  1.47156941305554545 1.21664994670172955
  0.92274710690461781 3.40385079896246978
  1.92386308036901976 4.29658723175856139
  2.76339959280543290 5.29824099643354085
  2.01908652632610153 8.65292089571529033
  4.44799783313451069 6.79602715791697953
  5.91339664670101062 5.67576725398097004
  10.81156305478353552 8.61703876349913500
