Number of disks = 16
Depot = yes (node 17)
Tour length = 38.13761471064321285
Tour sequence = 17 16 11 2 4 12 13 14 1 8 5 10 6 9 15 7 3
Tour visit points:
  14.74070000000000036 6.64174000000000042
  14.93393786967311598 8.33141216153834208
  10.05970786732499711 4.97648030330815150
  9.36966887639915491 4.64924182355714688
  9.32121426414705212 5.65872437928418393
  9.27274881957992747 6.66822098685557130
  7.26512143065561045 7.30101927328891787
  6.33010728412817603 7.85739518228971612
  2.75289853876258039 5.99747164816530631
  1.58323038631161239 4.09318839800648959
  3.68902730164075709 3.66372593833378479
  3.59040349705785200 1.81785170457143352
  5.68912725756058713 0.85895140280420035
  9.25934796822469153 1.17066570991463181
  9.71388708176419691 1.55645676928032239
  12.42886527498052374 2.36869313934319026
  14.61976171916279554 5.58003332096770333
