Number of disks = 20
Depot = yes (node 21)
Tour length = 39.77580046756966681
Tour sequence = 21 15 17 13 19 18 5 11 7 6 12 20 10 2 16 9 14 4 8 3 1
Tour visit points:
  1.27299000000000007 0.75777499999999998
  2.43539669900306777 1.02411025872808170
  3.73459254710643096 2.84797493943844238
  5.45726491423035842 3.82738410633314485
  6.84590661937153655 4.61688328302117412
  7.95391972581517681 0.55012240371690735
  11.17042887222235770 2.24459987736930966
  11.15941842664704708 5.19412979049188994
  10.92902534089878053 5.65636090896057109
  10.70539988408883758 6.14015742275585197
  10.48177430881834482 6.62395409119379686
  9.20629190682678100 7.69048516316829556
  7.40071909300457964 9.20026775795918361
  4.87986402890468618 7.47158556644494354
  4.50599429132946572 7.65578713008097012
  1.08679974864080520 9.34050140654734484
  1.26876966308417360 8.03705905311247371
  1.45109765197890805 6.73392901603828964
  1.63361585396330655 5.43098418681610706
  1.81614645445495748 4.12807157600528640
  0.91132261762621991 3.37085194156475776
