Number of disks = 18
Depot = yes (node 19)
Tour length = 39.53573052821770517
Tour sequence = 19 9 3 17 4 14 11 16 2 12 1 7 10 13 8 18 5 6 15
Tour visit points:
  13.87880000000000003 8.40204999999999913
  14.42428043943874449 8.44905414650296116
  15.08021615254942382 7.40735321671312441
  12.43404758343028504 2.77332406673677045
  11.29514940619371721 0.77886029231450926
  8.15563197558452657 1.94546280293410301
  6.97669835188318910 0.53165596276946936
  3.81106742309594981 0.62704396126369477
  4.05074705929104528 1.68125267712712789
  3.29287204367534914 3.84293152556835471
  2.70395707834304444 4.09387154858976121
  1.56022548864832067 6.94061335322790818
  1.00831626933343799 7.65550062590307689
  2.54144898118617180 8.69163761043929561
  6.05015561775412447 6.99590363886698974
  8.61085810330662227 7.65998341505756475
  9.95899012321983790 8.00927382751515893
  11.30706780215762741 8.35842047252934073
  12.11176644988562145 8.56682790576739350
