Number of disks = 14
Depot = yes (node 15)
Tour length = 33.70482322304298606
Tour sequence = 15 5 1 13 7 12 9 11 2 8 3 10 4 14 6
Tour visit points:
  11.10430000000000028 6.15710999999999942
  11.22413626914626938 5.57815302325017282
  10.00182773013935211 5.28834765405971563
  7.28568398523328575 4.64435678219582382
  6.43866530329224407 3.76418107432978344
  7.37571545163026787 0.41778205476487912
  3.07487247890386550 0.95323631269259190
  2.90994537286761190 3.11751891913451340
  2.04911237583621819 5.60573406296031340
  1.28815856822589536 8.20293410117404953
  1.12501188883060110 9.37106508457833165
  4.94803222460405845 8.34434434615575249
  7.34113871280192676 9.20670484252509702
  9.20717363824950752 7.69450537768300524
  10.43324478779983799 6.70092047156747217
