Number of disks = 18
Depot = yes (node 19)
Tour length = 40.85872333159117176
Tour sequence = 19 4 17 11 10 6 12 5 13 7 16 1 3 9 8 15 2 18 14
Tour visit points:
  2.28425000000000011 6.89505000000000035
  1.83196628086802682 5.70432562679812794
  3.20419062880474215 5.03780935436686583
  3.44344276025921259 4.92159990212491127
  3.84356806918727578 1.92069568111571143
  4.70804522983973328 1.84525531505779217
  13.93709163147821783 1.03986372046528852
  14.83439468262288585 0.96155873599053021
  14.93948766165711461 4.36429313929309437
  15.24272554337849606 6.01803198158788444
  12.32847469688658926 8.21124887783316204
  11.27869643899976282 7.88494866420901630
  10.22891823831143654 7.55864846025896675
  6.04530969842425847 7.41747440279594539
  4.44096242698257182 8.78347420375193799
  2.79037325936897584 9.24569638452684828
  0.84829542733622476 8.33090907085331800
  0.52991024295902311 7.67733036570540239
  1.32488580928130428 7.32284157625996812
