Number of disks = 16
Depot = yes (node 17)
Tour length = 41.66858683149052922
Tour sequence = 17 6 14 15 5 4 2 13 7 16 9 8 11 1 12 3 10
Tour visit points:
  12.67179999999999929 1.99622000000000011
  12.94272336743465779 3.06373472432966043
  13.21359743164393308 4.13115502082556407
  15.21472637935394978 6.44018040611107789
  14.49615525792271598 8.27299257345488570
  11.64005490755992511 6.02899565890120037
  8.32939029178877277 7.40432352893004175
  5.93853057946493923 6.68500059043286576
  5.97317352919804012 5.17994670151229197
  4.84774589663592526 5.25437595554882808
  0.35509534115946401 7.32049886585066734
  0.84998755393967285 6.01974488960423937
  2.76656839394712550 0.98228402009431182
  8.43595629384022239 0.79926891864435956
  10.44036653367288814 0.73456401109716651
  11.10346377909880822 0.71315839254504532
  12.40671126412049752 1.80323130939907217
