Number of disks = 18
Depot = yes (node 19)
Tour length = 38.09207239477501616
Tour sequence = 19 13 16 11 12 8 9 1 18 6 4 15 14 7 2 3 5 17 10
Tour visit points:
  1.82037000000000004 4.54511999999999983
  2.02924651238400555 6.07877222537374884
  3.15869651721500277 7.83690764148487773
  3.19839817316736319 9.58968302434230502
  7.26922249365656103 9.48265097886436159
  8.42327639431903741 9.28046588742440903
  10.81510994053863683 8.86142732781027931
  11.54816842418175149 6.97331888058497640
  10.54909388280068150 6.04391328969161545
  9.74499501172667770 5.29588703577713193
  11.41449300364601882 3.32111693459654811
  13.96195756070540206 2.54501296512195196
  14.51254337816502016 0.79501654279572331
  10.19128443796557804 1.11976404951868735
  8.82104919373521668 1.22272724142392009
  7.45957714393231264 1.85460085928727025
  6.86028357948081435 2.13310807655941748
  6.26123478214320439 2.41180909435324153
  3.25858849796038363 3.80875845962481874
