Number of disks = 12
Depot = yes (node 13)
Tour length = 35.10516350130080809
Tour sequence = 13 12 5 9 2 1 10 4 8 3 6 11 7
Tour visit points:
  0.36622199999999999 7.69219000000000008
  0.89977979079336678 5.62968470105206187
  0.95116525441645527 5.43097178890585131
  0.79378569648314967 4.51181524568935544
  0.63640683421491562 3.59265552193636850
  2.43180366962229622 0.96967358047703500
  4.45837774747287607 3.86695469575995698
  6.47989913733824974 4.53580455661532156
  8.50142053611257786 5.20465441628030767
  10.46017288056265215 3.90677531453819071
  11.08981530041844898 3.87012481836507005
  13.32265166641885656 4.96160961085846708
  10.33041493458199511 8.29992955643727903
