Number of disks = 14
Depot = yes (node 15)
Tour length = 34.57592018089146535
Tour sequence = 15 9 1 12 7 3 6 10 8 11 4 5 14 2 13
Tour visit points:
  2.94832999999999990 7.37906999999999957
  8.80962688092685653 8.96781411267099848
  9.37708509424190773 9.12157824619672120
  10.35727358827650235 9.38717204798657079
  10.11417797407517227 7.37449006394630668
  10.09922284043367036 7.25066466918498964
  12.00750477536637817 6.59566065764120957
  14.13311995771030283 5.93280929867845508
  12.45455818710492757 1.76558334946759388
  11.63120871885226926 0.93200529525693798
  9.37347160898554677 3.01337712206357233
  7.77050850312864583 1.28360589077093601
  5.36558095201890595 1.90318636267708441
  4.29313442995669359 2.17944747663692917
  4.56548897881416238 5.53497834559515578
