Number of disks = 20
Depot = yes (node 21)
Tour length = 42.47076059206374765
Tour sequence = 21 6 8 15 17 10 14 7 20 18 19 9 3 12 16 11 5 13 2 4 1
Tour visit points:
  6.10761000000000021 3.03995000000000015
  7.32227149725597837 4.45210876460733651
  8.87199305232734403 1.42126096544672964
  9.12464504447663849 0.92721544774963371
  11.27451861555337587 0.74042169766981758
  13.28148221458629585 0.85009574006392663
  12.87648313588282178 1.68514002280461961
  12.47148407875223342 2.52018422871404324
  12.38711787299350853 3.39730977212783847
  12.19320945373644882 5.41330901083430227
  14.21043869927795278 8.47951929314401731
  14.33307339658856883 8.66592711606669042
  12.34074833599732912 8.33810266818883505
  11.78764865286271757 8.03167962329995255
  8.56737048382126609 7.45113991353294214
  7.81700318159408880 6.81899149139886873
  6.59532085886380148 7.56971072749338170
  4.09110757335009989 8.59909066003749700
  1.12262762361667723 7.39013132743465029
  0.51687480632329086 4.59259374557900468
  2.12332587488516644 2.44399506423112367
