Number of disks = 14
Depot = yes (node 15)
Tour length = 38.95567435789627808
Tour sequence = 15 10 8 9 13 14 7 3 5 11 12 2 6 1 4
Tour visit points:
  12.97700000000000031 6.62068999999999974
  15.29398475924657497 5.92023829188088069
  14.84548873289122817 0.97112888357711935
  4.70663095312992752 1.84636002550091693
  3.84326290499455547 1.92098701879122657
  3.43981529110892970 4.92668806419807304
  1.79487356232650708 5.77895717691972610
  1.79824703959558319 6.77757182126819302
  0.93486186502535829 8.44522962152586132
  4.52087625278697036 8.74947598828857842
  6.06095526462281775 7.41171956906865059
  8.47014340368592222 7.35614485845117727
  10.01313786899782521 7.46627703275520194
  10.97499241520604052 7.53492998944917858
  11.46109318008267408 7.31294643577658388
