Number of disks = 18
Depot = yes (node 19)
Tour length = 43.60238721321437083
Tour sequence = 19 13 14 10 12 9 4 8 5 16 6 1 15 18 7 2 3 17 11
Tour visit points:
  11.70490000000000030 9.15647000000000055
  7.21838700473008466 7.71063516470165133
  7.09650280156748359 5.35935572028764806
  0.99822689365622419 7.28370187280584958
  0.51431266677503018 4.60374571727862225
  2.19473673472992603 2.40768924604273638
  3.28456721722534262 2.20548515812396806
  5.99370238622534135 2.55309780936698782
  6.43268001978806669 2.26090422405613234
  8.90116107021965064 1.42502068895880529
  9.79548472182246144 1.94191393848932470
  10.73586398141148557 2.48542675159322135
  11.99987563197832152 1.88511557211460423
  13.66537937230694233 1.09412558643607416
  14.86728270157226994 1.97293217407033783
  13.44002942291462510 3.82389095791202749
  15.46751161486856141 7.63880655490642280
  14.52022415969373270 8.49543454998828373
  12.66162787003031553 8.93183120097337557
