Number of disks = 12
Depot = yes (node 13)
Tour length = 35.90972758123911746
Tour sequence = 13 10 8 4 7 2 3 12 6 1 9 11 5
Tour visit points:
  2.44246000000000008 3.23037999999999981
  2.08755532806484556 5.33562098799047124
  1.56049544679317598 8.46206071237433122
  4.84437176666201275 8.94188076207193028
  9.61856112791948803 9.07988944531904529
  12.94756580655167255 9.17612181531897519
  13.59776881664652848 7.42675510532391137
  14.24797992225815335 5.67741143377320689
  12.86567985200513853 4.85054036160036706
  11.58495094167983908 3.58632203074746414
  9.97860721375738891 3.35015385303096025
  3.84014789197604234 2.44766244210414019
  2.26392021708433733 1.10225111564224498
