Number of disks = 14
Depot = yes (node 15)
Tour length = 37.16021520817048440
Tour sequence = 15 5 8 1 14 10 3 7 6 11 9 4 13 12 2
Tour visit points:
  9.46073999999999948 9.18393999999999977
  11.24820755148598650 9.17324422771176096
  9.13192623746480336 5.88862105082490395
  8.57242108639529832 5.02022820367924449
  10.85876804064692891 3.80718277184230258
  15.44579956732246018 1.37348481843538672
  15.01901792850046213 1.33003034085099836
  10.25713668613004614 0.84514496112959370
  9.82568587740757771 0.88167093476496461
  9.34204130698346802 0.92276737127549402
  7.25844245640935082 1.09981821834668825
  4.48875564170177821 2.23207607567120192
  4.81958778138574928 3.13554986153972859
  3.23647101716234253 6.43665816358920218
  7.38932003198323883 8.43248197745809769
