Number of disks = 16
Depot = yes (node 17)
Tour length = 38.75655205214642507
Tour sequence = 17 16 4 11 8 13 9 15 3 6 7 14 10 5 2 1 12
Tour visit points:
  13.42280000000000051 5.56658000000000008
  14.15261206963580065 4.49853476916392037
  15.11624166366273947 3.08820763881620053
  11.56497835826764131 3.70872604375953019
  10.48652303609872938 3.89716524608233161
  8.50205755700617694 5.20456971678211566
  6.48021162377587157 4.53575771818951878
  4.45836580571856622 3.86694580533846155
  3.44509354467267803 2.41830964812397475
  2.43182135211810069 0.96967349055999663
  0.63625995717468786 3.59332484727542179
  0.79354910937004330 4.52777958292094063
  0.95083826168843211 5.46223432447777935
  0.71534819891075530 7.33426417355808535
  3.70631831793278144 6.88214363420612152
  6.26750776850316793 7.41755335265815940
  10.39083132888993966 8.27952293954616891
