Number of disks = 12
Depot = yes (node 13)
Tour length = 40.83195678590539757
Tour sequence = 13 9 11 7 4 10 6 12 8 3 2 5 1
Tour visit points:
  14.32370000000000054 7.89635999999999960
  14.55131038074256722 2.73728051348069057
  14.61868379000719287 1.21017631140072468
  8.38888040001674895 3.76804492459168916
  3.85266525703999418 2.02966594414992185
  2.58384514544249821 1.52652001077746613
  1.31493532977777372 1.02356876480308667
  1.10660872286802037 0.94111463807758711
  1.88591238615773027 2.92292363860594362
  3.98404818395572580 8.25859449771320975
  6.22206714360108126 8.79636134266360337
  8.56933720975339774 9.36037976966294138
  11.94888412514353426 6.64991254631761119
