Number of disks = 18
Depot = yes (node 19)
Tour length = 39.18374164762287393
Tour sequence = 19 15 16 7 14 1 8 2 9 10 12 6 17 13 18 5 11 4 3
Tour visit points:
  11.92570000000000086 7.36380999999999997
  11.44621451780608901 6.34839286433347105
  10.96672903561217538 5.33297572866692349
  10.97586874372083976 4.42430129835910346
  11.27884542951413493 2.37111865567255586
  11.38871523725899237 1.62656373513373897
  10.91690466603039056 1.39691666834746964
  3.30167203197134462 2.23579728407703859
  1.47157662281161672 1.21664682659243395
  0.92279491903097632 3.40400635220981362
  1.93689848721433933 4.30954229256612109
  2.75029779039034761 5.14530126532736620
  1.97777179304345041 5.74691389484058490
  1.56673936731702912 6.89301760070738290
  1.06175589121184455 9.32353514630977642
  1.98190923443226730 8.63137869601257179
  4.45967021745140446 6.76779665160976585
  5.91148299093136220 5.67587078032416237
  10.81152170651425060 8.61704508444145745
