Number of disks = 16
Depot = yes (node 17)
Tour length = 40.61149968452453862
Tour sequence = 17 13 11 15 1 14 8 7 16 12 10 2 6 5 9 3 4
Tour visit points:
  8.06616000000000000 9.63042000000000087
  9.98641655155299723 6.61668737666359874
  10.03488743026571406 6.54123796204221275
  10.48121219332232279 7.33137937532955153
  11.29726001593680529 8.77605051884794385
  13.28939047028099729 7.97169594561777739
  14.13811544263751507 3.36825096457009954
  14.59708607039283379 0.87881550351478910
  9.28983970575789186 3.31151441656112722
  7.37876480915086841 4.18749972117561509
  6.41034445455554458 2.49303030717412621
  3.26670307157391848 3.80470370846430361
  1.95313177369162760 4.60943377884831129
  2.03562682785074545 6.09717632840273005
  3.15905831806374859 7.83808530291576666
  3.20391365739605760 9.59501629466858752
  6.96973643482662641 9.62243655899667516
