Number of disks = 12
Depot = yes (node 13)
Tour length = 33.24669184648876552
Tour sequence = 13 8 11 6 4 2 10 3 9 7 12 5 1
Tour visit points:
  11.08629999999999960 3.03048999999999991
  11.50379128937707485 3.72394453560772609
  11.92153777637250656 4.41768120327143610
  12.77668981506272949 5.05819348704226357
  13.63174509347267715 5.69832111961112631
  14.98125828320235087 6.70850337289692877
  10.45504724477197200 7.36457480671402198
  2.84769902859620228 8.46724928203068572
  3.98364730738464345 5.78872080077794049
  2.90110381139452311 4.75629457698063085
  2.46716571465521728 3.71204516117065841
  3.36766062964258639 2.17431743677465716
  6.79340021653224557 1.20276251424823544
