Number of disks = 16
Depot = yes (node 17)
Tour length = 35.34899090607938632
Tour sequence = 17 1 7 15 3 12 5 6 8 2 14 9 13 16 10 4 11
Tour visit points:
  9.40653999999999968 6.91183000000000014
  12.96569610090407565 7.02036224007786203
  12.18775990243521790 5.83060979666269397
  11.68036660279983074 4.92362781497936286
  11.68483631442144244 4.23315826221179048
  11.69206348246926908 3.08239905441892414
  11.70174490868893713 1.53690605232742583
  9.60387472609249393 3.35271512387451276
  9.52218161096771887 3.27028485841875494
  8.15051610933670645 1.74256166335459306
  7.70558632358209472 1.10746452407429086
  2.82247786909121512 2.55422640820836522
  2.75143775066292928 6.07536410999683341
  2.69000801812166745 9.12025696660538188
  6.70066744277816007 8.51834070490560968
  7.51683146146431103 9.02884588240706520
  8.13941649633214936 9.41826670981673431
