Number of disks = 18
Depot = yes (node 19)
Tour length = 36.39507167349349714
Tour sequence = 19 7 8 6 18 10 15 2 12 11 5 16 13 1 17 3 9 4 14
Tour visit points:
  4.89322000000000035 1.73924999999999996
  6.23728617241315320 3.13457311027838381
  7.58135234399252855 4.52989622032782524
  9.06742568119754999 4.12157835582191190
  10.56003196872518224 3.71146547803747273
  11.57478316285666864 3.58110808771502587
  12.45626881383149964 5.30563761877260109
  13.33775448359889104 7.03016713700525919
  13.47617659361303666 7.30097472140559578
  12.96081494281537516 9.16749414908755433
  10.33567155661748416 8.69358311666510986
  9.63726554667538871 9.07500593040018977
  4.84512006670311113 8.94194659024059568
  2.21571459104452195 8.54654774974864040
  1.54845540893415223 8.44619860861209659
  1.97845539612961496 3.28798860268577009
  1.95293698375345648 3.12856047061154552
  1.63021386217403830 1.11233277990191803
  1.95706906029939498 1.15114587532225099
