Number of disks = 20
Depot = yes (node 21)
Tour length = 40.43725393382245414
Tour sequence = 21 1 13 6 4 16 2 20 8 15 14 19 5 18 3 17 9 7 10 11 12
Tour visit points:
  10.40949999999999953 5.14480999999999966
  11.27514720870015452 7.19669097315007011
  11.90928277046189621 8.70015028407889268
  13.72625771246412008 8.07833865721372035
  14.63182585550637782 7.76813653735080578
  15.53740309419773347 7.45792003310566098
  15.23676506790208762 4.81096462402679492
  14.93595869075750926 2.16373463977617853
  14.82098292623524038 1.15221684423024739
  12.81294438729189977 3.29873900750074034
  10.94510914478923347 2.72649488466420120
  9.07715557229023950 2.15434646533390062
  7.20918590119511915 1.58219585605434543
  6.54191489463195275 1.60007001712955255
  5.87464433286974774 1.61794412220690442
  3.46607899485254078 2.16588850932087018
  2.94724393063848522 2.50552391782749684
  1.12284511068220794 4.22273427905057819
  1.92206101067747248 5.41377908153162668
  2.15001576553638074 5.75348939324480568
  9.11362949203964945 6.43201352621799494
