Number of disks = 18
Depot = yes (node 19)
Tour length = 38.74172904671680584
Tour sequence = 19 18 6 7 4 12 10 5 8 1 14 11 3 9 15 2 13 16 17
Tour visit points:
  7.96068999999999871 5.07645000000000035
  9.32077212337593686 6.40452232300731072
  10.39351696166995254 5.64455447719383585
  11.99135467609304762 6.93750576050014089
  12.75007142619486089 7.22027020323575996
  13.49252480088523143 7.49682962555677701
  14.23500990985958303 7.77337172138774957
  14.55051494152667679 6.32739743049218806
  14.86602085775743198 4.88142491400391876
  13.30786464714826778 4.16484052201029709
  14.57494751297215174 0.97339728339391796
  7.57210460479578185 1.49008507776282983
  6.42223703090844023 1.57491125060434167
  5.90589173290656699 1.61300151244860834
  2.80969208822999139 2.58231702197087998
  0.55290551644835861 3.53267472242182290
  1.10369301150707000 4.31435707553552383
  1.87652323450826408 5.41116437870079459
  2.09896638104032451 5.72685760643119757
