Number of disks = 16
Depot = yes (node 17)
Tour length = 40.55555637441270278
Tour sequence = 17 10 8 5 15 13 2 16 1 12 3 9 11 4 14 7 6
Tour visit points:
  0.29688399999999998 9.78423000000000087
  4.82549771887051993 8.32138496088530566
  8.73221943983264559 9.34042637457255509
  10.39491028350417956 8.31401566094056754
  11.47260219110277291 9.49502947271439091
  15.25326808569008818 7.51063961554294401
  14.36346634099179376 6.79999330670337532
  12.75290488850913562 6.05442941898441767
  10.07884562308052168 0.94854286065502702
  9.25893060273526913 0.85285974998435365
  7.20409752858907737 0.61306316833719576
  6.95434852468350151 1.95294678637646202
  5.24367929800934451 4.36576642579799046
  3.98943537173927520 4.40769434093235990
  2.74996672826946353 4.93447273151792132
  1.81626006455089062 6.64445169797464708
  0.81783899927579506 8.47294782810649494
