Number of disks = 14
Depot = yes (node 15)
Tour length = 36.00141728642935846
Tour sequence = 15 7 13 4 14 12 9 1 2 11 10 6 3 8 5
Tour visit points:
  6.41718999999999973 3.49802999999999997
  6.55898810682560374 0.58615691975243445
  9.31619211488850318 1.24656226414709126
  13.34740198977864623 4.03984677888370491
  13.19079075166682635 4.62507109316578191
  13.50931646123863139 5.87608118423216297
  13.35586930403904482 9.03260477094733183
  13.13180376187487575 9.06661566627214910
  10.17491648617679445 9.51544129242517123
  9.48706742734535347 8.48494797641122922
  5.94754847446423884 7.40280603995551445
  0.83808314593454059 5.84068259454311622
  0.86824115137011804 5.34764228052179647
  0.89839922453544130 4.85460187505016272
  4.96420749911608006 3.33836632984943638
