Number of disks = 20
Depot = yes (node 21)
Tour length = 44.27199233758545915
Tour sequence = 21 17 14 20 15 5 4 12 13 7 16 6 10 3 11 18 2 9 19 1 8
Tour visit points:
  0.65431700000000004 1.73527999999999993
  0.90002403475489490 7.41633305172103086
  1.72820645838437170 7.61231623435754390
  2.61144947247479431 8.70170505258519889
  6.03177419291925077 6.99737189114367641
  8.08538144873578268 7.72323054725311042
  8.93824009880119696 8.65713201462419590
  10.31667456767773849 8.62706459074363785
  11.73947370389309519 8.68046049153195476
  13.79277468106610627 8.89459405336205222
  14.71047844345615019 9.12103024372112259
  15.62818220584607687 9.34746643408031730
  15.11984581502352754 7.61349142201480067
  14.07986748263771126 5.78724010742208783
  11.20207686625385435 0.73370326199205527
  7.41939957631477309 0.51565743281115628
  6.87367770809898015 1.46196347980423136
  4.83143855163794722 2.12287943436514492
  3.53611354241987597 3.69974113168832019
  3.06919991270726911 3.50699117362751300
  2.60224548510345910 3.31421696016367617
