Number of disks = 12
Depot = yes (node 13)
Tour length = 34.34295494277922245
Tour sequence = 13 4 12 8 5 2 9 7 3 10 1 11 6
Tour visit points:
  13.68549999999999933 1.24638000000000004
  15.58916391553965752 0.52805126365772515
  15.08553846575943602 2.60173059161908071
  13.11468365159893068 5.17279793356224360
  10.20060927206089119 6.44320735335725647
  7.47949712292017388 7.12829511147691086
  5.93687446788695006 7.29504759301488015
  4.68923370032892795 7.17379325479491836
  3.52004422299859376 7.06006172776212271
  3.97280426458951208 6.35807262276996621
  4.42556738512795089 5.65606379887978061
  3.58412338923233476 2.53071228624687672
  3.17991677644701332 1.02937732052904152
