Number of disks = 20
Depot = yes (node 21)
Tour length = 45.00307912324559112
Tour sequence = 21 14 20 16 3 8 18 10 6 19 1 15 2 9 12 7 11 17 13 4 5
Tour visit points:
  15.29439999999999955 9.25717999999999996
  13.76557639522945742 7.59791815010920502
  12.23675279056370968 5.93865630054920324
  12.38715933956718906 4.79630783267067962
  13.29850654247337793 2.04405600976616686
  13.14078588449383567 0.63629392296862164
  12.13145220018594728 0.80399986438164428
  11.12209673921858588 0.97172105551381127
  9.73678306302113050 3.42661348334678761
  9.68162340898806839 3.36182026882421292
  8.41636696817056951 1.87560348741856564
  7.94771331082568189 1.86814742457981886
  7.47905720617470138 1.86069093562180377
  6.15032859050849545 1.40725292884708586
  4.81098416442385712 3.03321057399114613
  4.58136141715899292 3.35536363674825600
  0.58602295891111944 8.96069035811506609
  7.17880577506676065 9.01414124139285455
  9.46993054047469940 7.40779536106700665
  12.51545763873340533 8.54451445709335289
  15.56098473699210949 9.68123355311970180
