Number of disks = 16
Depot = yes (node 17)
Tour length = 36.92934196254401513
Tour sequence = 17 15 9 1 12 7 3 6 16 10 8 11 4 5 14 2 13
Tour visit points:
  2.94832999999999990 7.37906999999999957
  2.19044085027908642 8.48003734881878835
  9.14529889167163113 9.17222148090597678
  9.35544539428214605 9.21197122445148509
  10.34410265865354361 9.39897993097408246
  10.11375612311113414 7.37466112119445505
  10.09957668023629118 7.25009942378287686
  11.88095856530881456 6.61964488556378239
  13.44319017552833806 6.97531432690909980
  14.08923234277417258 6.08136219872544714
  12.45185229599621124 1.76141782643016120
  11.63138723456017409 0.93200943865941865
  9.37348054979617551 3.01337747417651691
  7.77050909351802499 1.28360606411811240
  5.36558091025471384 1.90318648301503379
  4.29313441829835529 2.17944749300715568
  4.56548897853167102 5.53497834644911713
