Number of disks = 18
Depot = yes (node 19)
Tour length = 42.83077277120335680
Tour sequence = 19 13 12 15 1 2 10 9 3 11 16 8 18 5 7 14 17 4 6
Tour visit points:
  7.42454000000000036 9.69969999999999999
  9.91958034651872467 9.47569755301501360
  13.12335614309676401 9.07512054414052471
  13.57157712078136846 4.30334585979091067
  12.08095514303455609 5.41144487145606234
  10.59034290468154182 6.51953700752742371
  9.74215116755646626 7.08759684512402810
  7.49140804488116174 4.86823598011925629
  6.45199487300152796 3.84389910681864277
  5.94220723326171640 3.34185262871451005
  5.40140880441290605 2.80932624179743140
  7.32212928329530843 0.34244019473032472
  5.91014152998366615 0.54436925599877906
  3.07857192035435556 0.94931351541130027
  2.92474362511286756 3.06228632067762874
  1.34874592392199522 5.54665493633530282
  0.91675291150957683 6.22763935756493670
  1.15311899363119141 7.74445135521969252
  4.81118204282871709 8.31925344075903439
