Number of disks = 18
Depot = yes (node 19)
Tour length = 44.77729020765012535
Tour sequence = 19 8 12 10 5 18 16 1 2 7 6 15 13 9 14 11 4 17 3
Tour visit points:
  8.31812000000000040 3.01949999999999985
  9.61228563623991938 3.45478697251157429
  11.11588721057727902 0.97599978550077016
  13.14113681813864076 0.63655896525667455
  13.29890157786699234 2.04040462182732174
  12.39709298543320237 4.63263149117870121
  13.82594673162731347 7.00016680382298428
  14.27415739980797937 7.69471802481614553
  15.01490765573899822 8.84259101136247061
  15.55827250664127170 9.68459383721524247
  12.45975641963171299 8.54718377451479938
  9.36124033333106098 7.40977371187884604
  0.56471838850789868 8.92304496313077955
  4.57472433008268276 3.36085236011614708
  4.81018914848417722 3.03424462109185766
  6.14974803327190056 1.40741725979199850
  7.45699303644148515 1.85735467986789060
  7.87526574926851097 1.82544996456193354
  8.29352099135236287 1.79352938452655142
