Number of disks = 18
Depot = yes (node 19)
Tour length = 46.02939223943879199
Tour sequence = 19 7 17 10 18 1 4 8 9 14 13 12 3 5 11 6 15 2 16
Tour visit points:
  15.13860000000000028 8.37184000000000061
  11.14158736663011773 8.99341102810926429
  10.73214792276012552 8.40115495862560913
  9.70321154306493483 7.85953803880415425
  8.67427516325069803 7.31792111903223397
  8.39408141632427451 8.23132184276118828
  8.11388766937985118 9.14472256650333293
  6.52365897856336829 9.13153136293444945
  0.49189289770459826 9.08149689005802152
  0.81597645073259351 6.60337591690829839
  0.49682347788623848 4.43692142616750473
  3.20625009830405139 3.47397157412947166
  4.30541559559894793 0.51744681750247401
  6.51760760662496885 1.93052723372877444
  9.11772159730230847 1.91224792159891921
  9.41174986823774695 2.05318605591987380
  13.28827123169285507 0.95721280076927884
  11.59547885796812139 3.94493100657770102
  13.36694215792678975 6.30772815972007184
