Number of disks = 20
Depot = yes (node 21)
Tour length = 42.68799125005708106
Tour sequence = 21 1 3 16 14 20 5 6 10 7 18 4 8 13 17 11 15 9 2 19 12
Tour visit points:
  9.17361999999999966 3.02286000000000010
  9.16556374623901426 2.55991327928863566
  12.58116618332167391 1.70665882933359336
  14.60590176410636332 1.20088714926252216
  14.65971644831984655 2.63405331634482920
  14.85958916250946871 7.95692681322132955
  13.96181853822988828 7.55133564197997931
  11.96304959874658813 6.64833985422171203
  8.56702348976644856 9.36090311775610928
  6.20751518667052959 8.82252909020682274
  5.50431592035854500 8.66207861812335267
  4.42288541468724095 8.36519590241368682
  3.98437143049925524 8.25887595884807801
  1.88463068580477255 2.92433868015065501
  1.10474239928841866 0.94296712813278372
  1.31288582324147574 1.02795830698623214
  2.49781519008060027 1.51179801288940019
  3.68274493483613030 1.99563772766451764
  4.83923897721431207 1.58560505859151202
  6.58897418855515316 3.87468779191545698
  8.21678322252469506 3.80076960451513068
