Number of disks = 12
Depot = yes (node 13)
Tour length = 38.62817154210937076
Tour sequence = 13 8 4 1 12 2 5 6 9 11 3 10 7
Tour visit points:
  15.19139999999999979 8.76003000000000043
  11.79167488233867722 8.47955423980103440
  10.03540179728435966 7.58517600716996387
  6.40961381679252895 9.39525686164755314
  5.47569226539750797 7.80295443416939705
  3.18467795294137046 8.50805770353936097
  1.16849751121328915 3.18687389559125078
  3.73705433089507277 3.81484260920211948
  5.98439590377092756 4.36429292262192270
  6.42475101116398584 5.25436891439918874
  9.68134998810419489 4.51936722333813012
  14.18562516194567635 3.50276998351257030
  14.81567611061265133 7.00534178382848971
