Number of disks = 16
Depot = yes (node 17)
Tour length = 40.25981004964634735
Tour sequence = 17 16 13 6 2 7 15 1 9 10 4 8 12 14 11 5 3
Tour visit points:
  13.72700000000000031 9.36766000000000076
  12.76093130987327307 9.23759472796597692
  11.31032274374933877 6.69008960095788652
  9.71360594443398995 6.31920692747148927
  9.35819270570132922 7.82402630288608592
  8.95336073052637893 8.17225003504800895
  8.54852874276371999 8.52047376772851273
  6.21130590968284224 6.82341374591789762
  0.65070589923364841 2.78584703332834982
  5.07159885508143571 2.01234018964673433
  9.35669026582908181 1.26259472141016094
  10.86589786773672728 2.94626328446822328
  13.73258579578526906 1.63294061760145559
  13.80360522526323663 1.81007387131808239
  12.83476585635757417 3.75659808944888551
  13.16092922135963939 4.79226077049634203
  13.51516766005081216 5.91707139540092264
