Number of disks = 14
Depot = yes (node 15)
Tour length = 34.11782574909381793
Tour sequence = 15 4 1 12 3 5 13 14 2 9 6 11 7 10 8
Tour visit points:
  14.54630000000000045 4.55457999999999963
  14.58886488540620618 5.38418381091736276
  14.47318372764381955 6.21932427583167158
  10.54208360932627286 4.98584885252799825
  9.40201947361460810 4.62810674646576192
  9.37048671802919309 5.61288743026392112
  9.33895483136349469 6.59766735153800532
  6.93507807381863373 6.36074366678593162
  2.68033681546093572 5.94140061346712933
  1.58195012355040565 4.09611327919118651
  3.68886834736532254 3.66393165734059689
  3.59040840742727863 1.81784359419763297
  5.68792996919649241 0.85915634406643082
  9.33882398836978389 1.19628439867491965
  12.44848339634450340 2.38233165792756196
