Number of disks = 1000
Depot = yes (node 1001)
Tour length = 455.75161731634818807
Tour sequence = 1001 156 249 711 246 633 349 172 489 987 264 228 364 33 596 526 843 98 29 615 472 752 278 245 985 690 512 171 107 892 136 959 197 598 503 846 392 975 940 928 235 426 70 656 676 68 601 431 200 484 401 934 297 544 915 653 241 521 446 175 769 674 338 192 774 850 589 949 559 102 858 491 612 318 143 650 327 681 950 662 45 361 938 600 43 117 219 986 362 640 382 359 464 836 789 829 27 758 687 63 66 878 498 19 931 199 280 953 346 914 69 883 852 478 583 723 629 155 997 240 528 870 572 856 196 518 806 884 360 930 539 416 682 85 899 812 147 458 182 817 847 627 465 49 89 504 162 286 920 54 689 799 218 30 459 268 238 474 266 623 101 84 937 631 972 525 739 375 190 290 851 188 212 818 467 976 35 750 603 285 564 477 863 801 582 127 772 104 602 370 295 177 722 164 21 312 274 918 56 173 668 256 229 410 620 144 354 546 984 731 109 227 529 787 490 134 902 519 994 91 80 210 94 903 810 569 790 339 284 638 412 126 374 263 955 888 568 929 762 252 834 948 642 248 869 181 140 648 323 195 82 217 865 545 655 570 567 298 815 776 296 12 848 244 399 443 129 347 822 324 414 422 781 542 522 761 309 40 372 536 588 317 18 628 9 988 145 277 71 782 321 1000 42 853 470 187 289 840 677 825 421 159 821 672 466 52 357 581 809 992 483 696 573 179 515 400 824 438 939 383 319 471 232 895 831 112 611 808 875 487 67 660 398 344 995 912 855 826 734 203 390 110 294 388 51 860 423 534 152 336 970 908 872 751 983 206 845 585 732 160 456 654 479 25 326 666 315 691 747 377 897 901 936 828 500 945 749 991 255 83 586 135 626 322 149 301 118 859 862 550 864 904 440 348 538 547 969 23 204 665 919 313 770 380 517 890 208 565 62 5 166 590 874 960 242 624 394 630 105 744 720 745 714 53 619 575 759 773 139 882 753 157 269 982 183 803 275 455 310 436 20 968 775 617 637 28 941 816 719 497 454 760 721 879 599 17 927 476 13 397 115 447 468 701 15 554 783 146 462 233 885 72 22 926 337 415 92 527 174 434 257 234 424 496 430 58 253 76 924 93 501 678 247 88 365 475 50 292 962 841 185 44 657 768 702 867 120 96 150 73 780 225 616 695 124 36 141 794 814 300 893 644 2 168 260 16 764 880 41 557 373 60 614 556 584 703 597 437 894 186 493 169 343 330 485 733 797 896 270 543 460 610 954 580 664 449 577 737 886 191 532 363 935 911 973 958 279 558 932 833 308 574 201 205 239 39 876 406 823 320 95 230 563 391 576 705 553 267 961 215 996 757 981 138 684 718 202 441 385 835 411 106 990 251 591 1 699 453 977 811 369 305 643 725 108 153 743 726 448 800 922 209 226 452 302 405 304 325 562 463 868 663 379 170 735 898 838 560 90 952 75 432 766 180 404 621 243 645 552 913 450 634 900 442 963 31 329 48 788 566 999 804 439 506 435 113 366 342 221 767 641 99 606 350 417 671 488 854 607 132 746 403 686 508 163 509 956 741 707 433 887 692 451 613 700 673 974 386 523 14 724 259 222 807 947 77 376 351 237 537 754 130 933 792 381 114 771 530 353 81 636 979 276 97 119 909 331 978 281 194 131 709 595 198 395 779 333 905 457 989 980 683 507 3 79 651 387 499 646 605 740 593 727 513 796 184 137 271 502 549 965 742 59 736 34 531 541 813 944 511 551 328 697 571 756 946 540 122 857 128 116 158 47 533 715 167 57 100 307 220 216 495 548 378 917 469 345 849 224 154 658 214 738 622 316 332 505 966 777 46 998 389 871 334 123 578 906 303 231 429 951 717 87 272 748 907 262 133 4 461 287 993 706 367 407 679 10 86 74 971 335 520 61 418 680 189 688 802 652 594 820 729 213 635 889 494 8 675 352 371 355 710 258 368 649 708 111 891 632 647 579 341 26 910 250 288 64 480 667 842 65 282 358 795 716 844 670 618 420 819 125 121 923 492 832 78 445 7 384 11 38 535 223 957 837 311 514 877 755 393 625 555 207 608 481 32 685 778 669 765 142 693 176 791 805 609 704 916 356 340 763 37 283 866 712 236 428 408 713 482 921 151 730 306 402 964 148 516 639 444 396 785 419 698 193 694 273 925 798 486 661 427 861 261 830 943 314 161 291 592 473 265 413 524 659 293 942 425 793 254 873 211 881 561 165 6 55 839 827 510 786 24 103 784 604 409 299 967 587 178 728
Tour visit points:
  80.00000000000000000 20.00000000000000000
  80.98949093795381771 19.61982648004879692
  81.97898187590764962 19.23965296009759385
  82.96847281386148154 18.85947944014639432
  83.95796375181531346 18.47930592019519125
  84.53557252833678604 18.25738214777644686
  85.11318130485825861 18.03545837535770957
  85.69079008137973119 17.81353460293896873
  86.26839885790118956 17.59161083052023145
  86.26839885790118956 17.59161083052023145
  86.26839885788652396 17.59161083083127153
  85.93995171283614809 24.55308083750070480
  85.84838773785540411 26.49378842204144036
  85.75682376287464592 28.43449600658217236
  85.66525978789391615 30.37520359112290791
  85.57369581291317218 32.31591117566364346
  85.48213183793244241 34.25661876020438967
  85.39056786295171264 36.19732634474512878
  85.29900388797099708 38.13803392928588210
  85.21832627862536924 39.84800390811913218
  85.13764866927975561 41.55797388695238226
  85.25241612723829121 43.12390552771368846
  85.36718358519684102 44.68983716847498755
  85.48195104315539083 46.25576880923628664
  85.59671850111394065 47.82170044999759995
  85.64546001708289680 48.48674856931764765
  85.66570331861288423 48.76295601473081121
  85.68594662014285745 49.03916346014397476
  85.70618992167283068 49.31537090555713831
  85.72643322320278969 49.59157835097030897
  85.74667652473274870 49.86778579638347253
  85.76691982626267929 50.14399324179665030
  85.78716312779262410 50.42020068720982806
  85.80740642932255469 50.69640813262301293
  85.82764973085245686 50.97261557803619070
  83.97203297601474503 51.56900504200831392
  82.11641622117701900 52.16539450598043715
  80.26079946633929296 52.76178396995256747
  78.40518271150155272 53.35817343392469780
  76.54956595666382668 53.95456289789683524
  74.69394920182608644 54.55095236186897978
  74.38341249603158190 54.70033110582524216
  74.07287579023709156 54.84970984978151876
  73.76233908444260123 54.99908859373778824
  73.45180237864808248 55.14846733769406484
  73.14126567285357794 55.29784608165034854
  72.83072896705905919 55.44722482560663224
  72.52019226126454043 55.59660356956291594
  72.20965555547002168 55.74598231351919253
  71.18339213397403853 56.23965001209002423
  70.15712871247805538 56.73331771066084883
  69.83780830399550155 56.88692171511077333
  69.51848789551296193 57.04052571956069073
  69.19916748703042231 57.19412972401059392
  68.87984707854791111 57.34773372846049710
  68.56052667006538570 57.50133773291038608
  68.24120626158287450 57.65494173736027506
  67.92188585310037752 57.80854574181016403
  67.60256544461788053 57.96214974626003880
  67.44870437110758132 58.03616216886857160
  67.44870437110758132 58.03616216886857160
  67.16559770059501489 57.57523715315889490
  66.88249103008237739 57.11431213744918267
  66.59938435956966885 56.65338712173942071
  66.31627768905684661 56.19246210602959479
  66.03317101854391069 55.73153709031968361
  65.75006434803081845 55.27061207460967296
  65.46695767751755568 54.80968705889954151
  65.18385100700413659 54.34876204318930348
  64.90074433649049013 53.88783702747892335
  64.61763766597663050 53.42691201176838689
  64.33453099546254350 52.96598699605769411
  64.05142432494821492 52.50506198034683791
  63.76831765443362343 52.04413696463580408
  63.48521098391877615 51.58321194892458550
  63.20210431340365886 51.12228693321317508
  62.91899764288826447 50.66136191750158702
  62.73374614708522756 50.35975458179984798
  62.54849465128202013 50.05814724609811606
  62.36324315547871322 49.75653991039647650
  62.10551675869275812 49.33693643277014473
  61.86964647544964180 48.95291681991047028
  61.63377619220635495 48.56889720705077451
  61.39790590896292599 48.18487759419106453
  61.16203562571935493 47.80085798133132613
  60.92616534247564886 47.41683836847157352
  60.69029505923182199 47.03281875561179959
  60.45442477598788145 46.64879914275201855
  60.21855449274384853 46.26477952989222331
  59.98268420949970903 45.88075991703241385
  59.74681392625549847 45.49674030417259729
  59.51094364301123107 45.11272069131278073
  59.27507335976692104 44.72870107845294996
  59.03920307652259680 44.34468146559312629
  58.80333279327825835 43.96066185273328841
  58.57855522550225658 43.59470225252586317
  58.57855522550225658 43.59470225252586317
  58.57855522549027683 43.59470225252746189
  58.00950037721358399 44.02716902172894464
  57.44044552019661154 44.45963579857502879
  56.87139065007939820 44.89210258687913324
  56.30233576251192318 45.32456939044595856
  55.73328085315647940 45.75703621306942637
  55.16422591769012485 46.18950305853056904
  54.59517095180716240 46.62196993059530570
  54.02611595122208143 47.05443683301194824
  53.45706091167278373 47.48690376950827385
  52.88800582892451985 47.91937074378817840
  52.31895069877457161 48.35183775952749841
  51.74989551705789381 48.78430482036917226
  51.18084027965383598 49.21677192991727168
  50.61178498249412172 49.64923909173007388
  50.04272962157211424 50.08170630931191170
  49.47367419295350999 50.51417358610389385
  48.90461869278828999 50.94664092547338186
  48.33556311732402833 51.37910833070237970
  47.76650746292030192 51.81157580497495019
  47.19745172606401695 52.24404335136376432
  46.62839590338550977 52.67651097281604677
  46.50885352064960898 52.79653221226485016
  46.38931107351608318 52.91655349602559255
  46.26976857284573441 53.03657480863446949
  46.08034624993605632 53.22675580595092271
  45.89092392062715220 53.41693677052364109
  45.70150160845644649 53.60711767170712250
  45.51207933688399265 53.79729847903058726
  45.32265712925050138 53.98747916225322285
  45.13323500873580230 54.17765969141873938
  45.11302603111163023 54.25817172857352233
  45.09281712524975205 54.33868370376361412
  45.07260828327588342 54.41919566316867218
  45.05239949720135684 54.49970765295773134
  45.03219075893606060 54.58021971921358784
  45.01198206030192495 54.66073190785652258
  44.99177339304692680 54.74124426456751991
  44.97156474885970567 54.82175683471086813
  44.95135611938468401 54.90226966325651858
  44.93114749623759963 54.98278279470223850
  44.91093887102154980 55.06329627299574270
  44.89073023534330531 55.14381014145707383
  44.87052158082994424 55.22432444270129537
  44.85031289914562791 55.30483921856188090
  44.83010418200844782 55.38535451001487786
  44.80989542120732949 55.46587035710406610
  44.78968660861874440 55.54638679886731722
  44.80382849273222945 55.74198018938437116
  44.81797027583145621 55.93757413253032240
  44.83211193357716695 56.13316860570806455
  44.84625344186125062 56.32876358525972194
  44.86039477684351340 56.52435904646516462
  44.87453591498908878 56.71995496354711008
  44.88867683310632373 56.91555130968291110
  44.90281750838520480 57.11114805702383990
  44.91695791843640961 57.30674517672177615
  44.93109804133079166 57.50234263896388143
  44.94523785563930574 57.69794041301498311
  44.95937734047335965 57.89353846726778841
  44.97351647552532938 58.08913676930081493
  44.98765524110933711 58.28473528594361852
  45.00179361820197244 58.48033398334911936
  45.01593158848302778 58.67593282707258595
  45.03006913437588565 58.87153178215665861
  45.04420623908765009 59.06713081322190106
  45.05834288664872389 59.26272988456233293
  45.07247906195176057 59.45832896024504777
  45.08661475078977787 59.65392800421334130
  45.10074993989343994 59.84952698039250407
  45.11488461696710317 60.04512585279751136
  45.12901877072371803 60.24072458564174326
  45.14315239091825305 60.43632314344593226
  45.15728546837961233 60.63192149114652096
  45.17584370543062988 60.88877037607478826
  45.19440138985572020 61.14561911027551844
  45.21295851841561131 61.40246772383151352
  45.23151508903578133 61.65931624700863978
  45.25007110082324147 61.91616471019348467
  45.26862655408068292 62.17301314382920907
  45.28718145031761111 62.42986157834990735
  45.30573579225835346 62.68671004411345393
  45.32428958384669215 62.94355857133329835
  45.34284283024701523 63.20040719000971308
  45.36139553784171596 63.45725592986072172
  45.37994771422476958 63.71410482025341082
  45.39849936819130249 63.97095389013611566
  45.41705050972309721 64.22780316797204136
  45.43560114996994770 64.48465268167475983
  45.47375815384166486 65.01297600429083445
  45.51191470540035766 65.54129967231718012
  45.55007083069094875 66.06962373909848907
  45.58822655672261703 66.59794825684122088
  45.62638191140727173 67.12627327648242215
  45.66453692349409721 67.65459884756626252
  45.70269162250028216 68.18292501812928208
  45.74084603863842347 68.71125183459427888
  45.77900020274060466 69.23957934167337669
  45.81715414617995208 69.76790758228018774
  45.87965046789444301 70.63331462883272138
  45.93426055650230921 71.38952098831244086
  45.98887046962809677 72.14572690711274561
  46.04348024685895524 72.90193235257272875
  46.09808992796216387 73.65813729297795476
  46.12962791842028309 73.75863913396653970
  46.16116584047518501 73.85914053802517287
  46.19270370820991900 73.95964154049704575
  46.22424153583602191 74.06014217752515094
  46.25577933767800687 74.16064248600727637
  46.28731712815656607 74.26114250354684998
  46.31885492177039509 74.36164226839969160
  46.35039273307662455 74.46214181941654431
  46.38193057666980934 74.56264119598118612
  46.41346846715947549 74.66314043794429267
  46.44500641914638095 74.76363958555327827
  46.47654444719743339 74.86413867937802991
  46.50808256581946409 74.96463776023317394
  46.53962078943197156 75.06513686909707417
  46.57115913233899818 75.16563604702785995
  46.60269760870028932 75.26613533507735099
  46.63423623250197636 75.36663477420290747
  46.66577501752693991 75.46713440517820004
  46.69731397732503808 75.56763426850329779
  46.72885312518353373 75.66813440431442928
  46.76039247409767086 75.76863485229451101
  46.79211589265163695 75.86972151025349831
  46.82383951350414009 75.97080848231254890
  46.85556333683173591 76.07189576874633019
  46.88728736251295715 76.17298336936686098
  46.91901159012785172 76.27407128352263044
  46.95073601895783355 76.37515951009847015
  46.98246064798597388 76.47624804751592364
  47.01418547589767627 76.57733689373431218
  47.04591050108173533 76.67842604625249692
  47.07763572163183596 76.77951550211096787
  47.10936113534830127 76.88060525789475719
  47.14108673974033792 76.98169530973689234
  47.17281253202853009 77.08278565332216203
  47.20453850914774563 77.18387628389179156
  47.23626466775034061 77.28496719624826028
  47.26799100420975464 77.38605838476097176
  47.29971751462440466 77.48714984337227918
  47.33144419482201215 77.58824156560416441
  47.36317104036420744 77.68933354456551399
  47.39489804655167404 77.79042577295992089
  47.42662520842957719 77.89151824309431049
  47.45835252079355371 77.99261094688804974
  47.49007997819611404 78.09370387588300844
  47.52180757495356289 78.19479702125433107
  47.55353530515354521 78.29589037382203287
  47.58526316266304690 78.39698392406349114
  47.61699114113704923 78.49807766212693139
  47.64871923402781562 78.59917157784575181
  47.68044743459476820 78.70026566075392793
  47.71217573591503225 78.80135990010235503
  47.74390413089462726 78.90245428487619961
  47.77563261228020508 79.00354880381327405
  47.80736117267151997 79.10464344542316439
  47.83908980453436754 79.20573819800749504
  47.87081850021409934 79.30683304968087555
  47.90254725194967023 79.40792798839265743
  47.93427605188804108 79.50902300194935890
  47.96600489209900076 79.61011807803774332
  47.99773376459033614 79.71121320424813916
  48.02946266132310882 79.81230836809849905
  48.06119157422723731 79.91340355705827392
  48.09292049521704371 80.01449875857275629
  48.12464941620685011 80.11559396008725287
  48.12464941620685011 80.11559396008725287
  48.12464941620883963 80.11559396008784972
  48.53919957678610331 80.23954708443915251
  48.95362535504228418 80.36333247949553993
  49.36786719133171175 80.48686985941965588
  49.78186763065655640 80.61008180492275699
  50.19557120226970426 80.73289360633330602
  50.84934476254495195 80.92656980275583578
  51.50083867736053378 81.11907670360852762
  52.14960246231996166 81.31017189022662706
  52.79633430633188595 81.49990254776177778
  53.44296244104916127 81.68861856992084824
  54.09158467334530940 81.87669782615699887
  54.74247834363381315 82.06404283557156987
  55.39280837339831010 82.24976684789473325
  56.03570691943568249 82.43197300690799523
  56.67932773052261552 82.61260233395299224
  57.32261754706035362 82.79125287593814164
  57.94453811742020832 82.96244628553642997
  58.51226060408693286 83.11774284721542472
  58.99548505357915928 83.24942757440047103
  59.39703377888994140 83.35838871728294919
  59.71887883541656095 83.43596646053782706
  60.00256221545700441 83.50712654541901259
  60.28689610007829458 83.58183716130450591
  60.48531760012451741 83.63479922734239835
  60.70756532362666746 83.69282020041737269
  60.95229262959230709 83.75433887085338824
  61.21557047914700433 83.81768564418547385
  61.49257195013259292 83.88131312847305310
  61.77798056305838514 83.94377041148695184
  62.06637061417239210 84.00370091106384507
  62.29399092730372445 84.04775579176593681
  62.52793385332871168 84.08982040170975836
  62.76979767488324313 84.13019675723776913
  62.93488611746859362 84.15479040348935769
  63.10725480819154143 84.17770196930005966
  63.28656756603204769 84.19897411395308495
  63.47243859645088548 84.21868006248857341
  63.66439001379434615 84.23692605651187648
  63.86180851980243034 84.25385380205906927
  63.92032109828556230 84.25718554809202487
  63.97631541856166848 83.99548032571888712
  64.03431660462413788 83.73263006028949462
  64.09429150273327025 83.46883636149517827
  64.15618134842141274 83.20429973185432004
  64.21990660199131185 82.93921214050330093
  64.28537120975454400 82.67375089081595263
  64.35246627019151333 82.40807383521382690
  64.42107311400847891 82.14231593708390733
  64.49106583049376695 81.87658713495761731
  64.56231328877458964 81.61097142914817937
  64.63468071207249466 81.34552708553142963
  64.70803086711038077 81.08028783383184646
  64.78222493097706547 80.81526492694325725
  64.85712309554691046 80.55044992168127749
  64.93258496633629306 80.28581803827748331
  65.00846980953126319 80.02133195454246106
  65.08463669857702882 79.75694589001147961
  65.16094461054802878 79.49260983508271750
  65.23725252251867346 79.22827378015443855
  65.23725252251971085 79.22827378015206534
  65.72886331082551692 79.03861092577793102
  66.22047409901801984 78.84894807141945705
  66.71208488704067463 78.65928521708450205
  67.20369567483712103 78.46962236278092462
  67.28554147948135267 78.43804634912228835
  67.36738728289384426 78.40647033587849535
  68.38403040877578576 78.11245667069543686
  69.40067353507164682 77.81844300597933284
  70.41731666260315592 77.52442934175557809
  71.43395979219033620 77.23041567804912688
  72.45060292465092289 76.93640201488446451
  73.46724606079962427 76.64238835228562152
  74.48388920144758174 76.34837469027610268
  74.59310915296585165 76.41414390323876660
  74.70232910907554924 76.47991311655692925
  74.81154906981736019 76.54568233011336531
  74.92076903522837483 76.61145154379069311
  75.02998900534223026 76.67722075747154520
  75.13920898018916716 76.74298997103862519
  75.66724911102093643 77.06096096297775944
  76.19528924657390689 77.37893195349289499
  76.72332938683739201 77.69690294193001989
  77.25136953179776356 78.01487392763621642
  77.77940968143852274 78.33284490995986005
  78.30744983574047069 78.65081588825101733
  78.83548999468183638 78.96878686186164487
  79.36353015823839030 79.28675783014598721
  79.89157032638365763 79.60472879246080424
  80.41961049908894665 79.92269974816579747
  80.94765067632360456 80.24067069662386587
  81.89492728323477877 80.81109402478585935
  82.84220381677612011 81.38151729658790146
  83.78948023806222523 81.95194048752057370
  84.73675650827178174 82.52236357311913650
  84.87833084891201452 82.63584717001621982
  85.01990507293506028 82.74933070383711708
  85.16147919763872665 82.86281419574405049
  85.30305324035649051 82.97629766691044040
  85.44462721845010833 83.08978113851290459
  85.58620114930212708 83.20326463172386866
  85.72777505030849454 83.31674816770460268
  85.86934893887119813 83.43023176759892579
  86.01092283239088943 83.54371545252770659
  84.53772229835372798 85.03698414358608204
  83.06452233415618025 86.53025261607697871
  81.59132322217817546 88.02352071822222968
  81.03286854435846465 88.03900844510553725
  80.47441444631600405 88.05449558581965164
  79.91596079182178869 88.06998203245632340
  79.61388225921056971 88.07835821291587308
  79.31181167201374649 88.08673337038014495
  78.24968723377543256 88.11618063555421543
  77.18757019502638173 88.14562646722640693
  76.12546028425725808 88.17507065977940783
  75.06335723126437642 88.20451300724892008
  73.42166691786822241 88.25001999254544671
  71.77998105296245512 88.29552453832940273
  70.13829843293012800 88.34102634651006269
  68.49661785453233165 88.38652511833186054
  66.85493811468212755 88.43202055434279885
  65.21325801022138080 88.47751235439221773
  63.76453657324940139 88.51765322949073322
  62.31581093518872905 88.55778998439629390
  60.86707917718986494 88.59792237620411015
  59.41833937998976012 88.63805016167317774
  57.96958962402198523 88.67817309742615350
  56.85588468084303315 88.70901165731832805
  55.74217031988880677 88.73984489703981637
  54.62844681286301807 88.77067258212019851
  54.01536462388371973 88.78763666526464249
  53.40227543974737046 88.80459488718902605
  52.78918033717891234 88.82154709655682723
  52.17608039380107954 88.83849314378782935
  51.56297668820830893 88.85543288144307894
  50.94987030005260920 88.87236616463889050
  50.77501112108933512 88.87718901253774106
  50.60015113343884252 88.88200529695103569
  50.42529127315878412 88.88681496793056169
  50.25043247493643861 88.89161797886262661
  50.07557567152100830 88.89641428670140044
  49.90072179317174061 88.90120385220882326
  49.72587176712137591 88.90598664019584874
  49.55102651705405492 88.91076261976034800
  49.37618696259678330 88.91553176451684237
  49.20135401882301807 88.92029405281360255
  48.98055313383014209 88.92630179806756985
  48.75975810996811077 88.93230273031365130
  48.53896856614820621 88.93829687923945926
  48.31818411729243223 88.94428428005807064
  48.09740437452300910 88.95026497362979967
  47.87662894537250935 88.95623900654858573
  47.65585743401463503 88.96220643119158922
  47.43508944151472662 88.96816730573155496
  46.67489160431497908 88.98868683895767617
  45.91469668017107608 89.00920018209828299
  45.15450436114535648 89.02970752385239450
  44.39431433591168741 89.05020905861999836
  43.63412628978743868 89.07070498639008349
  42.87393990481305650 89.09119551259712466
  42.11375485988107670 89.11168084794883271
  41.35357083091595598 89.13216120822782784
  40.59338749110482070 89.15263681407046192
  39.83320451117884886 89.17310789072580235
  39.07302155974383595 89.19357466779796084
  38.31283830365786258 89.21403737897469455
  37.55265440845297320 89.23449626174536320
  36.79246953879735571 89.25495155711078610
  36.03228335899336088 89.27540350928769897
  35.27209553350630955 89.29585236541002757
  34.51190572751823993 89.31629837522891080
  33.75171360750033500 89.33674179081343425
  32.99151884179715921 89.35718286625316864
  32.23132110121542127 89.37762185736420406
  31.59437452683586400 89.39474511077972352
  30.95742548708367181 89.41186668447988950
  30.32047423926035634 89.42898678248901945
  30.11467775959997084 89.43451675397020040
  29.90887924058606728 89.44004538462000653
  29.70307876866819186 89.44557274323406659
  29.49727643159604185 89.45109889944525605
  29.29147231835374754 89.45662392367211169
  29.08566651909669787 89.46214788706882359
  28.87985912508995057 89.46767086147664827
  28.67405022864724984 89.47319291937570540
  28.46823992306989126 89.47871413383685990
  28.26242830258452088 89.48423457847299289
  28.09965092962192301 89.48859997959856116
  27.93687244635226818 89.49296472738539876
  27.77409295619206731 89.49732888072890091
  27.61131256320516414 89.50169249890223000
  27.44853137202696303 89.50605564151159399
  27.28574948778615905 89.51041836845018906
  27.12296701602424776 89.51478073985076378
  26.96018406261306666 89.51914281603710322
  26.79740073367090503 89.52350465747468888
  26.63461713547760112 89.52786632472076178
  26.47183337438909589 89.53222787837407282
  26.30904955675202217 89.53658937902460480
  26.30904852248972503 89.53656355735182615
  26.30904743152903436 89.53653767892495807
  26.30344222672048815 89.40357923476145174
  26.29783696214272837 89.27062073693797117
  26.29223163625632864 89.13766218699475985
  26.28662624752257315 89.00470358646987279
  26.28102079440606431 88.87174493690079657
  26.27541527537734822 88.73878623982602676
  26.26980968891561474 88.60582749678658843
  26.26420403351140465 88.47286870932745728
  26.25859830766936653 88.33990987899888125
  26.25299250991107058 88.20695100735763106
  26.24738663877782230 88.07399209596820810
  26.24178069283348336 87.94103314640382507
  26.23617467066736708 87.80807416024748591
  26.23056857089705574 87.67511513909282428
  26.22496239217127467 87.54215608454495623
  26.21935613317272740 87.40919699822120492
  26.21374979262091642 87.27623788175181119
  26.20814336927490729 87.14327873678047354
  26.20253686193611742 87.01031956496490238
  26.19693026945098779 86.87736036797728900
  26.19132359071368654 86.74440114750461817
  26.18571682466871309 86.61144190524905184
  26.18010997031347742 86.47848264292811393
  26.17450302670084739 86.34552336227478975
  26.16889599294163204 86.21256406503761127
  26.16328886820703303 86.07960475298054348
  26.15768165173106752 85.94664542788287065
  26.15207434281295207 85.81368609153877003
  26.14646694081941902 85.68072674575694236
  26.14085944518706128 85.54776739235998662
  26.13525185542458118 85.41480803318363257
  26.12964417111502513 85.28184867007578873
  26.12403639191796145 85.14888930489547647
  26.11842851757160844 85.01592993951150845
  26.11282054789487006 84.88297057580096805
  26.10721248278929707 84.75001121564758932
  26.10160432224095217 84.61705186093989539
  26.09599606632211177 84.48409251356918048
  26.09038771519286115 84.35113317542727884
  26.08477926910249067 84.21817384840423415
  26.07917072839070727 84.08521453438581261
  26.07356209348861498 83.95225523525090239
  26.06795336491948234 83.81929595286879930
  26.06234454329922201 83.68633668909642154
  26.05673562933661103 83.55337744577555270
  26.05112662383320909 83.42041822472987178
  26.04551752768298911 83.28745902776225307
  26.03990834187166925 83.15449985665188137
  26.03429906747573952 83.02154071315152351
  26.02868970566116502 82.88858159898479983
  26.02308025768185473 82.75562251584373996
  26.01289344977525886 82.51416964722427849
  26.00270656182171791 82.27271684677262442
  25.99251959699759951 82.03126413296604369
  25.98233255855222978 81.78981152420277567
  25.97214544980361950 81.54835903878890235
  25.96195827413410484 81.30690669492454958
  25.95177103498583193 81.06545451068947727
  25.94158373585623423 80.82400250402776010
  25.93139638029343530 80.58255069273207027
  25.92120897189169781 80.34109909442713615
  25.91102151428691158 80.09964772655280285
  25.90083401115214201 79.85819660634659556
  25.89672138756063902 79.76072577944557906
  25.89260872048083684 79.66325518911159520
  25.88849601098517184 79.56578482951340447
  25.88438326017925561 79.46831469463907638
  25.88027046920112539 79.37084477830021001
  25.87615763922054413 79.27337507413581363
  25.87204477143830417 79.17590557561575793
  25.86793186708566950 79.07843627604415815
  25.86381892742378596 78.98096716856235844
  25.85970595374311998 78.88349824615198713
  25.85559294736293978 78.78602950163784158
  25.85147990963071152 78.68856092769107136
  25.84736684192153788 78.59109251683236153
  25.84325374563747246 78.49362426143544269
  25.83914062220684826 78.39615615373099899
  25.83502747308345349 78.29868818581090295
  25.83091429974569664 78.20122034963296187
  25.82680110369559046 78.10375263702628956
  25.82268788645769675 78.00628503969713279
  25.81857464957792914 77.90881754923535141
  25.81446139462225275 77.81135015712159486
  25.81034812317525251 77.71388285473493340
  25.80623483683862673 77.61641563336122829
  25.80212153722954582 77.51894848420199935
  25.79800822597892918 77.42148139838381837
  25.79389490472962621 77.32401436696817143
  25.78978157513454050 77.22654738096183280
  25.78566823885468295 77.12908043132735258
  25.78155489755716090 77.03161350899402748
  25.77744155291316730 76.93414660486888579
  25.77332820659593793 76.83667970984782869
  25.76921486027870856 76.73921281482678580
  25.76921486027870856 76.73921281482678580
  25.76921485681189949 76.73921281797181848
  24.87198338080610682 77.55316672705295389
  23.97475190480086837 78.36712063613406087
  23.07752042879642929 79.18107454521511102
  22.18028895279302404 79.99502845429611853
  21.28305747679085869 80.80898236337709761
  19.95252636617471964 82.01601870528806160
  18.62199525555941193 83.22305504719982139
  17.56057734761525779 84.18595623652586823
  16.49915943967196341 85.14885742585292405
  15.43774153172951813 86.11175861518108832
  14.37632362378789530 87.07465980451046050
  13.31490571584707183 88.03756099384105482
  12.74291316994862022 88.55646339657556609
  12.58912594211629354 88.69597668674933288
  12.43533871428469517 88.83548997692429339
  12.28155148645379491 88.97500326710040497
  12.12776425862355012 89.11451655727756815
  11.97397703079390752 89.25402984745574031
  11.82018980296480848 89.39354313763477933
  11.66640257513618906 89.53305642781459994
  11.51261534730797464 89.67256971799508847
  11.35882811948008886 89.81208300817610279
  11.20504089165245354 89.95159629835752924
  11.05125366382498697 90.09110958853923989
  10.89746643599760390 90.23062287872106424
  10.74367920817022082 90.37013616890290280
  10.74367920817022082 90.37013616890290280
  10.74548059194681393 90.08401559131304737
  10.74728197572340882 89.79789501372319194
  10.74908335950000549 89.51177443613335072
  10.75088474327660570 89.22565385854349529
  10.75268612705320947 88.93953328095366828
  10.75448751082981858 88.65341270336385548
  10.75628889460643123 88.36729212577404269
  10.75854982797844173 88.00817955315707763
  10.76081076135045933 87.64906698054012679
  10.76307169472248404 87.28995440792317595
  10.76533262809451585 86.93084183530623932
  10.76759356146655477 86.57172926268931690
  10.76985449483860258 86.21261669007239448
  10.77211542821065926 85.85350411745548627
  10.77446189597849013 85.48080579424076575
  10.77680836374632989 85.10810747102604523
  10.77915483151418208 84.73540914781133893
  10.78150129928204137 84.36271082459663262
  10.78384776704991310 83.99001250138195473
  10.78619423481779371 83.61731417816727685
  10.78854070258568143 83.24461585495259897
  10.79088717035357803 82.87191753173793529
  10.79323363812148173 82.49921920852328583
  10.79558010588939254 82.12652088530863637
  10.79792657365730868 81.75382256209398690
  10.80027304142523192 81.38112423887936586
  10.80261950919316050 81.00842591566475903
  10.80496597696109440 80.63572759245013799
  10.80731244472902830 80.26302926923551695
  10.80965891249696931 79.89033094602092433
  10.81765707589656955 78.61995249524609619
  10.81765707589656955 78.61995249524609619
  10.81765707589656955 78.61995249524609619
  10.81765707589656955 78.61995249524609619
  10.81765707589656955 78.61995249524609619
  10.81765707590017378 78.61995249521463336
  10.83789873743322474 78.44319250915593500
  10.85814039895158523 78.26643252306783438
  10.87838206044792955 78.08967253693572275
  10.89862372191495865 77.91291255074494870
  10.91886538334539836 77.73615256448101718
  10.93910704473201001 77.55939257812940468
  10.95934870606759759 77.38263259167572983
  10.97959036734501304 77.20587260510572492
  10.99983202855716335 77.02911261840517909
  11.02007368969701950 76.85235263156003782
  11.04031535075762704 76.67559264455636026
  11.06055701173210792 76.49883265738043292
  11.08079867261367468 76.32207267001867024
  11.10104033339564111 76.14531268245769979
  11.12128199407142759 75.96855269468434813
  11.14152365463456462 75.79179270668568336
  11.16176531507871950 75.61503271844904361
  11.18200697539769450 75.43827272996202282
  11.20224863558543227 75.26151274121252754
  11.22249029563603884 75.08475275218874856
  11.24273195554378191 74.90799276287923192
  11.26297361530310681 74.73123277327285052
  11.28321527490864185 74.55447278335888939
  11.30345693435521426 74.37771279312698880
  11.32369859363784492 74.20095280256717274
  11.34394025275177675 74.02419281166993414
  11.36418191169246228 73.84743282042620649
  11.38442357045558140 73.67067282882733537
  11.40466522903704849 73.49391283686513532
  11.42490688743301241 73.31715284453190407
  11.44514854563986539 73.14039285182045091
  11.46539020365425010 72.96363285872402571
  11.48563186147305437 72.78687286523643252
  11.50587351909342182 72.61011287135195857
  11.52611517651275364 72.43335287706538850
  11.54635683372870858 72.25659288237203270
  11.56659849073919766 72.07983288726775584
  11.58684014754239833 71.90307289174887728
  11.60708180413674029 71.72631289581225644
  11.62732346052091437 71.54955289945527852
  11.64756511669386541 71.37279290267585452
  11.66780677265479760 71.19603290547237862
  11.68804842840316027 71.01927290784372815
  11.70829008393866211 70.84251290978936311
  11.72853173926125869 70.66575291130914138
  11.74877339437115076 70.48899291240351772
  11.76901504926878594 70.31223291307337320
  11.78925670395485881 70.13547291332008626
  11.80949835843030016 69.95871291314551854
  11.82974001269628239 69.78195291255201482
  11.84998166675422127 69.60519291154243149
  11.85748805634368530 69.53964345236060751
  11.86499444572299922 69.47409399279996478
  11.87250083489147201 69.40854453287988690
  11.88000722384864360 69.34299507262016959
  11.88751361259430439 69.27744561204114859
  11.89502000112847568 69.21189615116360017
  11.90252638945142927 69.14634669000874112
  11.91003277756367495 69.08079722859824301
  11.91753916546597658 69.01524776695426056
  11.92504555315934667 68.94969830509930375
  11.93255194064504465 68.88414884305633734
  11.94005832792459465 68.81859938084866712
  11.94756471499977124 68.75304991849999681
  11.95507110187261546 68.68750045603428589
  11.96257748854542591 68.62195099347583493
  11.97008387502077476 68.55640153084917188
  11.97759026130150417 68.49085206817903781
  11.98509664739072456 68.42530260549034438
  11.99260303329182165 68.35975314280810267
  12.00010941900845474 68.29420368015743747
  12.00761580454455846 68.22865421756341675
  12.01512218990433567 68.16310475505110844
  12.02262857509226812 68.09755529264549523
  12.03013496011310757 68.03200583037134663
  12.03764134497186689 67.96645636825331849
  12.04514772967382541 67.90090690631571135
  12.05265411422451471 67.83535744458257000
  12.06016049862971329 67.76980798307752707
  12.06766688289545009 67.70425852182378890
  12.07517326702797789 67.63870906084409285
  12.20530175438354625 67.50999908081081458
  12.33543024181284409 67.38128910080376954
  12.46555872941895338 67.25257912069922384
  12.59568721730446939 67.12386914037381302
  12.72581570557139585 66.99515915970471269
  12.96553502146263170 66.79854380455088858
  13.20525433772633406 66.60192844906062248
  13.44497365435707970 66.40531309323839082
  13.68469297134881479 66.20869773708926687
  13.92441228869487091 66.01208238061883549
  14.16413160638798985 65.81546702383326419
  14.40385092442032366 65.61885166673920367
  14.64357024278346842 65.42223630934384460
  14.88328956146848547 65.22562095165483242
  15.12300888046591396 65.02900559368029576
  15.36272819976579562 64.83239023542884638
  15.60244751935769791 64.63577487690947976
  15.84216683923074598 64.43915951813161769
  16.08188615937363153 64.24254415910505145
  16.32160547977464660 64.04592879983998444
  16.56132480042169774 63.84931344034691847
  16.80104412130233271 63.65269808063672485
  17.04076344240376528 63.45608272072053069
  17.28048276371288949 63.25946736060981834
  17.52020208521631162 63.06285200031626914
  17.75992140690037502 62.86623663985186283
  17.99964072875116727 62.66962127922877812
  18.23936005075454503 62.47300591845944240
  18.47907937289617308 62.27639055755643938
  18.71879869516153150 62.07977519653251619
  18.95851801753592980 61.88315983540061183
  19.19823734000456028 61.68654447417375764
  19.43795666255248378 61.48992911286514129
  19.67767598516467231 61.29331375148798600
  19.91739530782602685 61.09669839005567127
  20.15711463052140573 60.90008302858156952
  20.39683395323562820 60.70346766707911002
  20.63655327595352063 60.50685230556173622
  20.59885676218170758 60.41802935691926990
  20.56116024841360712 60.32920640826204561
  20.52346373464922635 60.24038345959017704
  20.48576722088857593 60.15156051090377787
  20.44807070713165942 60.06273756220301863
  20.41037419337847680 59.97391461348803432
  20.37267767962901743 59.88509166475903100
  20.33498116588327065 59.79626871601619342
  20.29728465214122579 59.70744576725972763
  20.25958813840286155 59.61862281848988232
  20.22189162466814949 59.52979986970691328
  19.69070709509950134 58.27818873672869415
  19.15952256553587318 57.02657760374945894
  18.62833803597796489 55.77496647077527570
  18.46420731632546364 55.38823111883490924
  18.30007659667676023 55.00149576689789654
  18.13594587703107308 54.61476041496361944
  17.97181515738687096 54.22802506303042946
  17.80768443774429954 53.84128971109903006
  17.64355371809960715 53.45455435916468190
  17.64355371809963202 53.45455435916314002
  17.04805754927451389 53.10512119116575747
  16.45256156045690332 52.75568721480895817
  15.85706584145939857 52.40625202677166783
  15.26157048189498155 52.05681522463032707
  14.60466708396746149 51.67134184707175137
  13.94776274399041327 51.28586509224537338
  13.29085681270107777 50.90038408238824985
  12.63394864243789506 50.51489794319242321
  11.97703758762030191 50.12940580453317096
  11.32012300524613124 49.74390680123455866
  10.66320425540843608 49.35840007387093920
  10.67958715996171648 49.03447866963625046
  10.69596461712610669 48.71054927296362536
  10.71233599387007729 48.38661175872159248
  10.72870066259357102 48.06266600803702715
  10.74505800175735892 47.73871190849493473
  10.76140739652704070 47.41474935436090732
  10.77774823942933224 47.09077824682254487
  10.79407993101794894 46.76679849424624535
  10.81040188054632445 46.44281001244517171
  10.82671350664422150 46.11881272495496376
  10.84301423799533381 45.79480656331315913
  10.85930351401299809 45.47079146733874921
  10.87558078551127316 45.14676738540812551
  10.89658984998625613 44.72828781186500180
  10.91758523574705109 44.30980498495593878
  10.93856612645875259 43.89132178057408140
  10.95953172082332827 43.47284107964784994
  10.98048123346062077 43.05436576691773354
  11.00141389577547102 42.63589872952282178
  11.02232895680993785 42.21744285537660346
  11.04322568407951088 41.79900103131550537
  11.06410336439245512 41.38057614100767267
  11.08496130465133866 40.96217106261375562
  11.10579883263599754 40.54378866619563127
  11.12661529776716307 40.12543181087303878
  11.14741007185011945 39.70710334173235623
  11.16818254979779113 39.28880608649522088
  11.18893215033280697 38.87054285195869596
  11.20965831666815049 38.45231642022159946
  11.23036051716622552 38.03412954471505003
  11.25103824597619173 37.61598494605745202
  11.27169102364975828 37.19788530775680613
  11.29231839773566115 36.77983327178503714
  11.31291994335333229 36.36183143405038010
  11.33349526374644078 35.94388233979528735
  11.35404399081717308 35.52598847894785195
  11.37456578564222198 35.10815228145535372
  11.39506033897170667 34.69037611262845644
  11.41552737171219079 34.27266226852457720
  11.43520089655797456 33.87064114362874534
  11.45484691090016227 33.46867724960652168
  11.47446546584308180 33.06676793712675533
  11.49405664342771516 32.66491048970876676
  11.51362055677855878 32.26310212498445651
  11.53315735022966493 31.86133999634592229
  11.55266719942905240 31.45962119500802245
  11.57215031142041184 31.05794275250490699
  11.59160692470083376 30.65630164362917753
  11.61103730925295530 30.25469478981167271
  11.63044176654956274 29.85311906292987771
  11.64982062952828556 29.45157128952297754
  11.66917426253352019 29.05004825538281565
  11.68850306122240390 28.64854671048181700
  11.70780745243104626 28.24706337419204871
  11.72708789399702489 27.84559494074381192
  11.74634487453370113 27.44413808486793016
  11.76557891315175119 27.04268946756283754
  11.78479055912313989 26.64124574192625161
  11.80398039148285072 26.23980355899099592
  11.83034661565414325 25.68779254541974666
  11.85669242534987688 25.13577974779061464
  11.88301856297317727 24.58376351102128154
  11.90932579865720164 24.03174218923357230
  11.93561492952072101 23.47971414841503091
  11.96188677881896467 22.92767776899040655
  11.98814219498729194 22.37563144829198691
  12.01438205057699982 21.82357360291947401
  12.04060724108435210 21.27150267098234693
  12.06681868367570232 20.71941711421965948
  12.09301731581336092 20.16731541999452659
  12.16994176123705884 18.54600181111951329
  12.24685789502589373 16.92468543582515750
  12.32376798329427281 15.30337297528056872
  13.12214454533613406 15.61681143999889265
  14.34119465944507255 16.09540949005647192
  15.56024150372149961 16.57401102430936746
  16.77928499346031543 17.05261542226246974
  18.47552088542794380 17.71857201676418825
  20.17175870941378690 18.38453189975411561
  21.86800109805191994 19.05049527390346498
  22.89866974648994713 19.45514828625744030
  23.92934024965313000 19.85980270975407791
  24.96001124864090315 20.26445750142857349
  25.16422108050010564 20.52355532256817483
  25.36843144361326807 20.78265390576925142
  25.57264235319887291 21.04175344547497417
  25.77685382293438821 21.30085413433175034
  25.98106586505774729 21.55995616309086316
  26.18527849047373124 21.81905972050559228
  26.38949170886320772 22.07816499321990023
  26.59370552879317273 22.33727216564430407
  26.79791995782557024 22.59638141981457693
  27.00213500262281840 22.85549293522891290
  27.20635066904814536 23.11460688865924951
  27.41056696225876621 23.37372345393297834
  27.31927191463224247 23.83255888047846227
  27.22797833189332195 24.29139632712956143
  27.13668662950740540 24.75023549470881434
  27.04539721964675536 25.20907608223131291
  26.95411051047699758 25.66791778723688111
  26.86282690541278839 26.12676030615695666
  26.77154680234306383 26.58560333471989878
  26.68027059282752589 27.04444656839629246
  26.58899866126748890 27.50328970288354569
  26.49773138405549844 27.96213243462690201
  26.40646912870911933 28.42097446137229966
  26.31521225299540845 28.87981548274488475
  26.22396110405315994 29.33865520084582457
  26.13271601752058260 29.79749332085932423
  26.04147731667621812 30.25632955166126692
  25.95024531160093773 30.71516360642095123
  25.91127885783511431 30.91116996947042850
  25.87231921735228823 31.10717446095222982
  25.83336642829588925 31.30317723837548272
  25.79442051486519105 31.49917846235912222
  25.75548148720246644 31.69517829632128780
  25.71654934131242953 31.89117690616350842
  25.67762405901466494 32.08717445995016249
  25.63870560792947728 32.28317112758355734
  25.56969922561460251 32.63072666354614171
  25.50069758170958067 32.97829166614656060
  25.39171676480346918 33.52726697826582836
  25.28274101232109672 34.07624949205812470
  25.17377047020234215 34.62523805413937339
  25.06480527240524836 35.17423150033039292
  24.95584554049090542 35.72322865803843683
  24.90490109165918753 35.97994484164242834
  24.85396232966732555 36.23666288844319183
  24.77783805142179929 36.62033920729545855
  24.70171928906270153 37.00401684155657733
  24.62560593786302121 37.38769551347067477
  24.54949788046498327 37.77137494357324243
  24.47339498707946248 38.15505485134342223
  24.39729711572434212 38.53873495585644093
  24.32120411250267367 38.92241497643466630
  24.24511581192128062 39.30609463329549413
  24.16200605568340620 39.72520246396354793
  24.07890047540137957 40.14430999049102411
  23.99579879264511817 40.56341724371851853
  23.91270071979250389 40.98252425508498931
  23.82960596072562254 41.40163105654773545
  23.74651421156167075 41.82073768050068452
  23.66342516141611085 42.23984415969117379
  23.58033849319513919 42.65895052713581492
  23.49725388441413543 43.07805681603552728
  23.41417100803844065 43.49716305969043617
  23.33108953334249591 43.91626929141479252
  23.24800912678307441 44.33537554445251772
  23.16492945288228356 44.75448185189357986
  23.08185017511582870 45.17358824659167027
  22.99877095680209749 45.59269476108346453
  22.97783982013257642 45.69828525545700870
  22.97783982013257642 45.69828525545700870
  23.00298856892036170 45.66872738790713981
  23.02813731770814698 45.63916952035726382
  23.05328606649593226 45.60961165280738072
  23.07843481528371399 45.58005378525750473
  23.10358356407149216 45.55049591770762163
  23.18508073569364925 45.45471053192858335
  23.26657790731580633 45.35892514614954507
  23.34807507893795986 45.26313976037052100
  23.42957225056011339 45.16735437459148983
  23.51106942218226337 45.07156898881246576
  23.59256659380440979 44.97578360303344880
  23.67406376542655622 44.87999821725443894
  23.75556093704869909 44.78421283147542908
  23.83705810867084196 44.68842744569641923
  23.91855528029298128 44.59264205991741647
  24.00005245191511705 44.49685667413842083
  24.08154962353725637 44.40107128835941808
  24.60713184854828484 43.78334314909728420
  25.13271407355931686 43.16561500983515032
  25.65829629857034178 42.54788687057300933
  26.18387852358136669 41.93015873131088256
  26.70946074859239161 41.31243059204875578
  27.23504297360340942 40.69470245278662901
  27.76062519861443434 40.07697431352450224
  27.76062519861447342 40.07697431352445250
  28.36152520803864974 39.31541706287654847
  29.35174050565003157 38.06045679033293538
  30.34195580326140984 36.80549651778932230
  31.33217110087279522 35.55053624524572342
  32.32238639848418416 34.29557597270212455
  33.47852751525834236 32.83032778424687592
  34.63466863203250767 31.36507959579163085
  35.79080974880668009 29.89983140733639289
  36.94695086558085251 28.43458321888115847
  38.10309198235502492 26.96933503042592051
  39.25923309912920445 25.50408684197068254
  40.41537421590338397 24.03883865351544102
  41.57151533267757060 22.57359046506020661
  42.41995991948523681 21.49830486558835929
  43.26840450629289592 20.42301926611651552
  44.11684909310055502 19.34773366664467531
  44.96529367990829940 18.27244806717272141
  45.75171618100335991 17.27576684169647336
  46.82711264819245400 17.64028001708279803
  47.90250911538155520 18.00479319246911913
  48.97790558257066351 18.36930636785544380
  50.05330204975976471 18.73381954324176135
  51.12869851694888013 19.09833271862808246
  51.12869851694888013 19.09833271862808246
  51.73562045689875788 18.94494457661689779
  52.70156803780765387 18.70081943471142338
  53.66751561871654275 18.45669429280594898
  54.63346319962542452 18.21256915090047102
  55.59941078053430630 17.96844400899498950
  56.56535836144318807 17.72431886708950799
  57.53130594235206274 17.48019372518402648
  58.49725352326092320 17.23606858327854141
  59.46320110416978366 16.99194344137305279
  60.42914868507862991 16.74781829946756417
  61.39509626598747616 16.50369315756207200
  62.36104384689630820 16.25956801565657983
  63.32699142780513313 16.01544287375109121
  65.01586130229232197 16.41905320385776790
  66.70473117679229347 16.82266353396749992
  68.39360105130661793 17.22627386408066386
  70.08247092583388849 17.62988419419691866
  71.77134080037050978 18.03349452431540456
  73.46021067491179224 18.43710485443500957
  75.14908054945306048 18.84071518455461458
  77.57454027472654445 19.42035759227730907
