Number of disks = 250
Depot = yes (node 251)
Tour length = 1035.79260213944712632
Tour sequence = 251 5 4 42 3 40 41 2 39 1 38 37 49 50 30 51 29 31 32 53 52 54 33 55 35 56 34 57 58 36 59 12 11 60 13 61 14 15 62 16 64 17 63 18 66 19 65 20 67 28 27 69 68 26 70 25 71 24 23 72 73 74 21 22 75 47 76 9 10 48 46 112 113 198 137 197 138 139 199 114 140 90 200 201 202 236 141 172 237 238 91 173 239 174 92 93 240 94 241 175 176 242 95 178 96 243 177 244 179 97 180 181 98 245 246 182 99 247 100 248 101 183 102 156 184 249 219 220 250 218 155 217 126 154 216 125 124 153 215 123 152 214 151 122 150 213 212 148 121 149 120 147 211 146 210 119 118 145 209 117 144 208 207 116 115 142 143 206 171 205 235 203 204 170 234 89 233 88 168 167 232 169 87 166 86 231 230 85 229 84 83 164 165 228 163 227 82 81 162 226 160 80 161 225 224 79 78 223 159 221 222 158 185 186 157 127 187 77 103 129 188 104 128 189 105 130 131 190 191 106 107 132 192 193 133 108 134 109 194 135 196 195 136 111 45 110 43 44 7 8 6
Tour visit points:
  99.99999999999998579 99.99999999999998579
  69.51170201495227730 91.91333111935330180
  63.68839335478742925 90.36876810564690743
  57.86508729609453638 88.82420840500488168
  57.78446962337481096 84.75148322821975455
  57.71733487414163477 81.35946086082438455
  57.66222066515413758 78.57424133051318904
  57.55708346874499881 73.26037066777450946
  57.45196962319728584 67.94649133822025533
  57.34687930872074446 62.63259819027282305
  57.24180290615467470 57.31869594632902931
  57.13674040032762491 52.00477954387799429
  61.76790061375455565 52.00986002598052949
  66.29505440375029934 52.01475203825006588
  70.74016799032047231 52.01944966912220281
  75.14423644807639846 52.02396968773692265
  79.54825599704881256 52.02833255312418004
  84.99837811462111858 52.03355388758316735
  90.44856025597523796 52.03858162086736883
  93.77313811381577580 52.04145023278012872
  97.09791229904088539 52.04412102360004155
  102.93368972268548589 52.04861597985352972
  108.76959304195126776 52.05292735574225560
  114.60558353732966452 52.05706813651748632
  120.44162146894936427 52.06105463522197851
  125.00091395474204603 52.06403040196828869
  129.56016949507363734 52.06688574626495125
  136.24655657962841815 52.07098137986253761
  142.93288126907967239 52.07501468854128035
  142.93709427541068635 54.57921313963758081
  142.94118331710311054 57.08328819696211553
  142.94512047872947846 59.58721217147638072
  142.94887998093719261 62.09095948915035024
  142.95679064371884692 67.51287391038502506
  142.96442035787447367 72.93460368254180537
  142.97172336895766875 78.35614860018789329
  142.97866013862929435 83.77751148014414184
  142.98520013843966581 89.19869881283457858
  142.99132535202318195 94.61972160472380722
  142.99703393726485956 100.04059625362036456
  143.00234321608078858 105.46134520947246926
  143.00642283301110069 109.99871400029104507
  143.01019230447502650 114.53618069722250539
  143.01450424523613947 120.00136325250116442
  143.01868218767972962 125.46650337757519367
  143.02209857301764373 129.99891688991030492
  143.02557400575599900 134.53131165872221686
  143.03088215302867070 141.17729427893229399
  143.03654754992845710 147.82293026538039271
  140.61824499346195694 147.74714087487575398
  138.20090678830942466 147.67048116134506586
  135.78474903506105420 147.59276752090480045
  133.36988672004011391 147.51390636614129903
  127.76813185189888600 147.32966841350628329
  122.17842247538521860 147.14449403997929267
  116.60050745407264117 146.95839240629186406
  111.03141887419093337 146.77128951144166535
  105.46683215020699720 146.58305702956687355
  99.90247180520073300 146.39321647535641091
  95.19322142980595913 146.23102743891146815
  89.49556869162900341 146.03311807417821910
  84.01745562923800037 145.84248667666247457
  78.63152825373923349 145.65476705669499324
  73.15607294376626157 145.46373095442402246
  67.68106276087331707 145.27258872664512523
  59.99999902821724618 145.00440858866656413
  59.91809372137861089 145.00153339343421521
  59.83663019811971395 144.99866542633733957
  55.24798766131067396 145.01021295095620189
  50.65934957775729686 145.02176076983963071
  46.93047248850350428 144.51724754622711089
  41.15084418276507705 143.73526957473202970
  35.37121532420861314 142.95329138211408804
  29.59158644468999100 142.17131311841711749
  28.43462918306212828 142.01477785350419936
  27.27767195375535891 141.85824255429352547
  27.96998268626973072 145.38556231396842122
  28.66229343273696983 148.91288204108826676
  29.35460418493327950 152.44020173909871119
  30.04691493484982701 155.96752141365689681
  30.04691485574760534 160.00000081374099636
  30.04691476343328205 164.03248034974080838
  29.12383556392779838 168.73557452226305031
  28.20075651213176471 173.43866890566019379
  27.27767763175226534 178.14176347095749975
  31.20818184349656121 177.60997859940508192
  35.13868526650605872 177.07819422190175374
  39.06918773333495665 176.54641032592527949
  42.99968928771015442 176.01462681081838468
  46.93019013660103411 175.48284352326922431
  50.66024325732193034 174.97818013673639825
  55.33241243702997991 174.98909059314851788
  60.00458151394348505 175.00000104951354274
  60.00583807070648845 174.99999926641314119
  60.00709444243805990 174.99999748344399109
  69.99999412641375329 174.99999999999826628
  70.00000126299097758 175.00000000000005684
  79.99999947979159742 174.99999999999997158
  79.99999999999998579 174.99999999999997158
  80.00000000000000000 174.99999999999997158
  85.00000048805945596 175.00000000000002842
  90.00000097611894034 175.00000000000005684
  90.00000097611902561 174.99999999999994316
  95.00000022795525467 174.99999999999997158
  99.99999947979146953 174.99999999999997158
  100.00000000000001421 174.99999999999997158
  100.00000000000001421 174.99999999999997158
  109.99999766195395523 175.00000000000025580
  109.99999766195395523 175.00000000000025580
  109.99999766195450945 174.99999999999971578
  114.99999883097724762 174.99999999999985789
  119.99999999999998579 175.00000000000000000
  119.99999999999998579 175.00000000000000000
  120.00000052020848784 175.00000000000000000
  129.99999947979151216 175.00000000000000000
  130.00000000000000000 175.00000000000000000
  130.00000000000000000 175.00000000000000000
  139.99999080468646184 175.00000000000423483
  139.99999406281435199 174.99999999999823785
  149.97542633782643406 175.00003019328920573
  150.11422538214117139 174.99934760682288015
  154.58526422596054317 174.97735991504737285
  159.05630306977991495 174.95537222327186555
  160.82016623902532615 175.30180737463936680
  162.58402940827073735 175.64824252600683963
  164.34789257751614855 175.99467767737434087
  170.23402591655835181 177.15075572800492409
  173.14217314322780794 177.72193632876613378
  172.82913398399122684 175.40854542310572128
  172.04708278710256764 169.62910833588904325
  171.26503159021396527 163.84967124867239363
  170.48298039332536291 158.07023416145577244
  169.97817401062411591 154.33966416596905447
  169.98908753027296825 149.66754088051007443
  170.00000104992182060 144.99541759505083860
  169.99999748254199972 144.99290428625346294
  169.99999999998934186 135.00001461131793690
  169.99999999998934186 135.00001461131793690
  170.00000000000051159 134.99999685256787529
  169.99999999999661782 125.00000820976877947
  169.99999999999661782 125.00000820976877947
  170.00000000000017053 124.99999822793431292
  169.99999999999968736 120.00000108917718933
  169.99999999999923261 115.00000395042009416
  169.99999999999923261 115.00000395042009416
  170.00000000000005684 114.99999913681779162
  170.00000000000000000 105.00000000000000000
  170.00000000000000000 105.00000000000000000
  170.00000000000000000 104.99999999999997158
  170.00000000000000000 99.99999999999998579
  170.00000000000000000 95.00000000000001421
  170.00000000000000000 95.00000000000000000
  170.00000000000000000 94.99999999999998579
  170.00000000000000000 85.00000000000000000
  170.00000000000000000 84.99999999999998579
  170.00000000000000000 84.99999999999998579
  170.00000000000000000 74.99999999999995737
  170.00000000000000000 74.99999999999995737
  170.00000000000000000 74.99999999999994316
  169.99999999999943157 65.00000340556171352
  170.00000000000173372 65.00000000000000000
  170.00000000001250555 64.99998418538208966
  170.00000680991331592 55.01167039928424174
  169.99985294303630212 54.94576792786560304
  169.97817364106325044 45.66034141835115889
  170.14644279251515968 44.41681549963958275
  170.31471194396706892 43.17328958092801372
  170.48298109541892131 41.92976366221644469
  171.43468878774123709 34.89654829131498559
  172.13191165021081019 29.74400135613248963
  172.82913451268035487 24.59145442094998657
  173.14217360524708056 22.27806410657601432
  170.23402570325455940 22.84924524054754613
  166.50812624902454218 23.58103865238636487
  162.78222679479449653 24.31283206422518717
  159.05632734056445088 25.04462547606400236
  149.99034342218041616 24.99999533752415104
  149.98504831864102016 25.00001117764501757
  144.99252415932051008 25.00000558882250701
  140.00000000000000000 24.99999999999999645
  140.00000000000000000 24.99999999999999645
  140.00000000000000000 24.99999999999999645
  140.00000000000000000 24.99999999999999645
  130.00000000000002842 24.99999999999999645
  130.00000000000002842 24.99999999999999645
  129.99999976735523433 24.99999999999999645
  120.00000302098196414 24.99999999999954170
  120.00000302098105465 25.00000000000045830
  109.99999683049995269 24.99999999999949907
  109.99999683049811949 25.00000000000050093
  100.00002044754795349 25.00000000002090417
  100.00002044754795349 25.00000000002090417
  100.00000802461057958 25.00000000000996891
  99.99999559795136861 24.99999999999903366
  94.99999692566912302 24.99999999999943867
  89.99999825338686321 24.99999999999984723
  89.99999825338656478 25.00000000000014921
  80.00001298437869934 25.00000000000843059
  80.00001298437869934 25.00000000000843059
  79.99999720571926787 24.99999999999960920
  70.00000000000000000 24.99999999999999645
  70.00000000000000000 24.99999999999999645
  70.00000000000000000 24.99999999999999645
  69.99998636164735899 24.99999999999069900
  60.01167039581467577 24.99999319009076260
  59.94576794398623321 25.00014705687626204
  50.66034132351079222 25.02182635266031951
  46.92976409689419626 24.51701904481020478
  41.44329264054269402 23.77461090868667881
  35.95682118419117757 23.03220277256315285
  33.64262707340605374 22.71905495978687384
  30.46034539121146523 22.28844088823037595
  27.27806370901687671 21.85782681667387806
  27.83137652228871062 24.67500083653032661
  28.38468933556053742 27.49217485638677871
  28.93800214883235711 30.30934887624323437
  29.49131496210418391 33.12652289609969358
  30.04462777537601070 35.94369691595615279
  30.00065239313553533 44.88577462149832797
  30.00009065515195417 45.00000000041092107
  29.99996980671274827 45.02457366137682726
  30.00000000000085620 54.99999585243818956
  30.00000000000085620 54.99999585243818956
  29.99999999999995737 55.00000089776320067
  30.00000000000168399 64.99999419320734262
  30.00000000000168399 64.99999419320734262
  30.00000000000000000 65.00000000000001421
  30.00000000000000000 65.00000000000001421
  29.99999999999980815 75.00000197452949635
  30.00000000000019540 75.00000197452988004
  30.00000000001147527 84.99998485118653946
  29.99999999988190424 85.00002761571289511
  29.99999999975233322 85.00007037990167191
  29.99996977526347308 94.97541354403389846
  30.00031142415407714 95.04484921331328451
  30.00065307304468121 95.11428488259267056
  30.02265149844458492 99.58517717213170783
  30.04464992384449573 104.05606946167075932
  29.12224824142748503 108.75121847084164983
  28.19984655901047432 113.44636748001254034
  27.27744487659347072 118.14151648918340243
  29.59184844082601273 117.82779834645675976
  35.38076003315786977 117.04310953020129205
  41.16967162548971970 116.25842071394579591
  46.95858321782158384 115.47373189769029977
  48.76724331135891788 115.22856744403266305
  50.57590340489625191 114.98340299037499790
  53.17114726134757063 115.03397697201228311
  55.76639111779889646 115.08455095364953991
  58.36163497425021518 115.13512493528682512
  67.22548106125181278 111.91320645095251507
