Number of disks = 324
Depot = yes (node 325)
Tour length = 1227.72924641417944258
Tour sequence = 325 33 55 34 35 56 54 84 85 86 167 230 231 166 300 299 229 298 228 165 297 227 164 163 226 296 295 162 225 294 224 161 293 160 159 222 292 223 158 221 291 157 290 185 289 251 252 186 187 253 254 127 128 255 129 188 256 257 130 189 190 258 131 191 192 132 259 260 193 133 261 195 134 194 262 196 135 263 136 137 264 197 198 138 265 266 139 200 140 199 267 201 268 270 269 307 202 308 141 236 238 172 309 173 310 237 239 311 174 175 312 240 241 176 313 314 177 243 242 178 244 315 316 179 317 246 180 245 318 181 182 319 320 183 247 321 184 248 250 156 249 322 220 323 288 324 219 287 286 155 218 154 285 217 284 153 216 214 152 283 215 282 151 150 212 281 149 211 213 280 279 148 278 147 210 277 146 209 276 145 206 275 208 144 207 274 205 143 142 273 272 204 305 271 306 235 203 304 234 171 170 303 232 301 302 233 168 169 88 87 58 89 115 57 36 116 12 11 117 13 59 60 118 14 61 119 62 15 120 121 16 63 18 64 122 123 17 65 19 124 66 20 28 125 126 67 102 101 68 100 99 27 26 69 98 25 97 70 71 96 73 24 95 72 23 74 94 22 75 21 76 93 92 48 91 90 114 113 46 10 47 9 112 111 8 110 7 45 109 44 6 42 108 5 43 107 4 40 41 3 106 39 105 38 2 1 104 77 37 103 78 49 79 50 80 29 51 30 52 81 82 83 31 53 32
Tour visit points:
  100.00000000000000000 100.00000000000000000
  115.87563207358526540 63.09178272915531238
  119.36653698803466739 54.97991606239611428
  119.77605319705780573 54.03118901350596559
  120.18508032359082449 53.08496690743055524
  120.01404027215589565 45.52972475293836396
  119.99922350549762484 44.87538343968791565
  119.97817295396312431 35.66035180078432631
  120.23045007940663709 33.79545128806748977
  120.48277349471808861 31.93040725060160767
  121.01454789390783162 28.00009042527547365
  121.54638117911946438 24.06964639306763942
  122.07826346376191395 20.13911706393353640
  122.61017827279815151 16.20855264785154048
  123.14210652978070470 12.27800090348466000
  119.85632464036568479 12.92335567364069426
  116.57055109847370034 13.56872019097763449
  113.28478174905035303 14.21409091286761495
  109.99901243114720728 14.85946387737075902
  109.05629020757838532 15.04462899597973013
  99.99034251641066362 14.99999533664944984
  99.98769468127066773 15.00000325824811398
  99.98504689046760063 15.00001117978048448
  90.00002239624112121 15.00000000002507683
  90.00000000000000000 15.00000000000000178
  90.00000000000000000 15.00000000000000178
  80.00000190677377532 14.99999999999982059
  80.00000190677340584 15.00000000000018119
  75.00000095338670292 15.00000000000009237
  70.00000000000000000 15.00000000000000178
  70.00000000000000000 15.00000000000000178
  69.99999976182886030 15.00000000000000178
  59.99999803454429781 14.99999999999980815
  59.99999803454390701 15.00000000000019185
  50.00000023853515074 15.00000000000000178
  50.00000000000000000 15.00000000000000178
  50.00000000000000000 15.00000000000000178
  45.00000011926748300 15.00000000000000178
  40.00000023853496600 15.00000000000000178
  40.00000000000000000 15.00000000000000178
  40.00000000000000000 15.00000000000000178
  30.94365089315746786 15.04462341285659299
  27.42219467390263432 14.35298367547482279
  23.90073845464777236 13.66134393809306324
  20.37928223539288197 12.96970420071132146
  16.85782601613797738 12.27806446332959389
  17.43614231427283556 16.55187938453044794
  18.01445861240766178 20.82569430573131086
  18.59277491054246312 25.09950922693217379
  19.06912539521795225 28.61978665244045672
  19.54547587989343072 32.14006407794875031
  20.02182636456890918 35.66034150345706877
  20.00014705704222351 44.94576791338386812
  19.99999319008307452 45.01167040239825212
  19.99999999999999645 54.99999999261311245
  19.99999999999999645 54.99999999261311245
  19.99999999999999645 55.00000023853496600
  20.00000000000000000 65.00000000000000000
  20.00000000000000000 65.00000000000000000
  20.00000000000000000 65.00000000000000000
  19.99999999999983658 70.00000127939533456
  19.99999999999967315 75.00000255879066913
  20.00000000000032330 75.00000255879132283
  20.00000000000028066 78.33333567842659306
  20.00000000000023093 81.66666879806187751
  20.00000000000018119 85.00000191769716196
  19.99999999999981526 85.00000191769753144
  19.99999999999957367 94.99999707855548081
  19.99999999999957367 94.99999707855548081
  20.00000000000042633 94.99999707855634767
  19.99999999999999645 104.99999976146546032
  19.99999999999999645 105.00000000000000000
  19.99999999999999645 105.00000000000000000
  19.99999999999999645 109.99999988073251700
  19.99999999999999645 114.99999976146503400
  19.99999999999999645 114.99999999999998579
  19.99999999999999645 114.99999999999998579
  19.99999999999987921 124.99999843893971274
  20.00000000000012079 124.99999843893995433
  20.00000000000016698 135.00000183092751627
  19.99999999999983302 135.00000183092785733
  20.00000000000008171 138.33333341781849413
  20.00000000000033040 141.66666500411778884
  20.00000000000058265 144.99999658981556649
  19.99999999998745892 145.00001583814523087
  19.99999319009075904 154.98832960418522475
  20.00014705687624783 155.05423205601212544
  20.01098670476789465 159.69694536625650017
  20.02182635265970490 164.33965867649845904
  19.93250233903424373 164.99977220069359873
  19.51701904481777916 168.07023590308233452
  18.63062163544149286 174.62080269905197838
  17.74422422606255978 181.17136949502216225
  16.85782681668157323 187.72193629099035661
  19.67500083654689291 187.16862347771947839
  22.49217485640683734 186.61531066444663907
  25.30934887626182217 186.06199785117252077
  28.12652289611319389 185.50868503789786246
  30.94369691596277860 184.95537222462334626
  35.47184845818684096 184.97764078473565519
  40.00000000041091397 184.99990934484799254
  40.01228683090133842 184.99996976906763280
  40.02457366139099548 185.00003019328727305
  49.99999999589389432 185.00000000000000000
  49.99999999589389432 185.00000000000000000
  50.00000000000000000 185.00000000000000000
  55.00000172656619668 185.00000000000031264
  60.00000345313240047 185.00000000000059686
  60.00000345313458183 184.99999999999940314
  69.99999903461805673 184.99999999999997158
  69.99999903461812778 185.00000000000002842
  73.33333377208066395 184.99999999999985789
  76.66666850954320012 184.99999999999965894
  80.00000324700573628 184.99999999999945999
  80.00000324700766896 185.00000000000054001
  90.00000191579032105 185.00000000000017053
  90.00000191579067632 184.99999999999982947
  93.33333461052710334 184.99999999999988631
  96.66666730526354456 184.99999999999994316
  100.00000000000000000 185.00000000000000000
  100.00000000000001421 185.00000000000000000
  100.00000053338055750 185.00000000000000000
  109.99999807401567864 185.00000000000017053
  109.99999807401603391 184.99999999999980105
  119.99999946661979777 185.00000000000000000
  119.99999999999998579 185.00000000000000000
  119.99999999999998579 185.00000000000000000
  124.99999941238924350 185.00000000000002842
  129.99999882477851543 185.00000000000005684
  129.99999882477862911 184.99999999999994316
  139.99999913858090395 184.99999999999997158
  139.99999913858098921 185.00000000000002842
  149.99999946661958461 185.00000000000000000
  150.00000000000002842 185.00000000000000000
  150.00000000000002842 185.00000000000000000
  159.97542633862795469 185.00003019328724463
  159.98771316910853102 184.99996976906766122
  159.99999999958907893 184.99990934484807781
  164.52815154181652701 184.97764078473602467
  169.05630308404394668 184.95537222462399995
  169.99901255931661126 185.14052700320158351
  172.62764468411856456 185.65680886075787726
  175.25627680892046101 186.17309071831417100
  177.88490893372235746 186.68937257587046474
  180.51354105852428233 187.20565443342678691
  183.14217318332615037 187.72193629098310907
  182.25577577394736295 181.17136949502398124
  181.36937836456857553 174.62080269906482499
  180.48298095518975970 168.07023590310566874
  179.97817364733967338 164.33965867648922199
  179.98901329523170034 159.69694536624919579
  179.99985294312375572 155.05423205600865799
  180.00000680990925161 154.98832960418548055
  180.00000340496089279 149.99417271011304820
  180.00000000001250555 145.00001581604055900
  179.99999999999940314 144.99999659222402215
  179.99999999999971578 139.99999829611201108
  180.00000000000000000 135.00000000000000000
  180.00000000000000000 135.00000000000000000
  180.00000000000000000 135.00000000000000000
  180.00000000000022737 129.99999849833798748
  180.00000000000045475 124.99999699667598918
  179.99999999999954525 124.99999699667507969
  180.00000000000000000 115.00000000000001421
  180.00000000000000000 115.00000000000001421
  180.00000000000000000 115.00000000000001421
  180.00000000000000000 105.00000000000000000
  180.00000000000000000 105.00000000000000000
  180.00000000000000000 105.00000000000000000
  180.00000000000000000 105.00000000000000000
  180.00000000000031264 94.99999747701832575
  179.99999999999968736 94.99999747701767205
  180.00000000000025580 84.99999777026681613
  179.99999999999974420 84.99999777026630454
  180.00000000000002842 80.00000010145684826
  180.00000000000028422 75.00000243264740618
  179.99999999999971578 75.00000243264680932
  179.99999999999997158 70.00000018657809164
  180.00000000000022737 64.99999794050937396
  179.99999999999977263 64.99999794050891921
  180.00000000000000000 55.00000000000000000
  180.00000000000000000 55.00000000000000000
  180.00000000000000000 55.00000000000000000
  180.00000000000000000 54.99999999999999289
  180.00000340299041568 50.00583351461735759
  180.00000680598137137 45.01166702965849709
  179.99992991696896638 44.97872530911665478
  179.99985302794797803 44.94578358699287435
  179.97817973322361240 35.66024935553569719
  180.48284499226349453 31.93018558236562043
  181.26479684009592575 26.15065120030748247
  182.04674870603810177 20.37111680375295819
  182.82870059104490679 14.59158240157598740
  182.98523239201179535 13.43463035686822060
  183.14176420491924091 12.27767832341281462
  179.78479356770975528 12.93655268123810131
  176.52285592159142880 13.57677487680086514
  173.26091827649676702 14.21699708042782540
  169.99898063147927019 14.85721928945853598
  169.03248079301116036 15.04691472034386024
  160.96752256775639012 15.04691504703782456
  155.64628730777926080 14.00250997186873647
  149.76577401210548146 12.84833600567251466
  146.85824141402048326 12.27767302831163754
  147.17130823491356750 14.59158500447826334
  147.61834280667443409 17.89568050750522232
  148.08067627806670430 21.31286405561569453
  148.55538115762036000 24.82149599558235664
  149.03627131834261377 28.37585082033895034
  149.51716069851991620 31.93020322520395027
  149.93252236665904320 35.00022766414161168
  150.02181999892948738 35.66024530762155109
  150.00014696829299510 44.94578428032033202
  149.99999319419180210 45.01166688125011461
  149.99999999998746603 54.99998416911746801
  150.00000000000059686 55.00000340712482938
  150.00000000000039790 58.33333542689805284
  150.00000000000022737 61.66666744675852385
  150.00000000000002842 64.99999946661898775
  150.00000000000002842 65.00000000000000000
  150.00000000000002842 65.00000000000001421
  150.00000000000000000 74.99999930509184765
  150.00000000000002842 74.99999930509187607
  149.99999999999997158 79.99999902151058961
  149.99999999999991473 84.99999873792928895
  150.00000000000008527 84.99999873792944527
  149.99999999999994316 94.99999890689559834
  149.99999999999994316 94.99999890689559834
  150.00000000000005684 94.99999890689571203
  150.00000000000108002 104.99999534251664102
  150.00000000000108002 104.99999534251664102
  149.99999999999994316 105.00000099963786226
  150.00000000000002842 114.99999999999998579
  150.00000000000002842 114.99999999999998579
  150.00000000000002842 115.00000053339687156
  150.00000000001648459 124.99998185096947623
  150.00000000001648459 124.99998185096947623
  149.99999999999766942 124.99999316922261983
  150.00001509664249966 129.98770975391454385
  150.00003019328730147 134.97542633860666683
  149.99934760686440427 135.11422537850853587
  149.97735991574418790 139.58526423127619864
  149.95537222462399995 144.05630308404383300
  150.64701324121378434 147.57777060886439813
  151.33865425780354030 151.09923813368496326
  152.03029527439332469 154.62070565850555681
  152.72193629098310907 158.14217318332612194
  147.80901119401377741 157.47737512629205980
  142.89608609704441733 156.81257706925796924
  137.98316100007502882 156.14777901222385026
  133.07023590310564032 155.48298095518975970
  129.33965867648922199 154.97817364733967338
  120.05423205601461234 154.99985294312372730
  120.02128083009806403 154.99992987651648946
  119.98832960418317839 155.00000680990925161
  110.00000000000036948 155.00000000000000000
  110.00000000000036948 155.00000000000000000
  109.99999999999998579 155.00000000000000000
  104.99999999999995737 155.00000000000000000
  99.99999999999992895 155.00000000000000000
  99.99999999999992895 155.00000000000000000
  99.99999999999991473 155.00000000000000000
  90.00000000000001421 155.00000000000000000
  90.00000000000001421 155.00000000000000000
  90.00000000000000000 155.00000000000000000
  85.00583519790716025 155.00000340495461160
  80.01167039581433471 155.00000680990925161
  79.94576794399138464 154.99985294312375572
  75.30305463375107422 154.98901329523172876
  70.66034132351073538 154.97817364733967338
  68.79505271020258306 155.23057730126470233
  66.92976409689445916 155.48298095518973128
  62.01683899992505644 156.14777901222382184
  57.10391390295566083 156.81257706925791240
  52.19098880598625811 157.47737512629200296
  47.27806370901685540 158.14217318332609352
  48.14169303104142728 153.74503284889721044
  49.00532235306599915 149.34789251446832736
  49.85947299679835965 144.99901255931661126
  50.04462777537600715 144.05630308404377615
  50.02264008425581920 139.58526423127702287
  50.00065239313562415 135.11422537851026959
  49.99996980671269142 134.97542633859978878
  49.99999999975283771 125.00007030919124418
  50.00000000001144684 124.99998486672217268
  50.00000000000000000 115.00000023852354047
  50.00000000000000000 115.00000023852354047
  50.00000000000000000 114.99999999999998579
  50.00000000000000000 105.00000023853498021
  50.00000000000000000 105.00000023853498021
  50.00000000000000000 104.99999976146503400
  50.00000000000000000 100.00000000000000000
  50.00000000000000000 95.00000023853498021
  50.00000000000000000 95.00000023853498021
  50.00000000000000000 95.00000000000000000
  49.99999999999994316 84.99999887210950078
  50.00000000000005684 84.99999887210938709
  50.00000000000385114 81.66667095834442591
  50.00000000000764544 78.33334304429925510
  50.00000000001144684 75.00001513099059025
  49.99999999975292297 74.99992970325294550
  49.99998490570291665 70.01225067710113592
  49.99996981162824028 65.02457166099337371
  50.00031104952851990 64.95517776824360112
  50.00065228792644945 64.88578383192614751
  50.04462438161954196 55.94366111340673342
  49.00539846139430722 50.65226512405401138
  47.27815782381957632 41.85772693329021621
  48.43477639105226018 42.01419541775640454
  49.59139512376133041 42.17066446318445117
  53.10498957422273492 42.64598916901310588
  56.61864632205521985 43.12132288216046305
  60.13236519439564631 43.59666549613480413
  63.64613046114525474 44.07201474858914736
  67.15991867566157225 44.54736730344042428
  70.67370648669876232 45.02271983104714081
  74.97674055203586363 45.02434489152826558
  79.27977687172021604 45.02596978922307613
  81.28750964169329052 44.73372046887205755
  83.29523718029339818 44.44147297436221322
  88.58336205323709578 43.67172773951346443
  93.87148808791708632 42.90198340566833934
  94.44970762041319290 48.28915063270359553
  95.02792913380234552 53.67631899491417613
  96.16109638326861386 64.23378681914665833
