Number of disks = 126
Depot = yes (node 127)
Tour length = 529.95476565705587291
Tour sequence = 127 5 4 108 42 107 41 106 3 39 2 40 105 104 38 37 78 77 103 79 50 1 29 49 80 51 81 30 52 82 31 83 32 53 33 84 55 85 54 34 35 57 86 56 87 88 89 115 58 11 116 36 59 13 117 60 12 118 119 61 16 120 14 62 15 63 121 64 122 18 17 123 65 19 66 20 124 125 102 126 101 68 67 100 28 69 27 99 70 26 71 98 25 97 96 24 72 95 23 22 75 94 73 74 93 21 10 76 92 90 91 114 47 48 113 45 112 9 46 8 44 111 110 109 43 7 6
Tour visit points:
  100.00000000000000000 100.00000000000000000
  69.91998024888140151 93.73746609479073300
  59.03323718090931749 91.46896436403979180
  48.14521457198926413 89.19866570724856558
  48.52138301588379932 86.24664054435561411
  48.89656585627687235 83.28613130486965588
  49.27110022397008038 80.31834047758484019
  49.64535961526246410 77.34612262832449403
  50.01969554455905609 74.37268590267268564
  50.02108805840033057 70.02141983382145440
  50.02248419761465925 65.67020773880251738
  49.93184618921461038 65.00023224979322833
  49.51604045573809287 61.92673235061509018
  48.92972452094651459 57.59292328821003792
  48.34340001857706426 53.25909473240612613
  47.75706934676910720 48.92525587367720163
  47.17073541974555440 44.59141605472923686
  46.85776345029174905 42.27812341609033808
  49.76598728592913545 42.84930422163651542
  55.65220572149085854 44.00536978206687166
  60.00098734554542546 44.85947976637827850
  60.94367495133229085 45.04462569331378319
  69.88577994507066649 45.00065233232427886
  69.95517625600071199 45.00031107086321924
  70.02457252054907144 44.99996980951612358
  75.01225110933351914 44.99998490463449485
  79.99992969823235001 44.99999999975288745
  80.00001513205718595 45.00000000001144684
  85.00000909676070648 45.00000000000549250
  90.00000306146421281 44.99999999999953104
  90.00000306146515072 45.00000000000046896
  100.00000286934772475 44.99999999999958789
  100.00000286934854898 45.00000000000041211
  104.99999972994953623 45.00000000000049738
  109.99999659223274762 45.00000000000057554
  110.00001584239980446 44.99999999998745182
  114.99417251387009742 44.99999659479470182
  119.98832926307071034 44.99999318969265261
  119.99999999997911004 45.00002043870418333
  120.05423301805647895 45.00014706209373827
  129.33965456778798853 45.02182662456916518
  131.20495278389961413 44.76942039951609331
  133.07024824549762343 44.51701506308668854
  137.98317082739495731 43.85221613061082735
  142.89609204153939004 43.18741822292744104
  147.80901283463188634 42.52262110657058969
  152.72193405437823799 41.85782444301259630
  152.16862166507081611 44.67499226829386316
  151.61530966552399491 47.49216100019673092
  151.06199748685173745 50.30933524803933921
  150.50868558063353930 53.12650843477000251
  149.95537448300100891 55.94367309128335108
  149.99939021557224805 64.88956759208447522
  149.99992101179125825 65.00000000031195668
  150.00002630900957001 65.02293860282279070
  149.99999999999846523 74.99999445243606999
  149.99999999999846523 74.99999445243606999
  150.00000000000005684 75.00000117318799653
  150.00000000000025580 84.99999766486986630
  149.99999999999974420 84.99999766487039210
  150.00000000000000000 94.99999999999998579
  150.00000000000000000 94.99999999999998579
  150.00000000000000000 94.99999999999998579
  150.00000000000000000 95.00000056188956421
  149.99999999999988631 99.99999925104296494
  149.99999999999980105 104.99999794019637989
  150.00000000000019895 104.99999794019677779
  149.99999999999948841 115.00000322973551192
  150.00000000000051159 115.00000322973738776
  150.00000226997144637 118.32944535339890990
  150.00000453994235272 121.65888747706003414
  150.00000680991328750 124.98832960072037679
  149.99985294303633054 125.05423207213208059
  149.98901329205233424 129.69694532692849975
  149.97817364106751370 134.33965858171279706
  150.23057736820433661 136.20494745962764682
  150.48298109535355138 138.07023633758086589
  151.81257733692973488 147.89608612810098975
  153.14217356593891850 157.72193593046247884
  150.79453144244786245 157.26084224972112224
  148.44688815829937312 156.79974846564496715
  146.09924338376575292 156.33865454448792320
  143.75159732358523001 155.87756050398590446
  141.40395052647252783 155.41646639489056270
  139.05630360308367699 154.95537227382519063
  134.58526440556985904 154.97735994131835469
  130.11422524272299484 154.99934760841551906
  129.97542636782068826 155.00003019321550823
  124.98771318647834505 155.00001509660776833
  120.00000000511757037 155.00000000000000000
  120.00000000000000000 155.00000000000000000
  120.00000000000000000 155.00000000000000000
  110.00000185651634865 154.99999999999982947
  110.00000185651600759 155.00000000000017053
  99.99999892779733557 155.00000000000005684
  99.99999892779723609 154.99999999999994316
  94.99999834956864220 155.00000000000011369
  89.99999777134003409 155.00000000000025580
  89.99999777133953671 154.99999999999977263
  80.00000056188960684 155.00000000000000000
  80.00000000000001421 155.00000000000000000
  80.00000000000000000 155.00000000000000000
  79.99999999999998579 155.00000000000000000
  75.01228229693367666 155.00001508550454332
  70.02456590035448869 155.00003017421852292
  69.88580590250082025 154.99934796414729021
  60.94359103752517370 154.95538226056149256
  58.29805276280467297 155.47493170622524872
  55.65246811339262933 155.99450353978571115
  46.85764138941687662 157.72176157479322001
  47.17052911314302577 155.40864480376058054
  47.63521472144147140 151.97361673783817082
  48.09994164861483767 148.53858081496932186
  48.56470298571175448 145.10353990152157166
  49.13053996091776554 140.92161306126016029
  49.93180174101574664 134.99976744716954613
  49.97715504602462744 134.66460011423140486
  50.02250685205146397 134.32945508529263634
  50.02123102049482384 129.98044322534124717
  50.01995553484674417 125.63143683259986005
  49.79689652235513364 123.87162394789332609
  49.57383318371652337 122.11179672281048170
  48.85739174013873054 116.45955675509260629
  48.14094789221692139 110.80732015788768763
  55.40036152017100335 109.29446308608309835
  62.65977344864447929 107.78161341824954889
  69.91918463079089463 106.26876958518151639
