Number of disks = 36
Depot = yes (node 37)
Tour length = 349.13489595706067803
Tour sequence = 37 17 16 18 19 28 20 27 26 25 24 23 22 21 10 8 9 7 6 5 4 3 2 29 1 30 31 32 33 34 35 36 11 13 12 14 15
Tour visit points:
  100.00000000000000000 100.00000000000000000
  131.01174754232101805 110.61692827379843607
  131.95578064271683161 110.94058371979645017
  132.23265879634320186 119.65770362348364131
  132.51019641239739144 128.37407800988154349
  132.73388463194089582 135.38096289542258432
  132.81923603607671680 138.04035712881608333
  123.34765083510168893 138.03165550054671940
  113.87736181142422254 138.02156406390207621
  104.40847553543770232 138.00993064793385656
  94.94089138986068122 137.99679742006026117
  85.47433362464713014 137.98236038797449510
  76.00845626976766312 137.96697403044052521
  66.54283338606855125 137.95102712496137087
  57.07705694082547865 137.93492639413332768
  57.07688115113127481 132.06524968934309072
  57.07663978775866553 127.93450855818853995
  57.07601710990665822 118.37464111250689314
  57.07539180486851649 108.94385588386829511
  57.07481856802008480 99.63521970560293539
  57.07435156758740646 90.41640847645041390
  57.07404144348724628 81.24240588856726220
  57.07392859818865105 72.06820586766745862
  57.07404923258130935 64.56236435755519665
  57.07428710430318120 62.06784705309118522
  66.55578089927472263 62.05771307394975622
  76.03357632488284423 62.04670906730958535
  85.50683062159853876 62.03469581820169054
  94.97549109020329183 62.02167401628597787
  104.44018504545358894 62.00776764996606971
  113.90202690192506907 61.99319377063724801
  123.36236605823053480 61.97820712924855258
  132.82265964129712188 61.96317351322907996
  132.62208633932888802 68.24971185684029251
  132.51414413711154339 71.63038173863755276
  132.23589113059986744 80.34364180120296339
  131.95762718380916567 89.05691666847968690
