Number of disks = 184
Depot = yes (node 185)
Tour length = 802.84721079537848709
Tour sequence = 185 7 6 8 44 43 110 109 135 134 136 137 112 111 45 46 47 9 10 48 113 114 138 139 90 141 140 172 92 173 91 174 93 175 76 21 74 75 22 73 23 94 176 95 178 177 97 179 96 72 24 25 70 71 27 26 98 69 180 181 99 182 101 68 100 67 183 184 156 102 154 126 155 125 153 152 124 20 28 19 65 18 66 64 17 123 122 151 150 121 149 148 16 15 120 63 62 14 61 147 146 118 119 13 60 59 11 36 117 12 116 144 145 143 89 115 142 171 170 169 88 58 57 86 87 168 167 166 55 85 34 35 56 33 54 53 32 84 164 165 83 163 81 162 82 52 51 31 30 29 80 49 50 161 79 160 78 159 157 158 127 128 103 77 129 37 104 38 1 39 2 105 106 40 130 131 107 132 133 108 41 42 4 3 5
Tour visit points:
  100.00000000000000000 100.00000000000000000
  69.27339017255317799 111.25777676940643346
  64.08228758812614956 113.15972021226284028
  58.89118500369236386 115.06166365511995764
  55.05313844010967728 114.56388157803375805
  51.21509187652540618 114.06609950095891293
  47.37704531294208010 113.56831742389975659
  43.53899874936200831 113.07053534685955754
  39.70095218578713059 112.57275326984012054
  36.92633731272481157 112.21289480239079239
  37.70147754117220984 120.95376238466171515
  38.47661776952326562 129.69462996677873434
  40.34442450752919740 130.81622248764548999
  42.21223124403037730 131.93781500737819101
  44.08003797862966877 133.05940752571385133
  46.34610002579823629 135.07225544739418410
  48.61216207472718054 137.08510337397646595
  50.87822412677871853 139.09795130750944736
  50.87813831424617206 140.90223971101573852
  44.09152520015990007 146.93216723403031665
  42.22791335223631393 148.04368285817864148
  40.36430103694888771 149.15519913634338423
  38.50068826554551293 150.26671615069739119
  38.04839935428628195 156.17862458543871185
  37.59610830985350560 162.09053125933513684
  37.14381471773957344 168.00243533230258208
  39.58031115709980696 167.86664230994188074
  44.92083832514236263 167.56899253599084432
  50.26136360828643035 167.27133468031286156
  53.16815499493473141 167.10931460140719196
  56.07494683078088826 166.94728739985490051
  58.98174002061089993 166.78525463045099286
  61.88853521076528352 166.62321827050956813
  64.79533276974611056 166.46118046669676005
  68.03570587886149212 160.95209467569452499
  74.48270938537017116 153.93897737810729609
  76.37744680356755111 153.74460413112916513
  78.27218420719074743 153.55023084122370847
  80.16692158319858663 153.35585750702495034
  82.06165892518609439 153.16148413534688189
  83.95639623396505158 152.96711073847779971
  85.19514946989991699 160.15586363753388355
  86.43390266663350019 167.34461650364360707
  90.00988266546212913 167.33633242295306331
  93.58586274195261012 167.32804827733332331
  96.40631391205545242 167.32151433808692786
  100.27107091154272211 167.31256108930551818
  103.61375204552696516 167.30481728196212998
  104.53882573457256910 162.43418495081419906
  105.46389943865646899 157.56355260718225964
  106.38897314988567189 152.69292025761609466
  110.67898834429082910 152.67994274850101988
  114.96900354028355196 152.66696523306575273
  119.25901873507400808 152.65398771278520940
  123.54903392654017580 152.64101018969810752
  123.81657103243021822 154.24303984381839427
  124.52419518331237214 158.48033946662607718
  125.23181933219210293 162.71763908908070562
  125.93944347983151033 166.95493871061961499
  129.60843320469217588 166.46250118050596711
  133.27742293426746301 165.97006364841644199
  136.94641267045827249 165.47762611420546364
  140.00022953752934995 165.06775468913471627
  140.67495311554182535 164.97719591327245325
  144.90787176686444582 164.97010774018883694
  149.14079062521420838 164.96301958495919848
  153.90079175714134863 165.79838866559609301
  158.66079378167927416 166.63375703493639435
  163.42079589430466058 167.46912532732079626
  163.29405534964470803 164.22435447419701404
  163.19979254003311553 161.81106173533353854
  163.12176927901884937 159.81350739412246753
  163.04374732970345008 157.81595178280434766
  162.82930686884714078 152.32570823837292551
  162.61802933571050289 146.91641300955114957
  162.40675265642420300 141.50711877709937880
  157.50994409413442554 140.55118460218233167
  152.61313748562662340 139.59525278325571662
  147.71633300586370297 138.63932354677439207
  147.71351328910077427 135.00341759919683682
  147.71069920571872558 131.36750482991013200
  147.70964753863387386 129.99872691705328975
  147.70860929397844075 128.62996524712863788
  147.70314698372320095 121.37663912630756613
  151.35406348545484434 120.68531643146403098
  155.00503303332249061 119.99392978855649972
  158.65596911519210721 119.30258340668929407
  162.30676038104664372 118.61141141054095272
  162.31629869921405884 114.35066252952424293
  162.32530497017881999 110.05574052046446809
  162.33368183181340783 105.74329927303149645
  162.34146347822274947 101.43014916970081174
  158.74147874645265688 100.80327307823920080
  155.14047335489283341 100.17510647747873520
  151.53859109875170930 99.54581636864247685
  147.93614287636390259 98.91578795192516793
  148.20681214186089392 95.89249445267159899
  148.47688080938905841 92.86961651558254971
  148.74658305269068137 89.84739980839053430
  161.04897841887719778 80.54138893215908013
  161.04918771335746897 79.45903121869415031
  158.60445779450466830 77.61290673456259981
  156.16152470048933765 75.76603512162590448
  152.45629964846395410 72.96337433258860017
  148.75047045955787439 70.15962121973858245
  148.48414702583843905 67.12826849182920341
  148.21726418751438814 64.09693148618829639
  147.95002323726646409 61.06606384131615073
  151.14549367438019090 60.48746592465305127
  154.34081086571313790 59.90940121701709842
  157.53611599241008889 59.33176251003608570
  160.73153087904546510 58.75439477864436100
  162.44863398105383112 58.44432526371963377
  162.71070102108552646 51.49611932559934502
  162.97263290633074462 44.54795546722961319
  163.12348825138599295 40.54350647720800538
  163.27427488447560222 36.53905280036565983
  163.42503168605895780 32.53457309146784127
  158.67215061190304937 33.36726823837378220
  153.91931691558690432 34.19994320173741897
  151.53076193198714350 34.61840078734499571
  149.14219634370900280 35.03685928598548571
  140.67488326316401981 35.02279936148916306
  139.43206717955666818 34.85599329561164694
  138.18925094432213996 34.68918712430787110
  136.94643423465853971 34.52238080086774374
  131.44293816885397064 33.78372155334383109
  125.93944218988607986 33.04506224171083062
  125.23181801733716156 37.28236138300128744
  124.52419399960810154 41.51966055269836886
  123.81657012632443582 45.75695978203881964
  123.54903304107362771 47.35899055786212131
  120.27982904125136088 47.34910121806179717
  116.42535552543638744 47.33744126471161451
  113.07659269406467217 47.32731095711456959
  109.72782988824918959 47.31718054222923797
  106.38897351177901385 47.30708004293648372
  105.14499959504037463 40.75739706359148329
  103.90102565078809960 34.20771409590314249
  103.61375227645939390 32.69518290968917285
  98.98353098178476728 32.68445645701739011
  94.35330967487338683 32.67372998409384621
  89.72308836452592118 32.66300349687452353
  86.43390245075211453 32.65538367779213047
  85.81452584899658120 36.24976011031785106
  85.19514925618406664 39.84413653554308610
  84.57577266948213435 43.43851295587472094
  83.95639608544534838 47.03288937418465565
  79.21955271914708874 46.54695598988429595
  74.48270935194688036 46.06102260513161895
  71.25920989742246547 42.55446704559066262
  68.03571044371942378 39.04791148715859350
  66.41553169484679131 36.29337165922338215
  64.79535294837266690 33.53883183275011959
  59.39738329506239012 33.23795931757533140
  53.99941365010256078 32.93708680969434965
  48.60144401454299867 32.63621431030152564
  43.20347438813553254 32.33534181938853180
  37.14379304677573401 31.99758679151882390
  37.34003250345410407 34.56259826125270251
  37.53627194914558629 37.12760973512782670
  37.73251138392659243 39.69262121128562626
  37.92875080921885456 42.25763268781481230
  38.12499022744582078 44.82264416299533138
  38.50068439216590122 49.73327759751978050
  44.09152241116282767 53.06783072344784102
  46.35372772825051157 55.07780728068520659
  48.61593304499542967 57.08778383769715958
  50.87813836176181326 59.09776039475695342
  50.87818125753704379 59.99990451409278336
  50.87822415332367854 60.90204863340321140
  47.86473891561179528 63.57880126221711947
  44.85125367789813566 66.25555389103004700
  44.08003796241674621 66.94059248619521441
  38.47661776869014005 70.30537003455241063
  38.08904765465596398 74.67580382527522431
  37.70147754062168843 79.04623761599819431
  37.31390742658734894 83.41667140672122116
  36.92633731255299523 87.78710519744423380
  41.31930685076217458 87.21735142692931220
  45.71227638897136814 86.64759765641439060
  50.10524592718056880 86.07784388589946900
  54.49821546538977657 85.50809011538453319
  58.89118500359897013 84.93833634486961159
  67.08113426343830099 87.93901299086593326
