Number of disks = 76
Depot = yes (node 77)
Tour length = 428.27927304336827774
Tour sequence = 77 64 16 63 65 18 17 66 19 28 20 68 67 27 26 70 69 25 71 24 72 23 73 22 74 21 75 76 47 48 9 10 45 46 8 44 7 6 43 42 5 41 4 40 3 38 1 39 2 49 37 50 30 51 29 31 52 53 32 34 55 33 54 56 57 35 58 59 36 11 12 60 13 62 15 14 61
Tour visit points:
  100.00000000000000000 100.00000000000000000
  132.33373994642082039 108.57906106625395637
  142.13840624440805982 111.18023815253407349
  142.19176931535020003 113.74581863973702411
  142.24448053236270084 116.31061238412212333
  142.29643691890905188 118.87450310247211860
  142.34759837072368782 121.43744897488514312
  142.44252006314042092 126.23196017908539091
  142.53667594456513257 131.02572876129093515
  142.63016847365648232 135.81894496927981209
  142.72317524889098195 140.61183976612673519
  142.81589348437967146 145.40464988212374919
  142.86578037675394626 147.99265311495921082
  136.20643459549557974 147.98403412056677553
  129.54698777903948326 147.97573929417060867
  126.21844157261135422 147.97196250609815138
  122.88949130134716370 147.96859430509218214
  115.97992915069491460 147.96207382865310365
  109.21231590708563886 147.95619666540991943
  102.59855994439145377 147.95097169855222319
  96.02540341196053930 147.94646920601113038
  89.85633590208993837 147.94262170025643854
  84.96536517909302688 147.93963961017354336
  81.69351923680359562 147.93758330602142337
  78.17332892508630948 147.93593652953620676
  74.05563002884299806 147.93453688180434824
  69.40250239467042093 147.93330235467900025
  64.48164918773910870 147.93218693375848716
  59.56077286736447007 147.93114690499595554
  57.07278534064615627 147.93065013419615639
  57.07427622795202637 142.64204484763172331
  57.07569730524372176 137.35352845351982864
  57.07700676931311534 132.06512386211991839
  57.07789082449837537 127.93576179078864641
  57.07889817530917753 122.44638045737769971
  57.07971465922599918 116.95694085911577531
  57.08032380336445755 111.46748127366198844
  57.08071563568579876 105.97803623756723823
  57.08088653999048034 100.48863531989547937
  57.08083906418586650 94.99930233626641041
  57.08058173675832592 89.51005492040063416
  57.08012892117570658 84.02090437327888139
  57.07950069046557218 78.53185574047802220
  57.07872264746257684 73.04290811352579738
  57.07782556958487419 67.55405519201943321
  57.07684478025560537 62.06528611990830768
  57.07642060517439120 60.06571080792404160
  57.07594942474135991 58.06618258745871231
  57.07545267665251032 56.06667998748784498
  57.07495169170983473 54.06718164262696291
  57.07446598084819556 52.06766800902684622
  63.75853434353960125 52.06276662255422139
  70.44265366569923970 52.05769970155527204
  74.99887672140614825 52.05405594573410610
  79.55504059421731711 52.05022047555086573
  85.74053931042776355 52.04484210396451260
  91.92203176444816393 52.03933834481937026
  98.10028201218254651 52.03376957080754295
  104.27689898325273532 52.02820732154254557
  110.45349043830755420 52.02272688714744220
  112.87890773362343566 52.02068692748449763
  115.00162549320033634 52.01903742362985383
  117.12419111006273909 52.01754237801973346
  124.99475286378270766 52.01220751969933076
  132.86555211551512912 52.00711448340678800
  137.86261366652854576 52.00412012504860115
  142.85988334848508430 52.00133802945976669
  142.79168112385750078 55.39757757111790681
  142.72787243406017410 58.59673078225937815
  142.66451492552383229 61.79637099650521748
  142.54888398764373392 67.65868583106372114
  142.43364527530076202 73.52104429486665538
  142.31870327954604249 79.38344730168658714
  142.20394001170083698 85.24589069033855537
  142.13396248479824635 88.82541873408094091
  140.90269019877564460 89.15198198220410575
  132.33624870802199780 91.42393307364775978
