Number of disks = 496
Depot = yes (node 497)
Tour length = 1966.88269399548994443
Tour sequence = 497 6 5 4 42 41 109 44 110 7 43 45 8 46 9 111 112 136 137 196 135 197 195 263 262 264 339 421 422 338 337 420 419 418 336 335 260 261 194 134 193 108 133 107 132 191 131 192 190 257 258 333 259 417 334 416 415 332 414 256 331 189 188 255 187 254 329 413 330 328 412 411 253 252 186 185 251 327 410 326 409 408 455 407 369 325 456 370 289 371 457 372 458 459 460 291 373 222 292 290 223 221 157 158 159 77 78 127 128 37 103 104 38 129 130 39 106 40 105 2 3 29 49 1 30 51 50 31 52 53 32 33 54 34 55 35 56 85 166 86 167 231 230 165 229 164 84 228 83 82 227 163 226 161 81 80 162 79 160 224 294 225 375 293 374 461 376 462 463 295 464 296 377 297 465 466 378 380 298 379 299 467 468 300 382 381 301 383 469 470 471 384 233 303 302 234 232 169 168 170 88 89 87 115 57 58 116 36 11 59 117 12 118 14 60 61 119 13 15 62 120 16 121 63 64 17 65 18 123 122 150 151 213 149 148 211 212 147 146 209 210 145 208 144 207 206 143 204 142 205 171 272 203 235 271 306 304 305 473 385 472 386 474 387 475 347 432 431 433 348 349 434 435 350 352 436 273 351 437 274 438 275 353 276 354 439 355 440 277 357 278 441 442 279 356 280 443 359 358 281 360 444 445 282 214 215 361 283 446 447 363 284 448 285 362 364 449 286 365 450 287 288 367 451 366 324 452 453 496 454 368 495 406 494 323 405 322 493 404 492 321 402 403 491 401 320 490 319 400 318 399 489 488 317 487 316 398 397 315 396 486 485 483 394 484 313 395 312 314 242 241 176 175 240 311 238 239 174 237 173 141 236 172 309 310 392 391 393 482 480 481 390 479 389 308 307 478 477 388 476 429 430 345 346 428 427 269 270 344 202 201 268 343 267 426 341 342 425 424 423 340 265 266 198 199 200 140 138 139 113 114 90 91 48 47 10 75 92 76 93 21 74 94 22 23 72 73 24 71 97 95 178 177 96 243 244 179 245 180 98 246 99 181 100 247 248 182 101 183 184 102 249 156 250 220 219 155 218 217 153 154 216 125 152 124 126 20 67 19 66 68 27 28 69 70 25 26
Tour visit points:
  100.00000000000000000 100.00000000000000000
  61.61843328783601947 95.13183534324522839
  59.91902043047564064 94.78919700729485953
  58.21960757311515522 94.44655867134450489
  56.52019471575459164 94.10392033539417866
  54.82078185839398543 93.76128199944388086
  49.84565479073004468 106.75016620404306877
  49.89596744793136196 110.35751376602827634
  49.94628010513341110 113.96486132802060354
  50.04756488238029277 114.48187672779650370
  50.14884965962582442 114.99889212757238965
  50.81726145148424223 118.41084799282442930
  51.48567324334045026 121.82280385807607104
  52.15408503519476113 125.23475972332734329
  52.72335967421282277 128.14066289142107280
  47.80968807287528222 127.47611641444827058
  42.89601647153951802 126.81156993747696049
  37.98234487020610572 126.14702346050691517
  33.06867326887510217 125.48247698353760882
  29.99977268803732855 125.06742542237671501
  29.34001963172862659 124.97819752828615947
  20.00798686305091323 125.00000318949956579
  19.91470148124069084 124.99963620151739008
  15.38142064480505411 124.98180211482024049
  10.84813980836935166 124.96396802812307669
  7.17136107623642349 125.60937624678830105
  3.49458234410348334 126.25478446545346856
  -0.18219638802944529 126.90019268411862186
  -3.42121605164437792 127.46875828559070953
  -3.21881100262912767 122.27699919049307198
  -3.01640595361396757 117.08524009539544863
  -2.81400090459889540 111.89348100029786792
  -2.61159585558389340 106.70172190520034405
  -2.40919080656893936 101.50996281010287703
  2.23397281428993599 100.60750108517022738
  6.87713643514870032 99.70503936023767722
  11.52030005600735585 98.80257763530524073
  16.16346367686591989 97.90011591037287531
  20.80662729772442532 96.99765418544055251
  25.44979091858290943 96.09519246050822971
  28.12423279881688742 93.58956071359077100
  30.79867467905086542 91.08392896667331229
  30.78387991341971031 89.96486665136434624
  30.76908514778855519 88.84580433605535177
  27.93164537706887529 85.95618063202201142
  25.09420560634919184 83.06655692798867108
  22.25676583562951549 80.17693322395533073
  19.41932606490983559 77.28730951992199039
  16.58188629419015925 74.39768581588866425
  11.41187893704146283 74.89982817361688205
  9.50110431334130467 75.26037781068205845
  7.59032968964114119 75.62092744774722064
  5.67955506594097947 75.98147708481241125
  -3.20977024152362267 77.65882980533064028
  -2.96912448051318645 75.45095293659009883
  -2.54486387065557818 71.55844644535071097
  -2.12060326079797079 67.66593995411130891
  -1.69634265094036274 63.77343346287192105
  -1.27208204108275469 59.88092697163251898
  2.89789084374670169 56.64755808780689250
  7.06786372857615852 53.41418920398126602
  11.23783661340561402 50.18082032015563954
  11.52376349279710865 47.16235254520842801
  11.80969037218860684 44.14388477026122359
  12.09561725158010326 41.12541699531402628
  7.36301271292953441 40.37231218548227929
  2.63040817427896645 39.61920737565053940
  -2.10219636437160107 38.86610256581879241
  -1.89420135666315081 36.61897424314420135
  -1.68620634895470056 34.37184592046961029
  -1.47821134124624987 32.12471759779501923
  -1.27021633353779939 29.87758927512042462
  2.81400334015009923 26.81090619634433736
  6.89822301383799719 23.74422311756825366
  10.98244268752589470 20.67754003879216995
  10.93469306646833061 19.22139908097571492
  4.05958835217946756 13.04434642804734956
  1.26898403815030969 11.37089629272653646
  -1.52162027587884774 9.69744615740572335
  -1.85180106353066853 5.91997171184270066
  -2.18198185118248933 2.14249726627967840
  -2.51216263883430990 -1.63497717928334407
  -2.84234342648612959 -5.41245162484636566
  -3.05175144024454026 -7.80821010096539503
  1.54355049216648021 -7.24651146671917612
  6.13885242457750024 -6.68481283247295810
  10.73415435698852072 -6.12311419822674008
  15.32945628939953941 -5.56141556398052295
  19.92475822181056699 -4.99971692973430581
  21.34651264379436242 -5.19525917219643052
  22.76826706577814718 -5.39080141465855345
  30.09833640876597372 -6.39894893617689942
  34.30815821386717346 -6.97795047357800424
  38.51798001896837320 -7.55695201097910907
  42.72780182406957294 -8.13595354838021123
  41.95480908586689850 -4.21003078913880557
  41.18181634766422405 -0.28410802989740175
  40.14120804064302916 5.00099703524107486
  40.04818621262167255 5.47344198030538553
  39.95516438460032305 5.94588692536970065
  40.00000470873839475 15.00970436735719638
  39.99998871146446078 15.01502566415857132
  39.99999999996551736 24.99997373905362608
  39.99999999998355804 24.99998969543804606
  40.00000000000159162 25.00000565275741593
  40.00000000000098765 30.00000421239933601
  40.00000000000038369 35.00000277204125609
  39.99999999999961631 35.00000277204202348
  39.99999852206848061 44.99456321526668034
  40.00003190619385407 45.02526109378355557
  40.00348261411128448 48.19830687646104650
  40.00693332525754187 51.37135259326721837
  40.01038404083998756 54.54439821280458744
  39.77171985121564290 57.12449785816747294
  39.36708045152892055 61.49888534683812225
  41.59372711967878189 63.62870831291769491
  43.82037508761897726 65.75853181632375311
  46.77322027351842593 65.82003126077339061
  49.72606237751035962 65.88153282631208185
  52.67889962145924443 65.94303706416877731
  55.63173062934200885 66.00454433030927248
  60.86282631724630221 59.06350305662407862
  64.88614718556546279 53.72499660062917570
  67.86516911009343289 53.43808420626054101
  70.84426325036963590 53.15125159895798390
  73.82348060932983458 52.86451576492001436
  76.48983242845176278 52.60802701431954631
  82.51324740471730479 52.02875863146631730
  88.33954740484661272 51.46856774754830610
  93.82783609685282045 50.94098085516488794
  98.99661357851458376 50.44421307240438779
  103.93281043294553001 49.96990258167767962
  108.71751499523101359 49.51024277098036919
  113.40886611055323385 49.05962606235034684
  118.05352871091641020 48.61354350604518260
  122.69816934903923311 48.16748442045756207
  122.83187370475387468 43.61418573578859537
  122.96555904593020614 39.06089882283684034
  123.09922863999668152 34.50761704303577204
  123.21616707905025123 30.52384937895060091
  123.33309754610971254 26.54008121653091479
  123.45002444390532048 22.55630996019634082
  120.08736853844256132 23.13969333091873182
  116.72471072143409287 23.72307483243075765
  113.36205194655960327 24.30645520933878601
  109.99939316774826636 24.88983522891002309
  109.16131158549193003 25.03523197744323170
  99.99245975705545675 24.99999715723641103
  99.98832141440391297 25.00000681947040349
  90.01785222939120956 25.00001593511740694
  89.91704436400446809 24.99965591220301064
  85.36357989343844110 24.98339377290437824
  80.81011542287333782 24.96713163360566767
  78.52938013170906117 25.34871591449670092
  76.24864484054164393 25.73030019538900248
  73.20147400541900140 26.24011494521182541
  70.15430317029657203 26.74992969503576390
  66.46136984499995037 27.36778539831816914
  66.46136981954961698 22.76482283084021319
  66.46136979410243839 18.16186026336386306
  66.46136976865881252 13.55889769588913829
  66.46136974321873936 8.95593512841589323
  66.46136971778182101 4.35297256094384544
  66.46136969619392687 0.44605329536568233
  66.46136967460776646 -3.46086597021260234
  66.46136965302241606 -7.36778523579158318
  70.15430309649281071 -6.74992927979077262
  73.70623627745401052 -6.15566374406813477
  77.25816945841549455 -5.56139820834570653
  80.81010263937727700 -4.96713267262325431
  90.00701103899001509 -5.00000245773368768
  90.01085595147172569 -4.99999410741414696
  95.00542112367774905 -4.99999705370237901
  99.99998629588380084 -4.99999999999061107
  100.00000294806261536 -5.00000000000043343
  109.99999975009949083 -5.00000000000000266
  109.99999975009949083 -5.00000000000000266
  110.00000000000000000 -4.99999999999999822
  110.00000017671746377 -4.99999999999999822
  114.99999252649418224 -4.99999999999428102
  119.99998487348061360 -4.99999999998855937
  120.00007028419852873 -5.00000000024699265
  129.97542935559684452 -5.00003018587387782
  130.11421474895084316 -4.99934772828318597
  133.09492023419474549 -4.98469020906979132
  136.07562255122036277 -4.97003224932686827
  139.05632037993967742 -4.95537386413402370
  141.70207758485713612 -5.47501182051316349
  144.34784584892616977 -5.99465511632255676
  148.74501825899116625 -6.85828746562247726
  153.14218758116919616 -7.72192272450136308
  152.27473204462384615 -1.31120309447473571
  151.40726764486785783 5.09951527571967667
  151.04999891778274446 7.73973552059801584
  150.69272481587580614 10.37995113682451453
  150.33544823201708596 13.02016133426553779
  149.97817198938989236 15.66036637569986212
  149.98901245204555721 20.30306453955452639
  149.99985291955209732 24.94576359778122665
  150.00000681100061684 25.01167133095213302
  150.00000340550658962 30.00582774988093959
  150.00000000001253397 34.99998416903471110
  149.99999999999940314 35.00000340421084388
  150.00000000000008527 44.99999861580854343
  149.99999999999991473 44.99999861580872107
  150.00000000000002842 49.99999838497966920
  150.00000000000017053 54.99999815415060311
  149.99999999999982947 54.99999815415093707
  149.99999999999982947 60.00000017009426045
  149.99999999999977263 65.00000218603759095
  150.00000000000022737 65.00000218603807411
  150.00000000000011369 70.00000085925881876
  150.00000000000002842 74.99999999999998579
  150.00000000000002842 75.00000000000000000
  150.00000000000000000 75.00000000000001421
  150.00000000000000000 84.99999999999997158
  150.00000000000002842 84.99999999999998579
  150.00000000000002842 85.00000000000000000
  149.99998594344290836 89.98814397311717528
  149.99997188689380323 94.97628794961363496
  150.00060742229035782 95.11021831447369834
  150.02187090108060374 99.59120533566100164
  150.04313437459475722 104.07219241346969341
  149.36238875224816525 107.60092349837542258
  148.68164319632518300 111.12965468691491822
  148.00089773759333411 114.65838599601440251
  147.32015240181323179 118.18711743722030860
  150.98438212254745849 117.74967441749831210
  154.64861100596570509 117.31223192630100982
  158.31283864610091427 116.87479012030301817
  161.97706470767622022 116.43734912033634998
  165.64128893730136838 115.99990900757617851
  170.97812890380288309 110.68655104080237095
  171.31663690183233939 107.45488029992115742
  171.65516186327681680 104.22322674697306866
  171.99370859879584827 100.99160228978897180
  172.23377005391475336 98.70034346773347522
  172.98965203389897738 91.48619845269729467
  173.74557886088891223 84.27203532116125473
  174.14669886774856877 80.44454652934516048
  174.54785859289935956 76.61703190528685070
  175.08318775914750631 71.50946528058058504
  175.62746572652554278 66.31698463140352828
  176.22190368077079370 60.64645572142906360
  176.86226174252840337 54.53827413459158890
  177.53600369856081898 48.11195234831797762
  178.22644462833196144 41.52656122789647952
  178.91689914511795223 34.94117158780360910
  179.19098691325095274 32.32708911447114275
  179.46508144879535962 29.71301115929462000
  179.73917919607578142 27.09893879709391129
  180.01327661172135208 24.48487286422855647
  180.00663522134132677 19.74799027618882974
  179.99999380296773666 15.01113286158060944
  180.00032888938568476 14.91889710519614098
  180.03342579123159339 5.81694463772791703
  179.41512642718603843 2.15545205072266333
  178.79626917638475447 -1.50602101351587159
  178.17658300511783409 -5.16764776552554306
  177.89277079006507165 -6.83945378196713261
  177.60820846944440632 -8.51038029731524048
  181.45734357187751584 -8.46897127171811448
  185.29273719936961129 -8.42552393283879653
  189.11437193865518225 -8.37982641347802115
  192.92553136937286240 -8.33194429536306380
  196.73118884908751625 -8.28219634278062955
  200.53638423019955894 -8.23109525727491231
  202.66641114542846935 -8.20158294070565397
  202.24055537117533277 -1.30801229011199238
  201.86763980694709630 4.74551316375504673
  201.49574833776239302 10.79778316251712589
  201.12468882601208975 16.84903952736659605
  200.75421157510169223 22.89959613082807621
  200.38403753475884628 28.94980287032828414
  200.01388632113733479 35.00000964150038385
  200.00466114215839752 35.15105109344449374
  199.99542835310657551 35.30234423744039418
  199.99771419779398229 40.15163299510788164
  200.00000004263088726 45.00092337299503242
  199.99999989776941334 45.00142989923739378
  200.00000000000019895 55.00000186923094248
  199.99999999999980105 55.00000186923130485
  199.99999999999525357 59.99999411424214202
  199.99999999999070610 64.99998635925298629
  199.99999999999070610 64.99998635925298629
  200.00000000000042633 65.00000293590470335
  200.00000000000039790 70.00000024226497430
  200.00000000000031264 74.99999754862524526
  199.99999999999968736 74.99999754862585633
  200.00000000000000000 85.00000000000000000
  200.00000000000000000 85.00000000000000000
  200.00000000000000000 85.00000000000001421
  200.00000000000000000 94.99999999999997158
  200.00000000000000000 94.99999999999998579
  200.00000000000000000 95.00000000000000000
  199.99999797231700427 104.99363182476088241
  200.00000084564518943 104.99588746995839017
  199.99344808039541022 108.12168906787195510
  199.98689531514563100 111.24749066578557688
  199.98034254989579495 114.37329226369919866
  200.20744989786086876 116.14458173713356359
  200.43455724582594257 117.91587121056794274
  200.83109540355968647 121.00861070535891884
  194.86352509117457998 125.28805164844729347
  188.89595477878947349 129.56749259153565390
  188.89595477729506001 130.43250740555370726
  192.87433496999329918 133.28546799836473724
  196.85271516269159520 136.13842859117576722
  200.83109535538986279 138.99138918398676878
  200.43455698494426542 142.08412964524802646
  200.06067256750679917 145.00018405971630386
  199.98034279260178891 145.62670387118768645
  200.00000000000000000 155.00000000000000000
  200.00000000000000000 155.00000000000000000
  200.00000000000000000 155.00000000000000000
  200.00000000000002842 160.00000067356222644
  200.00000000000008527 165.00000134712448130
  199.99999999999991473 165.00000134712465183
  200.00000000000000000 169.99999994738328724
  200.00000000000011369 174.99999854764189422
  199.99999999999988631 174.99999854764212159
  200.00000000000000000 184.99999953247967710
  200.00000000000000000 185.00000000000002842
  200.00000000000000000 185.00000000000218847
  199.97768829357173104 189.52817455342236030
  199.95537658714340523 194.05634910684258898
  200.68716903295421616 197.78224124435843123
  201.41896147876502710 201.50813338187433033
  202.15075392457583803 205.23402551939022942
  202.72193553667037236 208.14217398386205105
  197.80901083446423172 207.47737579321025692
  192.89608613225809108 206.81257760255849121
  187.98316143005197887 206.14777941190669708
  183.07023672784589508 205.48298122125495979
  179.33965849654288149 204.97817363543109082
  174.69694529157752072 204.98901328919444609
  170.05423208661815693 204.99985294295777294
  169.98832959760034100 205.00000680991692548
  164.99417271200726987 205.00000340496472973
  160.00001582641419873 205.00000000001253397
  159.99999659148977571 204.99999999999943157
  156.66666442581643537 204.99999999999963052
  153.33333244666800965 204.99999999999982947
  150.00000000000002842 205.00000000000002842
  150.00000000000000000 205.00000000000002842
  149.99999999999997158 205.00000000000000000
  139.99999684908630115 205.00000000000048317
  139.99999684908533482 204.99999999999951683
  134.99999865830298518 204.99999999999977263
  130.00000000000000000 205.00000000000000000
  130.00000000000000000 205.00000000000000000
  129.99999999999997158 205.00000000000002842
  120.00000123752060688 205.00000000000008527
  120.00000123752043635 204.99999999999991473
  110.01161853261199042 205.00000674951729707
  109.94600901331762088 204.99985424760566843
  106.85031339673226114 204.99265865305787315
  103.75461778014697245 204.98546305851004945
  100.65892216356174060 204.97826746396222575
  98.79759553011588480 205.22957619670307849
  96.93626889666970214 205.48088492944398809
  87.10418917842811481 206.80837224402918650
  77.27210946018671223 208.13585955861458388
  77.55372261629052844 206.68647946250277414
  77.83533577239469992 205.23709936639087914
  78.40258612548133499 202.31762861918059571
  78.96983647856768584 199.39815787197366603
  79.53708683165349669 196.47868712477117015
  80.10433718473856857 193.55921637757361964
  80.60515702186826559 188.42591964532863358
  78.51568187517648312 186.38275643634227663
  76.42620672852723374 184.33959322737214848
  71.17214870932367887 184.56708592710336347
  65.91809069106039942 184.79457862690179581
  60.66403267400459498 185.02207132678060475
  59.14462916813619131 184.75158498428476150
  57.62522565990355616 184.48109864064065277
  56.10582214804177426 184.21061229546211280
  49.81607600363952315 183.09090285978624024
  43.91220494855942036 182.03988744734908778
  38.00833389466971823 180.98887203332014906
  39.00886660772010828 182.99443380797882241
  40.00939932390007669 184.99999558263453991
  42.00752630089039741 189.00522900881881583
  44.00565328017734856 193.01046243241827938
  46.00378026104856133 197.01569585264689977
  48.00190724270651543 201.02092926912467874
  50.00003422435470668 205.02616268187517790
  51.98949725453829274 209.01402925458614845
  47.31921377209650359 208.18610905881575945
  43.39622240106603357 207.49066438199636764
  38.67884299822603111 206.65439529907649785
  33.96146359435259399 205.81812621571071986
  29.99933015934169589 205.11574266490629270
  29.13499086669783722 204.96251771387653662
  20.60699463083035710 204.98156087584217744
  17.26086214339444780 205.38245749671412455
  12.86702471325096298 205.90887854700022785
  8.47318728308850133 206.43529959729826828
  4.07934985291543573 206.96172064760662579
  -0.31448757725942855 207.48814169792197504
  -3.04450131845807626 207.81522177857462452
  -2.66340432042765984 203.43645222970741315
  -2.28230732239388967 199.05768268084156603
  -1.90121032435798787 194.67891313197569048
  -1.52011332632135687 190.30014358310859279
  1.28072225870107892 188.61980993769140014
  4.08155784372387220 186.93947629227398011
  7.47991469684425603 183.92070971271934354
  10.87827154996463008 180.90194313316476382
  10.87827160190026810 179.09805698243704342
  8.61269801689990722 177.08554417839155803
  6.34712443189954634 175.07303137434604423
  4.08155084689918457 173.06051857030055885
  -1.52012812316409551 169.69983274297428011
  -1.94584025665616234 164.80885853173427336
  -2.22053858026932671 161.65287045678340405
  -2.49523690388248953 158.49688238183256317
  -2.76993522749565191 155.34089430688172229
  -3.04463355110881428 152.18490623193085298
  2.03334202009752607 152.79352088266492160
  7.11131759130386598 153.40213553339896180
  12.18929316251020545 154.01075018413303042
  17.26726873371654492 154.61936483486707061
  18.92710231504943863 154.81830219114496572
  20.58693589638234656 155.01723954742286082
  29.95748967019783393 155.00009035681520686
  30.00914846901152444 154.99999581527487180
  35.00457061501707301 154.99999790763612850
  39.99999276102261803 154.99999999999741362
  39.99999276102261803 154.99999999999741362
  40.00000153667247815 155.00000000000008527
  49.99999498018110700 155.00000000000125056
  49.99999498018110700 155.00000000000125056
  50.00000106739896211 154.99999999999994316
  59.99999953247972684 155.00000000000000000
  60.00000000000000000 155.00000000000000000
  60.00000048676706399 155.00000000000000000
  64.99969003657214728 155.00000000962282343
  69.99937958636651558 155.00000001924564685
  69.99959936433658925 154.99999999197456191
  74.89977123059900066 155.00100066523353348
  79.79994309686152576 155.00200133849244821
  80.93249934051586081 154.95642732007507902
  87.53267587023009355 154.69083647775852342
  90.49197042077848607 154.57175458217520259
  93.45126497132690702 154.45267268659188176
  96.41055952187532796 154.33359079100858935
  100.61184932628232502 158.44421644609838040
  100.17270433637288818 163.14952440176699611
  99.91118644882115518 165.95161078581185166
  99.64966856126940797 168.75369716985676405
  99.38815067371768919 171.55578355390164802
  101.48879557592114509 173.61109638144651512
  103.58944047812461520 175.66640920899138223
  108.74879387191128899 175.45879703263585725
  113.90814726569796278 175.25118485628036069
  119.06750065948467920 175.04357267992486413
  119.63377878131156251 175.02078567071620796
  120.20005690313843161 174.99799866150752337
  130.00040063574729743 175.00000000802543809
  130.00062041396762424 174.99999998075432472
  135.00030418718921510 174.99999999037353859
  139.99998796047790961 174.99999999999272404
  140.00005588903849230 175.00000000015617729
  149.97808761396922250 175.00002400766189226
  149.99999999974025400 174.99992792371619998
  150.10184918714779201 174.99948132370258236
  153.10337748657255474 174.98631987771929630
  156.10490578610634316 174.97315843174831684
  159.10643408580185110 174.95999698579186088
  162.65130086263451403 175.61728221177671116
  166.19616763972658191 176.27456743762431302
  169.74103441706108697 176.93185266330115724
  173.28590119458718277 177.58913788880440165
  172.90047616932366736 173.05276157326076714
  172.51505114449628309 168.51638525752983355
  172.12962612011060060 163.98000894164803753
  171.74420109610505847 159.44363262566898243
  171.35877607237011944 154.90725630965278015
  171.11045864110403159 151.98460924355276802
  170.86214120990729270 149.06196217760893319
  168.66012890115504774 146.70685164750761942
  166.45811659237659796 144.35174111739638647
  162.18450041775167847 144.75848133291458453
  159.53148465137843459 145.01098136110928749
  154.77935640950749985 145.00550921491679901
  150.02722816763989044 145.00003706872433895
  149.99276234278974584 144.99999738081555734
  140.24037785753480989 144.99711050682179803
  138.87916227820366544 145.06301238798204167
  135.13244258993978519 145.24440604772695451
  131.38572290167593337 145.42579970747186735
  127.63900321341209576 145.60719336721675177
  123.89228352514827236 145.78858702696163618
  118.37044611118398052 139.52865355696016536
  116.55098008361811424 135.61361296257175013
