Number of disks = 594
Depot = yes (node 595)
Tour length = 2396.33591962487253113
Tour sequence = 595 25 24 26 27 28 65 66 19 18 124 20 125 152 123 151 215 153 216 284 214 283 282 281 212 150 149 280 213 211 279 210 278 209 277 276 208 145 146 119 148 147 120 121 122 17 16 64 15 63 14 61 62 13 60 12 118 59 11 117 58 116 36 57 88 115 89 169 87 170 233 168 232 302 234 383 303 384 470 471 565 566 567 568 472 385 386 473 304 305 235 203 171 204 205 142 206 143 207 144 274 275 273 272 349 306 271 387 348 347 474 475 569 570 571 523 431 432 525 524 433 434 526 435 527 436 528 350 437 529 351 530 352 353 531 438 440 532 354 439 355 533 534 356 441 443 535 357 442 358 536 537 359 444 538 446 445 360 539 361 540 362 447 363 541 448 542 543 364 450 449 365 287 286 285 217 218 219 154 155 156 184 102 126 67 101 183 182 100 68 69 99 181 180 70 98 179 97 71 96 72 95 177 178 176 241 242 314 243 244 316 315 245 317 246 318 247 319 248 321 320 322 250 249 324 323 220 288 406 368 366 451 367 544 452 545 453 454 547 546 548 594 593 495 592 496 591 405 494 404 493 590 492 403 589 491 402 588 489 587 490 401 400 586 585 399 488 584 487 398 397 486 485 583 396 484 582 581 580 579 483 482 394 393 395 313 312 240 239 311 310 392 238 309 308 237 202 307 236 390 480 391 479 577 481 578 576 575 478 389 388 574 476 573 477 572 522 521 430 520 519 346 429 428 344 270 269 345 427 343 518 517 426 515 516 424 425 341 342 266 267 268 201 200 199 141 139 140 172 90 114 48 91 173 92 76 93 174 175 94 75 74 22 73 23 10 21 9 46 8 45 47 112 113 137 111 138 136 196 198 264 197 265 263 339 338 422 340 423 513 514 421 512 420 511 419 509 510 336 418 335 337 262 260 261 194 195 134 193 133 135 110 109 43 6 44 7 5 41 108 42 107 40 4 3 106 39 105 38 2 104 1 37 49 103 78 77 159 157 222 158 290 221 252 251 185 289 186 187 253 254 127 255 128 188 129 256 189 190 257 130 131 132 191 258 259 192 334 333 416 417 507 508 506 415 332 331 505 414 504 330 413 329 412 503 411 328 502 410 501 409 327 326 408 500 499 407 498 549 497 455 550 325 369 551 456 552 370 457 458 371 459 553 460 554 555 556 461 374 373 292 372 291 293 223 224 294 225 226 161 162 160 80 79 81 51 29 50 52 30 31 82 53 83 163 165 227 164 229 297 228 298 378 296 295 377 463 376 375 558 557 462 464 465 559 560 466 561 379 380 467 562 563 564 381 469 468 300 382 301 231 299 166 167 230 86 84 85 54 55 56 35 33 34 32
Tour visit points:
  100.00000000000000000 100.00000000000000000
  105.99350519227903078 135.83768591699100625
  106.21572539876454755 137.16643390484554743
  116.98683918307041552 136.48054720930602457
  127.75795296737628348 135.79466051376647329
  138.52906675168216566 135.10877381822692200
  140.31534302364894984 134.99502670218726053
  143.53958476080083528 134.99668209534041807
  146.76382649795269231 134.99833748849357562
  149.98806823510454933 134.99999288164679001
  150.00000000000002842 134.99999900766448491
  150.00258207417905965 135.00000033335535932
  159.97542694938962882 135.00003019178640784
  160.04482439577896002 134.99968891952337913
  160.11422184276653979 134.99934764725355762
  169.05631720096891968 134.95537356279575647
  171.70207366309571739 135.47501054380850860
  174.34783013397722584 135.99464752904808051
  178.74502148992726802 136.85827322390392169
  183.14221284116300126 137.72189892320187710
  182.55507582195323835 133.38244342150608190
  181.96793878889988605 129.04298793847613069
  181.22573747954319856 123.55747217349832567
  180.48353613027964570 118.07195628489516537
  180.06786307838163452 114.99976972747836612
  179.97781165100056455 114.33421125185402900
  179.98870012452928790 105.47525763773849405
  180.01106577619859195 105.23765676045654516
  180.03343028143888205 105.00005587934198559
  180.47376089734393645 100.32191300014696367
  180.91408264755239088 95.64376268860340247
  181.35439353261224937 90.96560290258787518
  181.79469299822298467 86.28743293199687514
  182.23498188359218375 81.60925336372292804
  182.67526221583131019 76.93106589935054274
  183.11553687831948878 72.25287305322662235
  179.28749652497947409 72.81553960215191523
  175.45947415968680616 73.37819442957204785
  172.47108027452364354 78.12690238714495194
  169.48262612454877285 82.87578574932726383
  166.49410467543611958 87.62486591024195093
  163.50552840014677258 92.37411959466416533
  160.51692284563276303 97.12349191801698112
  157.52831860484363347 101.87291316293368482
  154.53974369791822596 106.62231528908037603
  151.98840735587103268 106.99766566043446403
  149.43705400962625163 107.37298374433720483
  146.88566213149366035 107.74826524127405492
  147.30046104378359928 103.35993804788336092
  147.71508820267726492 98.97184118252820895
  148.12948688340640047 94.58409396244991285
  148.54360897122268170 90.19680149196055652
  148.57554214241861246 89.85606405914670347
  149.17076574068624950 83.50337525750551038
  149.76591517122901109 77.15102321427707466
  149.96743819753274352 74.99994698631049062
  150.01064460917510246 74.53872039303944064
  149.99999999999997158 65.00000000000986233
  150.00000000000000000 65.00000000000000000
  150.00000000000000000 64.99999951392091191
  150.00000000000000000 55.00000000000000000
  150.00000000000000000 55.00000000000000000
  149.99999999999997158 54.99999999999997868
  149.99999999999997158 45.00000000000001421
  149.99999999999997158 45.00000000000000000
  150.00000000000000000 44.99999999999997868
  150.00000000000000000 35.00000047779661827
  149.99999999999997158 35.00000000000000000
  149.99999999999997158 34.99999999602642475
  150.00002915102950851 25.02414580171101832
  149.99969964712192905 24.95595530336481715
  149.99937014660676482 24.88776510725586988
  149.95611383414257034 15.93584043596920985
  150.46704715756783344 13.31135096343594526
  150.97797835506071351 10.68686593783047734
  152.12975124061517818 4.77057621909260998
  152.99086334265615506 0.34730212819941741
  153.85197125737212787 -4.07596944801193573
  154.71307442448735969 -8.49923771248489857
  155.57417248874793358 -12.92250202664403425
  156.43526528581344337 -17.34576191243018073
  162.02084531238861587 -17.45561051822610210
  167.60644223662049512 -17.56544027140935427
  173.19206792987196764 -17.67524328536966038
  173.33235114042247460 -15.05423204047727559
  173.47272694469751286 -12.43314487816676461
  173.61324159194464301 -9.81194573219564425
  173.75395563658580045 -7.19058710207601237
  174.01185157664923508 -2.39208017707190956
  174.27019617172607013 2.40643353830205342
  174.52912571684998966 7.20488280510647794
  174.78876783629382885 12.00320242138932514
  175.04922421690940837 16.80133788461737510
  175.31055484977378001 21.59925009470937951
  175.57279488593800920 26.39690881351757312
  175.83595616720305088 31.19429193866706385
  176.10000157174522428 35.99139472084566194
  176.36482209183822079 40.78823809143572987
  176.63018223608298740 45.58488830453990914
  176.74286997132713850 47.61530606255242759
  180.31491857143649327 47.48981881310543685
  183.52751843396049480 47.37720639284529511
  185.71857829209073998 36.44294380928531041
  187.85938467720487210 25.75237987236498682
  190.00015131378901856 15.05501138868340405
  190.64614761439273138 11.84255072253584906
  191.38753661152188101 8.15991987977959532
  192.18962247982051395 4.16961502929664452
  193.02685549811513965 -0.00751283248823481
  193.88306948606785340 -4.29277043651788759
  194.74922118647714342 -8.63923313021840222
  195.61994900405738917 -13.01596324241219804
  196.49009998315091252 -17.39220122448650940
  201.94178626277377475 -17.59964083902890764
  207.39276213309460672 -17.80740312499483124
  212.84307480083771225 -18.01584495492863880
  212.69540998505098628 -15.68131454381883927
  212.54631589962801286 -13.34846296657780762
  212.39562726120837510 -11.01753134565758963
  212.24332785768174858 -8.68857882275443671
  211.79115430978782797 -1.79926495418462018
  211.33754654239612591 5.08985523582403854
  211.04870931691618807 9.45807078307832505
  210.67987760238327155 15.02313844709782309
  210.47828424274132431 18.05563889194583282
  210.01659089712637751 25.00001376290284227
  210.00555568755953573 25.16550643959714506
  209.99453645983012962 25.33051619192768911
  209.99999943098583799 35.00000000000002132
  210.00000006207136494 35.00111419340483820
  209.99999985115130130 35.00172539096590896
  210.00000000000045475 45.00000303788684874
  209.99999999999954525 45.00000303788776534
  209.99999999999963052 54.99999727370111202
  210.00000000000036948 54.99999727370187230
  210.00000000000019895 59.99999863685093260
  210.00000000000002842 65.00000000000000000
  210.00000000000002842 65.00000000000000000
  210.00000000000000000 65.00000000000001421
  209.99999999999997158 69.99999947237230913
  209.99999999999994316 74.99999894474460405
  210.00000000000005684 74.99999894474471773
  210.00000000000019895 85.00000199732126305
  209.99999999999980105 85.00000199732166095
  209.99999999999991473 90.00000099866082337
  210.00000000000002842 95.00000000000000000
  210.00000000000002842 95.00000000000000000
  210.00000000000000000 95.00000000000001421
  210.00000000000000000 100.00000037472564429
  209.99999999999997158 105.00000074945126016
  210.00000000000002842 105.00000074945133122
  210.00000000000022737 114.99999794548436682
  209.99999999999977263 114.99999794548480736
  210.00000000000153477 119.99999492150759295
  210.00000000000326850 124.99999189665022925
  209.99999999999016609 125.00000000000002842
  209.99999999999016609 125.00000000000002842
  209.99999999999016609 125.00001403411360457
  210.00000000000002842 134.99999930755816990
  210.00000000000000000 134.99999930755825517
  210.00003019328727305 144.97542633861397121
  209.99934760686443269 145.11422537850549475
  209.97735991574421632 149.58526423127463545
  209.95537222462399995 154.05630308404380457
  210.64701324121378434 157.57777060886436971
  211.33865425780359715 161.09923813368490642
  212.03029527439340995 164.62070565850547155
  212.72193629098316592 168.14217318332606510
  208.79159621340767217 167.61033473769876423
  204.86125613583214999 167.07849629207149178
  200.93091605825665624 166.54665784644421933
  197.00057598068113407 166.01481940081697530
  193.07023590310561190 165.48298095518973128
  191.20494728979744536 165.23057730126470233
  189.33965867648930725 164.97817364733967338
  180.05423205601337600 164.99985294312375572
  180.02128083010146042 164.99992987651648946
  179.98832960418957327 165.00000680990925161
  170.00000199670509460 164.99999999999982947
  170.00000199670509460 164.99999999999982947
  170.00000199670472512 165.00000000000019895
  160.00000394403539872 165.00000000000076739
  160.00000394403539872 165.00000000000076739
  159.99999917229786206 164.99999999999997158
  150.00001367605909763 164.99999999999064926
  150.00001367605909763 164.99999999999064926
  149.99999706218903839 165.00000000000042633
  140.00001216137337678 165.00000000000738964
  140.00001216137337678 165.00000000000738964
  139.99999738952621442 164.99999999999965894
  130.00001470615524113 164.99999999998919975
  130.00001470615524113 164.99999999998919975
  129.99999662151805069 165.00000000000054001
  120.00307245329800310 165.00000047199847586
  120.00198410410608574 164.99999980316655979
  115.22083344255402437 165.00483526335335682
  110.43968278406821071 165.00967072367510013
  109.19459965036355698 164.89859458876486542
  107.94951650311691083 164.78751845101763251
  105.69966900996256243 164.58680545110064486
  103.44982152557820143 164.38609244796032272
  99.34646627173337663 168.55577955325557582
  95.97724034787704284 171.97946996826124177
  92.60801438690282339 175.40316047398692945
  89.23878837957312271 178.82685109162409276
  89.22032267235512393 181.12886969766529432
  91.69892913520000377 183.52163295113044228
  94.17753724626672351 185.91439696244358970
  97.51541126334447540 186.22964320753720813
  100.85328195929858452 186.54489247276947594
  104.19114703095200980 186.86014575167450857
  106.04694732873345231 187.03542669042946045
  111.63199708017927492 187.56294301932774715
  117.21705176819381222 188.09046767200354111
  122.80210988470103928 188.61800156913287196
  128.38716987486435528 189.14554538443340448
  133.97223017601325523 189.67309953431762892
  139.55728925581942690 190.20066417404848380
  145.14234564881073197 190.72823920033147260
  150.72739799037441344 191.25582426012240944
  155.56804405709360140 191.71309987582449708
  160.40868745460167588 192.17038453911411011
  163.37577104471486678 192.45068690418793267
  166.34284605847514626 192.73099630568316343
  180.04757314532633927 194.02573119603988516
  181.79037347867028984 194.19038317719846987
  183.53316806453130994 194.35503732904234653
  187.82433782625210483 194.76045563002682570
  190.48369910324981902 195.01170509158268374
  199.17455785614370711 195.03412596571951099
  202.73020434394436506 194.43161896977744618
  206.28585084708771547 193.82911197369961087
  209.84149735052341157 193.22660497924437095
  213.50715531958059046 192.60545645940788972
  213.47297625312870650 195.90879513901217024
  213.43879718738307361 199.21213381922549956
  213.40461812226291727 202.51547249998168354
  213.37043905767311003 205.81881118120188034
  213.33625999350689995 209.12214986279698792
  213.30208092964912225 212.42548854467031560
  213.24829927214503300 217.62337900651778000
  208.60517048162662945 217.26020119684943666
  203.96204169118590244 216.89702338708673324
  199.31891290079624923 216.53384557724405113
  194.67578411043015763 216.17066776733764755
  190.03265532006031435 215.80748995738522922
  181.80201623484052220 215.16370306012618130
  179.61368041440525190 214.99253507263227903
  174.81585584906980557 214.99625940812970271
  170.01803128373347818 214.99998374362715481
  170.00707519304546622 214.99999224834775191
  169.99611910235736900 215.00000075306837743
  164.99805825336250109 215.00000037653401819
  159.99999740436760476 214.99999999999968736
  159.99999740436697948 215.00000000000034106
  154.99999806876090247 215.00000000000011369
  149.99999873315482546 214.99999999999991473
  149.99999873315465493 215.00000000000011369
  140.00000000000000000 215.00000000000002842
  140.00000000000000000 215.00000000000002842
  140.00000000000000000 215.00000000000002842
  139.99999999999997158 215.00000000000000000
  129.99999832836672908 214.99999999999985789
  129.99999832836641644 215.00000000000014211
  120.00000331092239492 215.00000000000056843
  120.00000331092036276 214.99999999999945999
  115.00000368056682021 215.00000000000011369
  110.00000405021327765 215.00000000000082423
  110.00000405021327765 215.00000000000082423
  109.99999912847691519 214.99999999999997158
  100.00002006337460614 214.99999999997987743
  100.00002006337460614 214.99999999997987743
  100.00000000000000000 215.00000000000002842
  99.99999999999519673 215.00000000000002842
  90.65891185222929494 214.97826814487325464
  88.79759201114825373 215.22957601038675080
  86.93627217006732621 215.48088387590027537
  80.38155124307073152 216.36587574502658526
  73.82683031607416524 217.25086761415283831
  67.27210938907754212 218.13585948327906294
  67.83855494898443794 215.22053085681758944
  68.40500050889154693 212.30520223035435379
  68.97144606879896855 209.38987360388881598
  69.53789162870673124 206.47454497742066337
  70.10433718861492025 203.55921635094981070
  70.60515702205901789 198.42591964585179198
  68.51568187555268707 196.38275643671130410
  66.42620672902151568 194.33959322756132337
  62.48566322054264788 194.51021275272151456
  58.54511971163709916 194.68083227784902078
  54.60457620217398755 194.85145180293724820
  50.66403269207977189 195.02207132798349676
  46.17011437304372379 194.22205767273456445
  41.67619605479342937 193.42204401867667229
  37.18227773788010637 192.62203036622619834
  32.68835942269773653 191.82201671563086620
  28.00833391719609722 190.98887200319782664
  29.00886665205957726 192.99443379288655365
  30.00939938408111729 194.99999558257798071
  32.76743466009524752 200.52846056379834749
  35.52546993281759313 206.05692554666569549
  37.01264211954259764 209.03795318659129521
  38.49981430300261565 212.01898082708581228
  39.98698648361788344 215.00000846758402417
  40.98824187665753982 217.00701885094218824
  41.98949726886954181 219.01402923540791789
  32.97548041933760032 217.41607772026401335
  23.96146357105508784 215.81812620565915495
  21.54822722166831639 215.39032196001025454
  19.13499087200089477 214.96251771433699673
  10.60699463059109782 214.98156087585672935
  7.97463680308988554 215.29694090398700723
  5.34227897559677434 215.61232093211742722
  2.70992114810777451 215.92770096024835880
  0.07756332061888843 216.24308098838022829
  -6.48346899891258399 217.02915138348419077
  -13.04450131844387073 217.81522177858838063
  -12.66340432041268471 213.43645222971730391
  -12.28230732238138323 209.05768268084625561
  -11.90121032435001069 204.67891313197526415
  -11.52011332631860974 200.30014358310421585
  -5.91844215627482484 196.93947629227301377
  -5.14860759894161646 196.25563085346044545
  -3.13964788263954020 194.47106828002853263
  -1.13068816633746172 192.68650570659667665
  0.87827154996461521 190.90194313316482067
  0.87827160190026166 189.09805698243701499
  -1.38730198310009123 187.08554417839155803
  -3.65287556810044389 185.07303137434607265
  -5.91844915310079589 183.06051857030055885
  -11.52012812316409196 179.69983274297430853
  -12.02829659914565674 173.86152390595981387
  -12.53646507512722152 168.02321506894531922
  -13.04463355110878631 162.18490623193085298
  -10.31441700035126452 162.51213305080125338
  -6.79809681657371190 162.93357737453013101
  -3.28176491162658035 163.35502310308569918
  0.23457647594593983 163.77646996816991987
  3.75092260483114392 164.19791740151848103
  7.26726873371639037 164.61936483486701377
  8.92710231504940310 164.81830219114493730
  10.58693589638242649 165.01723954742288925
  19.95748967018996112 165.00009035681523528
  19.98331906960227755 165.00004308604508196
  20.00914846901368094 164.99999581527487180
  29.99999829491994063 165.00000000000014211
  29.99999829492019998 164.99999999999988631
  34.99999628310939670 165.00000000000073896
  39.99999427129856855 165.00000000000162004
  39.99999427129856855 165.00000000000162004
  40.00000144305649741 164.99999999999988631
  49.99682858027902199 164.99999949710485225
  49.99739028217307890 164.99999985341165143
  49.99795198407754526 165.00000020971845061
  54.77570300704898898 164.99501253469099993
  59.55345403002042559 164.99002485966352083
  60.81792789400480359 165.10462382261647463
  62.08240175798919580 165.21922278556945685
  66.52791894438848885 165.62211894171909421
  70.69621729402898325 161.33399026732408288
  73.25085048154068090 158.70591643357968792
  75.80548366905237856 156.07784259983526454
  78.36011685656409043 153.44976876609086958
  80.91475004407580229 150.82169493234644619
  81.04052434631000779 149.44159836218182136
  69.62717071171037730 142.29489665861254366
  66.39321889164945389 140.26989246426020941
  63.15926707158850206 138.24488826990790358
  59.92531525152757155 136.21988407555562617
  57.44860655896037116 134.66904294690121446
  51.00731088539939151 134.94913688619047321
  49.78392620826076609 135.00233466670727012
  44.89473429782244551 135.00116810130515432
  40.00554238738412494 135.00000153590301011
  39.99999999999999289 135.00000021348461132
  39.99880703139049842 134.99999992884127664
  30.00000130673228682 135.00000000000008527
  30.00000130673210919 134.99999999999991473
  20.00000797878713499 134.99999999999681677
  19.99996293969480021 135.00000000006869527
  16.67259156825404887 135.00000530972616275
  13.34522019681321936 135.00001061938360181
  10.01784882537260124 135.00001592904104086
  9.91704563654039362 134.99965592275970039
  5.36358053084786768 134.98339377808994755
  0.81011542515534196 134.96713163342019470
  -1.47061987881418532 135.34871591912437339
  -3.75135518278371238 135.73030020482855207
  -7.01378016793759151 136.27612860738656764
  -10.27620515309147109 136.82195700994458321
  -13.53863013824535066 137.36778541250254193
  -13.53863013825306894 131.57852360834158389
  -13.53863013826078543 125.78926180418058323
  -13.53863013826850548 120.00000000001958256
  -13.53863013827622730 114.21073819585861031
  -13.53863013828394735 108.42147639169763806
  -13.53863013829167095 102.63221458753665161
  -10.88252624366624488 103.07660088072677240
  -8.22642234904081882 103.52098717391690741
  -5.57031845441539364 103.96537346710705663
  -2.38010151617267418 104.49912091671805570
  0.81011542207000109 105.03286836632902634
  9.91704691394414262 105.00034406664340736
  10.01784541190519739 104.99998407705102466
  13.34134280321352861 104.99999165156651770
  16.66484019452198595 104.99999922608201075
  19.98833758582959774 105.00000680059751801
  20.02128332173188952 104.99992987999094396
  20.05422905763023778 104.99985295938438412
  29.33965868120668574 104.97817364765188586
  33.07023590169436744 105.48298095473445812
  37.40481328806767181 106.06951923243669000
  41.73939067443227202 106.65605751013222857
  46.07396806079157159 107.24259578782118751
  50.40854544714920138 107.82913406550446211
  51.56524086907052862 107.98565362441064508
  52.72193629099476198 108.14217318331375850
  50.99467764694265526 99.34789251448628988
  50.14052700320273459 94.99901255931659705
  49.95537222462365179 94.05630308404025186
  49.97735991574401027 89.58526423127523231
  49.99934760686436874 85.11422537851035486
  49.99990934484798544 84.99999999958907893
  50.00003019328730858 84.97542633859991668
  50.00000000024716229 75.00007030858473911
  49.99999999998854605 74.99998486652837926
  49.99999999999426592 69.99999258966558102
  49.99999999999999289 65.00000031280276858
  49.99999999999999289 65.00000000000000000
  49.99999999999999289 65.00000000000000000
  49.99883163880625858 55.15285895069306576
  50.02538730538843481 54.28788933971330266
  50.13431133621605795 50.74002221012160874
  50.24323536704369531 47.19215508052990771
  48.15179566129486233 43.10238181921938150
  46.06035595554603645 39.01260855790884818
  43.96891624979721058 34.92283529659831487
  41.87747654404837760 30.83306203528777800
  38.29678433161159745 27.16153742243745839
  34.71609211917482440 23.49001280958713167
  31.32960000961610803 20.01761462683274218
  25.28292279791520514 13.81754969759580476
  22.48429609968237841 13.29517434149162725
  19.68566940144955169 12.77279898538744796
  16.88704270321672851 12.25042362928327044
  17.04441396838161893 13.42547207114860797
  17.20178523354650224 14.60052051301394904
  17.90469631553662211 19.84896641447492982
  18.60760739752674553 25.09741231593590882
  19.07886946998302946 28.61619805721968035
  19.55013154243931339 32.13498379850345543
  20.02139361489559732 35.65376953978724117
  19.99999899183729823 45.00449035109980400
  20.00000241964056258 45.00695649376167751
  20.00000917541680678 49.99455323137340201
  20.00001593119296572 54.98214996903016072
  19.99965591899999140 55.08295481666792881
  19.98881449017583734 58.11859806578117826
  19.97797306139343476 61.15424131533527685
  19.96713163266649360 64.18988456557170252
  20.73030021859659300 68.75135521680493866
  21.54904282442317154 73.64499266704359570
  22.36778542888507104 78.53863011889423262
  19.86778543945321829 78.53863010641104836
  17.36778544713458672 78.53863009733777290
  14.86778545156002984 78.53863009211040946
  12.36778545263944906 78.53863009083538316
  7.63221454856188597 78.53863009225440805
  3.06240406524601338 78.53863009705757747
  -1.50740641656721563 78.53863010466066896
  -6.07721689785588026 78.53863011426308560
  -10.64702737956315026 78.53863012497190255
  -12.36778541972410750 78.53863012971521584
  -10.73030021016484881 68.75135519596987876
  -10.34871592166286369 66.47061988381209119
  -9.96713163318082884 64.18988457189975350
  -9.99965592275443527 55.08295436409348866
  -10.00001592904128778 54.98215117449238676
  -10.00000796455499419 49.99109412087551618
  -10.00000000006869882 45.00003706725864561
  -9.99999999999681677 44.99999202122171482
  -9.99999999999660183 40.00000026124411789
  -9.99999999999638689 35.00000850126651386
  -9.99999999999638689 35.00000850126651386
  -10.00000000000016698 34.99999817134875002
  -9.99999999999979217 30.00000079033451073
  -9.99999999999941735 25.00000340970875357
  -10.00000000001253930 24.99998416347034080
  -10.00000340496088391 20.00582727963762508
  -10.00000680990923208 15.01167039580658802
  -9.99992987651657472 14.97871916991266694
  -9.99985294312388717 14.94576794401343811
  -9.97817364734604695 5.66034132341455010
  -10.23057730120851971 3.79505271033850322
  -10.48298095508840611 1.92976409720848485
  -11.06951923264411342 -2.40481328883515078
  -11.65605751022028969 -6.73939067491636212
  -12.24259578781252600 -11.07396806101808195
  -12.82913406541427292 -15.40854544712260399
  -13.14217318323101935 -17.72193629107272628
  -8.44688314876494495 -16.79974826879133687
  -3.75159311430240194 -15.87756024650840914
  0.94369692015816209 -14.95537222422567147
  9.88577336702890719 -14.99934759253422989
  10.02457702735399359 -15.00003020155928546
  15.00647487123134027 -15.00001848062463594
  19.98837271510851465 -15.00000675968998287
  20.05396702190321534 -14.99985437696703983
  23.14972886861598766 -14.99266258483081238
  26.24549071532638678 -14.98547079269440907
  29.34125256203392951 -14.97827900055782102
  31.20209135198543038 -15.22945308871737247
  33.06293014194468327 -15.48062717687941792
  40.10289957111958614 -16.43087494235348345
  44.31147451173914931 -16.99894401898859542
  48.52004945235803035 -17.56701309562549085
  52.72862439297603743 -18.13508217226332064
  51.88557699423839864 -13.79036158903559972
  51.04252959549933166 -9.44564100580498156
  50.61105815838099886 -7.22201415312114658
  50.17958672126240316 -4.99838730043731605
  49.87917118662860361 -3.45016882684364035
  49.30427240187408700 1.33523328549767140
  52.76374212165933386 4.25380665833135030
  56.22321184144457362 7.17238003116502298
  59.99459693052850895 9.99569829093520390
  63.76598201961246559 12.81901655070540258
  67.24083984201413955 15.76704226841083845
  70.71569766441581351 18.71506798611627431
  70.47051615233303323 21.01995100086509183
  70.22533464025025296 23.32483401561390579
  69.98015312816747269 25.62971703036272686
  69.90465561738555778 29.39457990038744484
  69.82915810660362865 33.15944277041216282
  71.66416412345442666 37.62012176548454789
  73.49917014030521045 42.08080076055693297
  75.33417615715599425 46.54147975562932515
  77.92774094170464139 46.39803441405869933
  80.52130572625330274 46.25458907248808060
  83.11487051080197830 46.11114373091745477
  85.70843529535062544 45.96769838934683605
  88.74594844724063591 42.63391512933790750
  91.78346159913064639 39.30013186932896474
  94.60288863192681674 33.80492092832268725
  97.42231566472300130 28.30970998731639199
  100.24174269751917166 22.81449904631009673
  99.99310603402756215 15.37125704394910919
  100.03322490007249712 15.00005519485156391
  100.20321295470975542 13.42723207130695329
  100.37320100934699951 11.85440894776234266
  100.54318906398424360 10.28158582421773204
  100.71317711862147348 8.70876270067311964
  93.77131757114287325 2.82326755265640283
  90.08949921212061440 0.07296128167471769
  86.40768085309836977 -2.67734498930695120
  84.50394736417713659 -4.44879634893479192
  82.60021387525591763 -6.22024770856262865
  80.69648038633469866 -7.99169906819046361
  78.79274689741346549 -9.76315042781829767
  77.84477561151558689 -15.23501111955154208
  77.33126641292054160 -18.19907853428793842
  79.54415275298842403 -17.98481963066836897
  84.86843733191535932 -17.46930495836735986
  90.19272191084230883 -16.95379028606635430
  94.58688023516747023 -16.52833348430769078
  98.98103855949266006 -16.10287668254902371
  103.37519688381784988 -15.67741988079035487
  107.76935520814303970 -15.25196307903168425
  110.50173392333095990 -14.98740522208741055
  119.04578124147133167 -14.95436921963777799
  121.70888853068930757 -15.48036204964618534
  124.37199581990734032 -16.00635487965459802
  128.74980363805860861 -16.87101982681054579
  133.12761145620987691 -17.73568477396649001
  132.66027479471597417 -14.40898395037630664
  132.19293813322204301 -11.08228312678612326
  131.72560147172816869 -7.75558230319593722
  131.25826481023429437 -4.42888147960575118
  130.79092814874044848 -1.10218065601556359
  130.23896074168177961 2.82695775522637049
  128.89630738031536339 7.18999802764180718
  127.55365401894890454 11.55303830005724386
  125.90018292070458017 16.92610122046195897
  124.76252501035379794 20.62299531235234085
  123.62486710000300150 24.31988940424272627
  121.76062301428525814 30.37787298931377578
  119.89637892856755741 36.43585657438483594
  119.93737354629163860 40.38923056003349643
  119.97836816401570559 44.34260454568214982
  120.18874205001101529 46.06978584351248429
  120.39911593600628237 47.79696714134282587
  120.79929616113557245 51.08246903400810623
  116.67619956459931529 54.18135456701841690
  112.55310296806305814 57.28024010002873467
  108.43000637152680099 60.37912563303904534
