Number of disks = 406
Depot = yes (node 407)
Tour length = 1615.37200018474595709
Tour sequence = 407 6 4 5 41 42 43 109 107 133 108 132 131 40 106 3 2 105 39 130 129 38 103 37 104 128 157 127 78 159 158 77 80 161 160 79 49 1 50 29 30 51 81 52 82 31 32 54 83 53 84 33 34 55 56 35 36 59 60 12 13 61 14 146 147 118 148 119 120 121 63 62 15 16 64 65 18 17 122 123 150 149 213 151 214 282 359 360 280 358 281 279 212 211 357 356 210 277 278 209 276 355 354 275 353 352 207 274 206 144 208 143 145 116 117 11 115 58 57 87 88 89 169 142 170 171 204 205 273 272 351 271 350 349 306 348 347 387 386 304 203 305 235 385 384 234 303 302 233 301 383 382 381 299 380 300 231 232 168 167 86 166 85 230 165 164 228 298 229 297 379 378 377 296 227 163 162 226 295 376 375 225 294 293 224 374 292 291 373 223 222 372 290 371 221 185 289 370 325 369 327 251 326 252 328 186 253 187 329 254 256 330 188 255 189 331 332 257 190 258 259 191 333 334 260 192 193 261 335 336 337 195 262 194 135 134 110 111 136 196 137 197 263 338 264 339 340 198 265 266 199 341 267 200 268 342 343 201 202 344 269 345 270 346 388 307 389 308 390 309 236 391 237 310 238 392 311 312 393 239 240 313 394 395 314 241 242 396 397 316 243 315 398 244 399 317 245 318 246 319 400 320 401 402 248 247 182 183 101 102 184 156 155 249 322 250 403 321 405 404 323 324 406 368 367 287 366 220 219 288 365 286 364 218 285 217 284 363 362 361 283 215 153 152 216 154 126 124 20 125 67 28 19 66 68 27 26 70 99 69 100 98 181 180 97 179 71 25 24 72 178 96 177 95 23 73 22 21 74 75 176 94 175 92 93 174 76 48 91 173 172 141 140 90 139 138 114 47 113 46 112 9 10 45 44 8 7
Tour visit points:
  100.00000000000000000 100.00000000000000000
  62.81651472485889087 95.40483221591966867
  59.38995429648307578 94.98137486720244738
  54.92770526467725745 94.98526825923816830
  50.46545623287144622 94.98916165127390343
  49.16851673575771287 95.10914797508671370
  47.87157723864397951 95.22913429889952397
  43.50228968809730645 95.63335882289455014
  41.37073349377077847 93.40372339852942218
  39.23917729944424337 91.17408797416430843
  39.15174533972925275 87.25149653216000445
  39.06431338001429054 83.32890509015567204
  38.97688142029934966 79.40631364815129700
  43.01338353881573084 76.42656345888674707
  47.04988565733223282 73.44681326962196977
  51.08638777584886981 70.46706308035689403
  51.09194980505061778 69.54385758186391797
  47.11716548981841157 66.69777437227493522
  43.14238117458717880 63.85169116268815515
  39.16759685935713975 61.00560795310410356
  39.59426606446628938 57.67943611095756040
  40.02093526957060021 54.35326426888556028
  40.02882841879961973 50.10473343291490522
  40.03672156792119807 45.85620259569412838
  39.88694274277832363 45.00063911759409052
  39.20122402496274105 41.08369096693731137
  37.53624782742414823 31.57304865976547248
  39.41959602426759091 31.64273761233916105
  41.95090860447467662 31.73640298624199119
  44.48222118518277313 31.83006835473855034
  47.01353376531301365 31.92373371788111314
  49.54484634394834330 32.01739907623966275
  60.33939884940079423 32.41682648491413232
  63.42076215240935255 32.53084519458677448
  63.72413204336662318 34.28067026262488781
  64.45570883307259180 38.50037513563741243
  65.18728562225764733 42.72008000863338850
  65.91886241118528744 46.93978488144033179
  69.60507474827484486 46.44909434512888424
  73.29128708559886718 45.95840380864932939
  76.97749942334010598 45.46771327203747148
  78.81371542536902552 45.22328518896146221
  80.64993142730574505 44.97885710589145702
  85.29861963656166779 44.98935914088611554
  89.94730784583217087 44.99986117588085222
  90.01188311844599355 45.00000706042769139
  99.84751604345584042 45.00116263543623063
  100.27893200048093547 44.98795050846555199
  100.71034795696520803 44.97473838153339187
  104.26029695338900183 44.86602108446870574
  107.81024595042590875 44.75730378754161620
  111.88484601817711450 46.83806370929571727
  115.95944608174528412 48.91882362782834548
  120.03404614051217436 50.99958354277457317
  124.10864619505535700 53.08034345464129444
  128.07022928142325213 57.06126365979775983
  132.03181239977669748 61.04218390713552367
  135.42428028368138371 64.45121098607255306
  138.81674819435443169 67.86023809917358562
  142.20921612106326393 71.26926523220220133
  144.01055098550699540 74.06578809747107073
  145.81188589694173174 76.86231099630060726
  153.84110402779404581 78.84269882582911748
  161.87032230712699743 80.82308686265312758
  161.69560488326652603 82.85337763877984685
  161.52088772589667087 84.88366837389928321
  161.03086636304936974 90.57793692915616646
  158.69629757655857816 92.71185867480427589
  156.36172211780873909 94.84578523252234561
  154.02713827260396329 96.97971803579153516
  148.74254792018831495 100.14532638963119382
  148.47735012406909050 100.30419973925812371
  148.09506979890539924 104.68017798183082334
  147.71277492614993321 109.05616175050829497
  147.33046800735604620 113.43214367170796208
  146.94815301186159218 117.80811778991349570
  150.77763765728695944 117.34007008075431600
  154.60710009924844144 116.87201192806804784
  158.43653969102064138 116.40394470068771682
  162.26595953096855851 115.93587099104796323
  166.09536537411403856 115.46779400927830750
  169.92476428988624093 114.99971697539102422
  171.34650219283545880 115.19525531021847087
  172.76824806402717627 115.39079594055731093
  178.64710175977992890 116.19934857272527040
  184.52595843454398050 117.00790250947108007
  190.40481527870082346 117.81645702330905578
  192.72780338751292106 118.13595189197137358
  191.86360730836008770 113.74681748330999653
  190.99941087105182191 109.35768233489541501
  190.57031079490130310 107.17834263091658897
  190.14121066038157437 104.99900292776207777
  189.95516197509189738 104.05408771565011250
  189.99934112279657938 95.11479159354583146
  190.00003050093164347 94.97530146354965552
  190.00000682870935975 85.01168649395282273
  189.99985289138891176 84.94575840543672030
  189.99262598292628468 81.85062683935987593
  189.98539907444001074 78.75549527358262480
  189.97817216592852674 75.66036370818565615
  190.23059310364345720 73.79501262376199122
  190.48301404169106377 71.92966153830712983
  191.14782871401740749 67.01678553152437701
  191.81264338669873837 62.10390952415684040
  192.47745805963117505 57.19103351656626444
  193.14227273267971441 52.27815750908509784
  189.78502616705958417 52.93765596711924104
  186.52302419670385802 53.57844455023680297
  183.26102222635904582 54.21923313343084772
  179.99902025601465994 54.86002171665395366
  179.06200826799167203 55.04408861476338188
  170.41517393876705455 54.99137781292292004
  168.09347274273056883 55.19891821222670814
  165.77177154933750103 55.40645861231853786
  163.45007035875892143 55.61399901344490360
  159.34516784524308264 51.44080936950059169
  155.97473726351446999 48.01430995967351834
  152.60430667375015901 44.58781053018768858
  149.23387607559024559 41.16131108050650766
  149.20938538250734950 38.89707850529856614
  150.93240910185494386 37.26155285042263188
  152.65543296382207927 35.62602713637025431
  154.37845701595003334 33.99050132970781135
  160.17606578061955247 33.13176113591274685
  164.79985607110896240 32.44688617213151360
  169.42364657306998765 31.76201066827089292
  174.04743732086672026 31.07713460840914976
  178.67122831893499324 30.39225803824092864
  183.29501954447937351 29.70738105348928215
  187.91881095278705516 29.02250378418390042
  192.54260248432106550 28.33762637694750453
  192.69123371052523908 24.03847725309042005
  192.83986507749582984 19.73932801759708511
  192.98849657052446105 15.44017870023726324
  193.13712816302899000 11.14102933641411930
  193.28575982065765970 6.84187996275227928
  193.43439150578072372 2.54273061302310044
  188.66868273226839392 3.37480951376746141
  183.90297391484659784 4.20688843312587135
  179.99937775461665979 4.88844498900880620
  179.15617621602206100 5.03566553042336018
  174.62325502243567144 5.01803677438951823
  170.09033382651583111 5.00040801833459803
  169.98056094667111893 4.99998110614243441
  160.01162863836358952 4.99999323873620405
  159.94600245489274926 5.00014578780658336
  156.85031493617827891 5.00734176094093186
  153.75462741746366646 5.01453773407527859
  150.65893989874902559 5.02173370720962264
  148.79756376189709499 4.77041131003847507
  146.93618762504524966 4.51908891286734882
  141.15525857488725592 3.73854976336523137
  135.37432952472923375 2.95801061386313391
  129.59340047457126843 2.17747146436105288
  127.27218391230849193 1.86406156335748130
  128.21576960388685507 6.71976150205836298
  129.15935529546521821 11.57546144075925021
  130.10294098704358134 16.43116137946013922
  130.59669901723802354 21.59736416471178089
  128.56980974699644094 23.60697127578545818
  126.54292047675482991 25.61657838685913902
  124.50689420670289564 25.46332243297521813
  122.47086793665098980 25.31006647909130081
  117.55576403162649513 23.09022067668218980
  112.64066012660201466 20.87037487427307880
  107.72555622157753419 18.65052907186395714
  106.99801945833580419 15.53345453189103864
  106.27048269509408840 12.41637999191812014
  105.54294593185235840 9.29930545194520164
  104.81540916861065682 6.18223091197228403
  104.08787240536894103 3.06515637199936641
  99.44052439524350007 3.42078568283555873
  94.79317638511807331 3.77641499367175149
  91.69425132892220631 7.87478626191952014
  88.59532627272633931 11.97315753016728834
  85.49640121653044389 16.07152879841505921
  84.52464646963284167 16.08217659264105492
  81.68447369439049055 12.11043504611338051
  78.84430091914813943 8.13869349958570609
  76.00412814390581673 4.16695195305803168
  72.68784432971202136 4.59335914887997987
  69.37156051551828284 5.01976634470192717
  66.26402405443982957 5.01321750026306123
  63.15648759336146156 5.00666865582419440
  60.04895113228307224 5.00011981138532757
  59.98946575916816926 4.99999445148696608
  54.99473287958408463 4.99999722574259220
  50.00000000000000000 4.99999999999821831
  50.00000000000000000 4.99999999999821831
  49.99999655389998310 5.00000000000059330
  40.00001513379686457 5.00000000001145128
  39.99992969183171709 4.99999999975283860
  35.01225167651447379 4.99998490323301237
  30.02457366121219451 4.99996980671314972
  29.88577462230212234 5.00065239312635157
  20.94369691302592784 5.04462777509824445
  18.29790220523410582 4.52497506695742935
  15.65210749655644307 4.00532235838891815
  6.85782681058629784 2.27806371475296876
  7.17086592311097970 4.59145454949275678
  7.71905493987890612 8.64262704923401159
  7.87562884895026993 9.79972412651651759
  8.03220275910315173 10.95682120234070211
  8.77461089784806170 16.44329263688170073
  9.51701903720412723 21.92976407331712707
  10.02182635300166602 25.66034132866872497
  10.01098670494155130 30.30305463585046510
  10.00014705688104932 34.94576794310313517
  9.99999319009053700 35.01167039600416331
  9.99999659504526761 40.00583519800208165
  10.00000000000000000 45.00000000000000000
  10.00000000000000000 45.00000000000000000
  10.00000000000000000 45.00000000000027001
  10.00000000000013678 50.00000117198761984
  10.00000000000027356 55.00000234397496968
  9.99999999999972466 55.00000234397551679
  9.99999999999947242 64.99999675001804178
  9.99999999999947242 64.99999675001804178
  10.00000000000052758 64.99999675001997446
  10.00000000000026290 69.99999837500998012
  9.99999999999999822 74.99999999999998579
  10.00000000000000000 74.99999999999998579
  9.99999999999694111 75.00000781901256630
  9.99999609298212100 84.99116029738519273
  10.00004022616804455 85.01611779682259851
  10.00008435935396456 85.04107529625926531
  10.01667430491413491 94.42275822583742695
  9.82431563574802347 96.05538478570382210
  9.63195696658278777 97.68801134556707666
  8.94442458563517739 103.52337936289376330
  8.25689220468825624 109.35874738022145891
  11.64447903776625814 110.24096833022434794
  15.03206587084632240 111.12318928022921227
  18.41965270392826071 112.00541023023569664
  21.80723953701149753 112.88763118024320420
  25.19482637009528858 113.76985213025102439
  30.83493267375181901 119.00019260852998570
  30.83493267375177638 120.99980739147009956
  28.95489723920021774 122.74325421756272192
  27.07486180464866266 124.48670104365535849
  25.19482637009711823 126.23014786974798085
  19.54884831496159237 127.70051611975705441
  13.90287025982607183 129.17088436976612797
  8.25689220469055130 130.64125261977520154
  8.71524712532226609 134.53149796466456678
  9.17360204595398088 138.42174330955396044
  9.63195696658569567 142.31198865444332569
  10.01667430491391109 145.57724177415866507
  10.01114432306058788 148.70446941735409041
  10.00561434120726645 151.83169706054979997
  10.00008435935394857 154.95892470374485583
  9.99999609298212633 155.00883970260701972
  9.99999804649540458 160.00441326194734870
  10.00000000000868461 164.99998682150518903
  9.99999999988353849 165.00002816744458300
  9.99999999975839415 165.00006951338372119
  9.99996980670727531 174.97542633639659471
  10.00065239324588084 175.11422538816157157
  10.04462777871903079 184.05630304877718117
  9.49131494780481333 186.87347705590266855
  8.93800211916451559 189.69065106679056498
  8.38468929364183069 192.50782508185096731
  7.83137647160670003 195.32499910104451146
  7.27806365287688628 198.14217312374594826
  11.20840414071511226 197.61033455655518765
  15.13874461010763461 197.07849599881643599
  19.06908505853272828 196.54665745027682533
  22.99942548819145571 196.01481890900885219
  26.92976590428676076 195.48298037211651490
  30.00022779678871032 195.06749728796691556
  30.66033581847018752 194.97817401165389128
  40.00458240272669741 195.00000104992079741
  40.00709571030682810 194.99999748254444398
  45.00354494322945698 194.99999874127135513
  49.99999418519085026 194.99999999999829470
  50.00000127003752226 195.00000000000008527
  55.00000063501877179 195.00000000000144951
  60.00000000000001421 195.00000000000278533
  60.00000000000001421 195.00000000000278533
  60.00000430996426104 194.99999999999906208
  70.00000000000000000 195.00000000000000000
  70.00000000000000000 195.00000000000000000
  70.00000000000001421 195.00000000000000000
  79.99999965453078232 195.00000000000000000
  80.00000000000000000 195.00000000000000000
  80.00000034546926031 195.00000000000000000
  90.00000093464994677 194.99999999999994316
  90.00000093465006046 195.00000000000005684
  99.99999965453073969 195.00000000000000000
  100.00000000000001421 195.00000000000000000
  100.00000031851075732 195.00000000000000000
  105.00000068247068441 195.00000000000000000
  110.00000104643062571 195.00000000000005684
  110.00000104643073939 194.99999999999994316
  119.99112938491728642 195.00000393439137270
  120.01617417507354446 194.99995949193788647
  120.04121896523029989 194.99991504948442866
  124.73149932546826335 194.99159205834286013
  129.42177968570703683 194.98326906720134843
  131.05715328921831997 195.17628670265617075
  132.69252689272693146 195.36930433811025409
  140.07729072133929549 196.24090312723456009
  142.21607214936528862 196.49333629180492267
  144.35485357739241863 196.74576945637446102
  145.81153694977504642 191.12595066442733582
  147.26822032216244907 185.50613187247208202
  148.72490369455536552 179.88631308050705115
  151.58397073637536323 176.92253750478224106
  154.44303777815215994 173.95876192907886093
  156.78476310238320934 173.68253690588423410
  159.12648842663415394 173.40631188273772523
  161.46821375092878270 173.13008685964189226
  163.80993907528244335 172.85386183659252879
  164.59955484122190228 179.49014569952200304
  165.38917060732981668 186.12642956236393843
  166.07348286264021908 191.87769564733520156
  166.75779511815551359 197.62896173249427534
  169.62304352801805862 197.71974874903361297
  173.36084429553812924 197.83818308095061411
  177.09864506348128543 197.95661741329402616
  180.93642427667677453 198.07821961963540502
  184.77420349005578259 198.19982182629951240
  188.61198270347890116 198.32142403317993740
  192.44976191681874411 198.44302624015625724
  191.28027409252348434 191.72120627073178412
  190.11078626821449689 184.99938630130745310
  190.03767998534263484 184.57919614471117598
  189.96457370247529184 184.15900598816810430
  189.99959763663329682 175.08970566000894564
  189.99980814482398728 175.03519545009905301
  190.00001865301470616 174.98068524019183201
  190.00002443459808887 170.00263410817277077
  190.00003021618150001 165.02458297615385163
  189.99934756721219742 164.88577115037276144
  189.97735989535166823 160.41473403913968809
  189.95537222349116746 155.94369692790664317
  190.47502493627669651 153.29790220451513960
  190.99467764906225398 150.65210748112360761
  191.85830697057818384 146.25496714948829435
  192.72193629209414212 141.85782681785298109
  187.80901118418316287 142.52262487803250224
  182.89608607627215520 143.18742293821202338
  177.98316096836117595 143.85222099839157295
  173.07023586045019670 144.51701905857109409
  171.20494733538788523 144.76942270118715328
  169.33965881032557377 145.02182634380321247
  160.05414731910531145 145.00014659768285696
  159.98855280991898553 144.99999344808981050
  156.69038115341987805 145.00014302057556392
  153.39220949692094109 145.00029259306131735
  150.09403784042203256 145.00044216554707077
  149.82816244956029550 144.99542897086533344
  149.56228705869853002 144.99041577618356769
  141.76304016887746684 144.84335762648723289
  137.40151327999063824 146.55168301497963057
  133.03998639110361069 148.26000840347262510
  128.67845950221618523 149.96833379196618807
  129.14589381686974434 152.90987820426076382
  129.61332813152270660 155.85142261655678908
  130.08076244616944450 158.79296702887072001
  130.54819676077505619 161.73451144130370949
  128.39159961042528835 163.73517213104653933
  126.23500246241722778 165.73583281983775350
  122.29089149193015373 165.83099880952613603
  118.34678050979952957 165.92616479287079301
  114.40266951343788548 166.02133076923732347
  109.94831737000733085 159.97428640965821955
  105.49396520247128706 153.92724203791181026
  104.50400735070905966 153.92826510497749837
  100.01244216473615722 159.99374507038425008
  95.52087546647508987 166.05922579341276446
  94.99523595550836319 166.05684228938309843
  94.46959907154186453 166.05446009792188988
  89.80044760936461046 159.89460119169680752
  85.13132300715088263 153.73475725703363537
  82.13921601520405602 153.45028534619208926
  79.14702934254535194 153.16588853235106171
  76.15467141828827380 152.88162544992499647
  75.44307624976113402 157.58279044244713418
  74.73065255500441140 162.28457559614602701
  74.01654694171377002 166.98761649075100877
  71.53212693591493121 166.64472671411581928
  69.14047054186721653 166.31609929717504315
  66.72815703418365274 165.98612693863685763
  64.27168858112155192 165.65122298096312647
  61.79262125100893144 165.31381737487734540
  59.31259657098085825 164.97634585034884935
  50.93016624423594152 164.95664555752006208
  48.34262390000308329 165.45116397323317869
  45.75149678161032796 165.94736389755266259
  41.27432127705440479 166.80629836686790668
  36.79859269606235017 167.66657396893870668
  37.32005681086848625 163.14468234871000618
  37.84478207431892827 158.61916234264833747
  38.37241580845976330 154.08933544203267729
  38.90205388389770036 149.55559399509897389
  40.48116532888592189 148.10743009971153583
  42.05473201487643564 146.66119927539287460
  43.62500682434359334 145.21565041909008187
  45.19452071447283714 143.76968464862730457
  46.17814069135445010 142.86324218104914507
  51.11044786098158710 139.57994134980714307
  52.01828745236639406 138.97569383190491976
  54.81524981223694937 130.23030839786778756
  57.61219838375967583 121.48493914900414836
  63.80502730768660768 118.34599586583192377
  69.99785602773209803 115.20706242715890255
