Number of disks = 200
Depot = yes (node 201)
Tour length = 1039.61094100613968294
Tour sequence = 201 11 13 15 14 12 51 52 53 55 54 91 93 92 95 94 131 132 134 133 135 174 173 172 175 171 178 180 177 179 176 137 140 136 138 139 97 98 99 100 96 60 56 59 58 57 20 18 16 19 17 25 23 24 21 22 64 65 62 63 61 103 104 102 105 101 144 145 141 142 143 181 184 185 183 182 189 188 190 187 186 146 147 149 148 150 107 108 109 106 110 67 68 69 66 70 28 29 27 30 26 32 31 35 34 33 75 73 72 74 71 112 115 111 113 114 155 154 152 153 151 195 193 192 191 194 196 199 198 197 200 158 159 156 157 160 119 118 116 120 117 79 78 76 77 80 36 39 38 37 40 42 41 44 43 45 82 81 83 84 85 122 125 121 123 124 161 163 164 165 162 168 169 170 167 166 130 128 129 126 127 90 88 87 86 89 48 50 49 47 46 10 9 8 7 6 5 3 4 2 1
Tour visit points:
  110.00000000000000000 110.00000000000000000
  119.00270837494298348 110.16454912377456310
  122.06834097790979854 110.22097540908875146
  125.13418000433561872 110.27788462870245212
  128.20031769904232988 110.33535511232466320
  131.26684034932631562 110.39345565290732054
  136.02350951562303294 110.48429583820760058
  139.63907351927417722 110.55412178763857867
  142.21157715735458282 110.60461406137326890
  144.78331869799617948 110.65592314487477665
  147.35415062454924850 110.70805522987940606
  153.06846087701313763 110.82457375561551771
  156.07919644632920608 110.88639290733890164
  158.69751972697389419 110.94032150129662284
  161.31593500752907744 110.99436358058038365
  163.93522478672036868 111.04777166493151697
  170.13985379469752957 111.17429930728235377
  173.32011299784821290 111.23969955772011531
  176.35121370722006873 111.29860427353314378
  180.57426570656355125 111.37828639138469100
  185.39338335892506393 111.46805834751771158
  190.21264844176090492 111.55734097659029658
  191.63779801655834945 111.58343880453463726
  193.06270240375596359 111.60943359032181377
  193.38697075239787182 111.92872008357028335
  193.38384151937177080 114.80468340780771541
  193.30170325870562920 190.29725737696514898
  193.29843788128357573 193.29843788128357573
  193.29843788128357573 193.29843788128357573
  191.73929488501786977 191.82069189269992648
  190.18019189142964365 190.34293027237282558
  182.53797123140000735 183.09924203058770331
  180.17252635140559391 180.85694268527538497
  177.80713266786955273 178.61445573371381101
  175.44178550761205315 176.37175667016325065
  173.07647918117771724 174.12882679872285507
  165.22126665708947257 166.67972159183460690
  163.14904839717533491 164.71432603005249007
  161.07687936224485270 162.74867213296641921
  159.00472263440173037 160.78273509086497484
  155.01000356122409585 156.99251683770134491
  146.56664939558447713 148.98118532617013443
  144.77386532168512190 147.27992995867023751
  143.38527518825480911 145.96204151288071671
  141.99682947422223833 144.64411171664997369
  140.60847153448455060 143.32610089038928436
  128.40147769843929382 131.73758656400210043
  127.31425687817161929 130.70542183562901073
  126.22706591781802388 129.67326768431107098
  125.13988676829670510 128.64111826667263472
  122.19065045284592941 128.63246318759274800
  117.73049907770042921 128.61937595260499734
  114.73350009693082541 128.61058276172195747
  111.95388449974079492 128.60242711638900914
  111.59107147456262510 128.98041983313066794
  111.41304342244950476 132.56767317613017099
  111.23500631957125506 136.15492421208719520
  111.07465553293101834 139.38556084847499505
  110.94044478816093147 142.08924001803987380
  110.80891862134257053 144.73849018818128798
  110.67737245032760995 147.38776207275120100
  110.24941011906535948 156.00622441508355109
  110.13592911300932542 158.29105471843047326
  110.02242316604628058 160.57589306355643544
  109.90889251473984700 162.86074367889983705
  109.79533795806017338 165.14561041346482284
  109.55306662352651870 170.02001500434047898
  109.32492680950248598 174.60974380842887399
  109.18787307497640882 177.36668489723865605
  109.05080590927691730 180.12363118577704313
  108.91372832769542356 182.88057515605984804
  108.54753396411017263 190.24551384165170020
  108.47861055949010733 191.63166812764995939
  108.40968647682836945 193.01782398385321926
  108.22670561925764332 193.20820627454537544
  108.04372568549024436 193.39858817248560285
  29.82742682204585449 193.30228655747967537
  28.78547191996249666 193.30100366902314590
  27.74351701933945691 193.29972077515336082
  26.70156211871642071 193.29843788128357573
  26.70156211871642071 193.29843788128357573
  36.91091561431487378 182.54265631866275044
  39.15620401363044323 180.17705848728002138
  41.40137454881162427 177.81142861939073896
  43.64640940110268730 175.44576882538626705
  45.89129346155567646 173.08008171151308829
  54.02582989267924063 164.50757437232059033
  56.04351370715852454 162.38101959841927169
  58.06107292551615728 160.25435674722464796
  60.07846007314368819 158.12763775030418856
  62.09563154591667455 156.00091462291095468
  71.01639120289650009 146.59547143805087899
  72.79987580198128683 144.71489473220682953
  74.58328274586477846 142.83422097628198344
  76.36656717879989742 140.95351313275136818
  78.14968719323729829 139.07283366115416356
  88.21645794053711143 128.45524065547579085
  89.27657824622109217 127.33708412292617140
  90.31743101450733491 126.23923175821090581
  91.35828826734285713 125.14136819382831334
  91.36710190484245686 122.19052680829010171
  91.38042406673983464 117.73043061426804456
  91.38916693915614076 114.80314638702128605
  91.39767385390540255 111.95412232088324345
  91.01911086329349132 111.59086900576330947
  88.21509365576412165 111.45074852296713175
  83.84572549652627060 111.23245462890737656
  80.09898076926990029 111.04533820040715852
  76.35231703236532042 110.85831683665682590
  72.60577729272543479 110.67141011239849036
  68.01964086133810383 110.44274467805611550
  63.14226105296303615 110.19970120003141290
  61.06889365318036056 110.09653084892451602
  58.99562908300177355 109.99351310977445451
  56.92246519119819226 109.89064502754141017
  54.84939767470599747 109.78792043237680787
  49.97941178867892376 109.54672498550499427
  45.38407692133164062 109.31923603167622616
  42.24488643356843909 109.16392202030102965
  39.10576258659519766 109.00868478123857130
  35.96667737645756091 108.85350564540462415
  32.82760256574936619 108.69836507915232460
  29.78452334831905546 108.54798886733267693
  26.98171956252400605 108.40948939925964112
  26.60152468564419337 108.04399116377069845
  26.60863083918054883 102.26583620654743356
  26.70156211871641361 26.70156211871645979
  26.70156211871641361 26.70156211871642782
  27.72331066288653645 27.69351946751118732
  28.74502567935994435 28.68548948052446335
  29.76669170192694480 29.67747799891591853
  38.64211337978706950 38.29532761964097887
  40.76156766206293725 40.35355270838932995
  42.88082684357415530 42.41189798784976972
  44.99986425186284578 44.47036148696845004
  47.11865801292073996 46.52893897334538309
  54.54001859470774605 53.73978632327663263
  56.88639922212221478 56.02002048126514921
  59.23267942139683129 58.30056780570761532
  61.57887985281680443 60.58144054313151372
  63.92502230087308845 62.86264438553944700
  71.70972734700040974 70.43220706385351093
  74.21662492369418374 72.87012757507874028
  76.72339326832673123 75.30819727041703970
  79.23003390884800012 77.74638281827463970
  81.73655081029119174 80.18464928789673252
  89.77575821952913770 88.00503096867545594
  90.80266176163422642 89.00404055926344427
  91.82952561381380008 90.00305169166776409
  92.85636779577657762 91.00206344679027382
  95.59141266297932304 88.01672232481206493
  105.23235777101231747 77.49348495647292623
  106.02516371298990805 76.62812045041111730
  106.81797154012257067 75.76275031328198395
  107.61078069779918565 74.89737645449307024
  108.40359061609723312 74.03200081921491460
  108.88691321843032256 66.87452949695608595
  109.11264193188760885 63.53174845590862674
  109.29861265902981415 60.77774778138631717
  109.48458411588153183 58.02374656221511628
  109.67055626886890707 55.26974472170712716
  110.02641670923698314 49.99993021526032067
  110.29446554453841145 46.03049468595665417
  110.56251477592377341 42.06105917893164303
  110.83056430568153417 38.09162370564304467
  111.09861403105465172 34.12218827641228103
  111.57901453250302382 27.00813991323464691
  111.77492975057010938 26.80166490077075281
  111.97084494555572576 26.59518989820632839
  113.38526050499268649 26.59703986980161261
  114.79967606730339469 26.59888985124113603
  190.29701896821200080 26.69763642003879767
  193.29843788128357573 26.70156211871642071
  193.29843788128357573 26.70156211871642071
  191.73520022428931497 28.17770387418412881
  190.17199331216838232 29.65385770616624939
  182.23005164810484757 37.15366396718154363
  179.93893555407882445 39.31739938668118128
  177.64789644169093208 41.48125329630776292
  175.35691221967533693 43.64526644961996027
  173.06596028858280079 45.80947645188600603
  164.38071346450723809 54.01451534372605323
  162.79193016470392763 55.51574496057422436
  161.20337562302211154 57.01704988445834488
  159.61501991997636196 58.51845493610452564
  158.02683048666406762 60.01998296575617076
  145.98067779257803522 71.40903980827667397
  143.84214175052107976 73.43112452627721609
  141.70372346200866787 75.45328238577263846
  139.56540072188917634 77.47551427659232104
  137.42715017354714746 79.49781990926003061
  127.99293645832021582 88.42051357249965804
  126.87508307291031429 89.47778763710687144
  125.75726637108063244 90.53504479151003181
  124.63946223320822071 91.59229521728714474
  121.31903751153517135 92.35503346651030654
  117.99861283433514814 93.11776982813890413
  114.93193251866371440 93.82221750853865672
  112.34343480560801254 94.41682163007121176
  111.91142944537811843 94.81912678518663995
  111.47942400941607843 95.22143209301268030
