Number of disks = 104
Depot = yes (node 105)
Tour length = 451.87041322806243215
Tour sequence = 105 14 15 13 32 33 34 35 36 16 1 17 18 19 2 3 20 21 4 5 22 6 23 24 7 8 26 25 27 49 84 83 82 81 48 47 80 79 78 77 76 46 45 75 74 73 44 72 43 42 71 70 69 41 40 68 67 66 65 64 39 38 63 62 61 104 37 60 59 103 102 101 100 99 58 57 98 97 96 95 56 55 94 54 93 92 91 90 53 52 89 88 87 86 85 50 51 28 29 30 31 11 12 10 9
Tour visit points:
  100.00000000000000000 100.00000000000000000
  93.58924406183044198 96.33444474546951142
  92.73705089245007116 95.84702564791453483
  89.26044427801919312 97.09258579935959688
  82.37178201406973699 98.16297793215885292
  85.13491866111169770 91.75183715820676866
  86.73588261481066297 89.36098256266154749
  91.88604921438030715 85.01247678514575057
  92.85652040636428239 84.26157297488596498
  96.76550781253681066 87.93415941803802127
  98.22842525770947475 87.57894177424866200
  101.14634062165524142 82.77234615067149548
  105.44035346232688255 83.82771993294809931
  107.49690561372767661 84.33312988147562805
  106.66005355013639644 89.44772384627853512
  107.67867319908923207 89.93634593188249937
  114.06379279897117840 89.99465249673423273
  114.52376879772991458 90.69443396744661356
  112.37462625929619264 96.97761224952544978
  112.46575919151456446 98.29119000194243938
  117.02293864289394776 100.37027783626061250
  112.30828518571503594 104.14786756268779300
  114.51566298510977049 109.37630059317322662
  114.09220454767027775 109.99005272041974024
  107.71797912199889424 110.05424596146936267
  106.62775353254777144 110.61253225621774732
  107.09331576785523055 115.73644565183957411
  107.15168128032398442 116.37865858074701464
  102.63732562075908561 121.42986487826215125
  100.42570829120920450 129.60252985693543337
  98.21409100695123584 137.77519488514695922
  100.82234445686745516 137.31461222570024461
  103.43059789103764956 136.85402956929746665
  113.36611893220850789 134.76610333434317113
  114.46625783506929963 129.20354441642567167
  114.83338521561539380 128.97613179245860238
  118.93864335951010958 132.20005931878250749
  120.85990988586524963 130.55989926699120929
  126.93601902062401621 125.37280453735176877
  128.96806334104130087 123.23476386517174319
  131.00010766145334173 121.09672319237266436
  127.49223973547617561 117.52893144573756956
  128.24471899652232310 116.95691511119672157
  135.25809508494128863 111.62551810055492751
  135.70063865209323239 110.28505593374669047
  136.14318221925034891 108.94459376696875097
  132.68956593669858535 104.48201181400149551
  137.03701557210041528 100.46981196241098644
  132.53940402627350181 98.40268124929750115
  132.56934967992964403 96.64366888531719724
  136.12740904678199172 91.15798102915074708
  135.68691002433888571 89.75798702725818146
  135.24641100189518284 88.35799302536487687
  128.24104616021668335 83.03895020937606830
  127.49218832971259019 82.47035643109691705
  131.00010864809698319 78.90316061662799996
  128.96807108769931460 76.76518491589968107
  126.93603352730838196 74.62720921517771444
  120.85991286124648525 69.44010267564507899
  118.93864482244460135 67.79994071114366250
  114.83339740582576383 71.02386752949664128
  114.46624212108822860 70.79643289487384550
  113.36590470132792063 65.23367985294426319
  103.51236260819580082 63.16060551629210806
  100.72383536173556706 62.82669782230369293
  97.93530811527540436 62.49279012831521385
  97.65733819968269813 68.12598407441822701
  89.98484515025863573 70.25501482818093280
  86.24909276328151009 71.29164420915034839
  83.76599224120386111 66.03403166176072148
  81.56425807384454174 67.65697454374767972
  79.36252390648520816 69.27991742573465217
  72.95735087862347257 74.72353993729076649
  71.41118032009516980 76.07200287702548280
  73.62109238228694608 81.84297401584542797
  73.22404709278778512 82.13545791353845971
  67.54714647176113829 81.49897220571605772
  65.11178464370307495 87.67763506631258963
  64.48204844347587539 89.47643247364909769
  63.87817344911122319 91.20135915537170490
  67.43169584204581213 96.64708742325119317
  67.46091557881403844 98.40217325654789704
  62.96306914390928711 100.46927736831503353
  67.31010037735606488 104.47798877253484306
  63.86362975491896066 108.90314048548789572
  64.48423475171365737 110.60351045596655695
  65.10483974850835409 112.30388042644523239
  67.54719403365230335 118.50105642414575868
  73.22405271975725327 117.86454359314828366
  73.62109177454944131 118.15702391049424591
  71.41118032159337758 123.92799712899383735
  72.95729785569524495 125.27641441402850830
  79.37201125257330148 130.72762735235204445
  81.54133702561995278 132.35405996419811459
  83.71066109788364429 133.98049303988517522
  85.67519503705581485 129.26791604106577438
  87.63972675307562099 124.55533492521686867
  90.00372725303684263 118.88449190757954455
  88.47493635670255685 116.05025393167791492
  86.94614586896834396 113.21601225806804791
  85.41735556068709911 110.38176983582491175
  90.00074621292483812 107.20833672929583713
  91.25618118584048943 106.33910265941783280
  94.78945973072366371 106.92588808068552453
  98.32273826380267678 107.51267350991304284
