Number of disks = 60
Depot = yes (node 61)
Tour length = 270.00714236739452190
Tour sequence = 61 6 5 4 3 21 20 41 40 42 43 44 22 23 45 46 24 25 47 48 26 27 49 50 51 28 29 30 31 52 53 54 55 56 32 33 57 58 34 35 59 60 36 17 37 38 39 18 19 1 2 16 15 14 13 12 11 10 9 8 7
Tour visit points:
  100.00000000000000000 100.00000000000000000
  107.72156460725751970 100.92520975837994968
  108.20877929884494506 99.12317506316109927
  108.81691935417684647 96.87392015362422626
  109.42505333010750235 94.62467359180756432
  114.64392352733052860 91.23559783227000253
  117.95436902092639286 89.08590510607753288
  123.08751004499207227 85.75267724556778148
  123.46999855442662408 85.50435063553550208
  126.76286859569843557 96.37892856068316405
  127.10535521367130229 99.31454284503617203
  127.44784177549452409 102.25015719319677032
  121.91040347162748958 102.31308421281924836
  120.47848636410458312 109.32382348314328624
  123.01269319898376864 114.69095206052885771
  122.99171792016751681 114.72001277631352423
  116.65853469188567715 115.40649721010966289
  112.69000128115300186 118.64862445139721103
  112.51220315641748471 124.30419810784410117
  112.07728495296620963 124.49644982891535960
  106.54036147918883159 121.69957363322399146
  101.68195490087113342 122.48415533158366486
  98.82868052056815600 127.23811465170916790
  89.88685250302299323 125.16311893825579205
  87.69038193729308261 124.65341700709882389
  90.07479027640799529 119.40068767325526267
  87.38413944623691521 117.14745062568317735
  84.69348861606583512 114.89421357811109203
  82.00283778589474082 112.64097653053903514
  77.31764274607581910 114.42686277748057933
  76.64380247893703313 113.54877608063513605
  73.22594837014432301 103.56958126062193060
  72.88890519213441621 100.65988031273526815
  72.55186201412452363 97.75017936484859149
  78.09274165900279741 97.68432177954349527
  79.53180263595695010 90.75320711177350574
  76.88349456252458936 85.86129503152483267
  77.48575308625493108 85.52013418136216671
  83.28203347891373198 84.61914123742241145
  87.31186024213435815 81.34761180875577224
  87.48793664228567479 75.69559443090584239
  87.92253125543065551 75.50354542910204714
  93.45923777763286466 78.30036426192533838
  98.32094073223035480 77.51388657231474610
  101.19612903980751639 72.75123160059801819
  109.82253086107922968 74.56819021561632610
  112.18914597832022650 75.06761743075233539
  109.10961465318850117 79.13204421070891215
  107.16304573774941389 81.70394565994433833
  102.32203168671424010 88.10048194378283881
  101.77862783110727207 88.81853869164281434
  98.53301020982125635 91.80910074434727619
  95.28739546770016489 94.79965940422285087
  93.39206906112987383 97.68568455443551102
  92.99999967534034795 99.99860430742195661
  93.39684309958684594 102.32653998193927691
  95.14235513244757669 105.04135355210257785
  97.16916190089476402 106.40235200349928846
  99.98281597015288469 107.00004921555066062
  103.13444132230672778 106.29272938478480626
  104.20458232140094879 106.05255745259150046
