Number of disks = 148
Depot = yes (node 149)
Tour length = 632.98842286395586143
Tour sequence = 149 7 8 9 27 26 25 48 47 24 46 45 23 22 44 43 42 41 40 20 21 19 18 38 39 63 64 65 108 109 110 66 67 111 112 113 68 69 70 71 114 115 116 72 117 118 73 74 75 76 119 120 121 77 78 79 122 123 124 80 81 125 126 127 128 129 84 82 83 49 50 51 85 86 87 130 131 132 88 89 133 135 134 90 91 92 93 136 137 138 94 139 140 95 97 96 98 141 142 143 99 100 101 144 145 146 102 103 147 148 105 106 107 62 61 104 37 17 36 60 59 35 34 58 57 33 32 56 55 54 53 52 30 31 28 29 10 11 12 13 14 15 16 1 2 3 4 5 6
Tour visit points:
  100.00000000000000000 100.00000000000000000
  104.01122513301467620 107.40070587541116254
  103.47718257766486261 108.99101030001018842
  102.94323514844678868 110.58083290277613742
  102.43873744332825027 118.25284239906389416
  105.40856327604440423 119.04865563713205745
  108.37839325048598482 119.84447153619832704
  112.22781082494348937 124.50411630378808070
  112.62016796889734849 124.15418074281380711
  117.16504210721058143 115.13474760724324142
  123.01108322992023147 114.70884601905858347
  123.01109768853652326 114.70882541112045772
  120.47872689224229248 109.32582676085364426
  121.91054337781041284 102.31296865553875364
  127.44817794220537621 102.24977524401734286
  127.10847131300297974 99.32819662670276273
  126.76875868482558474 96.40659047456820474
  123.71401931334600022 86.97612424590747082
  123.20052276845886752 85.39066277027013996
  118.49398645075470426 87.17091978274305575
  117.99700193833521666 87.35899654048994023
  112.96080169214576472 83.16286894049621026
  109.93445387612082698 80.64132303331564344
  112.48128498504748052 75.46568830629941260
  114.65976470809711429 71.03859366986766588
  117.41909982100023058 65.43108607601777749
  119.08350686488371650 64.96199782750420582
  120.74791364489674095 64.49290976884118720
  124.41767860932253598 59.10735741390860909
  126.24642975588965044 60.62685517265627055
  128.07518090554214041 62.14635293563931384
  131.63478347773119026 71.01550153328754789
  132.77911968168280055 72.63377194063505726
  138.35182296146550129 72.21874010278651213
  139.61379865295569402 73.97340392314795565
  140.87577434444582991 75.72806774350962655
  136.94334633857303629 79.50896168287437149
  138.86794510552056181 83.86844004760924065
  140.14945947539183635 86.77124465576733314
  141.43097384526308247 89.67404926392541142
  146.77263956226914843 93.52545735111607428
  147.07669306408368470 96.03137523023458755
  147.38074656589819256 98.53729310935311503
  142.94337225640791189 100.58013770796974029
  146.98260200521664842 104.91473729651923463
  146.77948030638805221 106.46301740175009343
  141.43165181257725749 110.32511362950810963
  140.19671133190584555 113.12204553921232275
  138.86790004280888411 116.13157899820929231
  136.94325502916566961 120.49057535290414478
  140.87546419826864508 124.26850295984036165
  139.60074889258299891 126.03097138842113623
  138.32603358689732431 127.79343981700193922
  132.48683018803569666 127.48563499064729854
  129.01435411956578037 130.54992028757868638
  125.43088083254500020 133.71215504135273022
  127.64434881646015185 138.70069244774489903
  125.79948521198356559 139.78223003301451399
  123.95462160750697933 140.86376761828412896
  119.07571000832363950 138.19847632721425157
  117.14781821759127922 139.38171755597983292
  106.95569176302149117 146.54348155450040281
  103.85351172822645083 146.85026781223001535
  100.75133169343139627 147.15705406995965632
  97.64915165863634172 147.46384032768926886
  94.54697162384130138 147.77062658541888140
  98.31028830385299955 141.71328115887763488
  101.06399414134078540 139.18316186313347771
  100.10593319269428036 137.00187089025746445
  98.02080816111319450 132.25450652358424009
  89.83821742678206590 129.86630985739481048
  86.09497371438158098 128.77379497489161508
  82.66493629863327897 134.50149059530417617
  80.96445715890131112 134.99999037240516486
  79.26397801916935748 135.49849014950618198
  75.58313874438216828 140.89252778448127401
  73.75392807667338957 139.37301763538121691
  71.92471740896459664 137.85350748628113138
  68.36521358934413684 128.98449307988485657
  67.22088064678180785 127.36622821419209117
  61.64817707270042035 127.78125991315135934
  60.38620136433668506 126.02659608252039902
  59.12422565597294266 124.27193225188945291
  63.05665366155757567 120.49103831646317531
  61.13205489478374233 116.13155995251939601
  59.85054052477539699 113.22875534431560141
  58.56902615476705876 110.32595073611180680
  53.22736043773206660 106.47454264888598630
  52.92330693591699031 103.96862476976633616
  52.61925343410191402 101.46270689064670023
  57.05662774359212364 99.41986229203024550
  53.01739799478335868 95.08526270348079379
  53.22051969361196910 93.53698259824992078
  58.56834818742271409 89.67488637049190459
  59.47107846597094039 87.63035453965018462
  59.92916752630140564 86.59286007706029409
  63.05674497083432328 79.50942464709584101
  59.12453580173134782 75.73149704015951045
  60.39925110741656056 73.96902861157900588
  61.67396641310178040 72.20656018299851553
  67.51316981195201095 72.51436500935699314
  70.98564588036030898 69.45007971242165468
  74.56911916748886426 66.28784495849232883
  72.35565118387212635 61.29930755122312291
  74.20051478381255095 60.21776996653560587
  76.04537838375298975 59.13623238184808883
  80.92428990921222010 61.80152367486755338
  82.85218665392761750 60.61827924195132766
  93.04449033052051732 53.45645082256667990
  96.14637267167002221 53.14927602225528602
  99.24825501281951290 52.84210122194387793
  102.35013735396900358 52.53492642163247694
  105.45201969511849427 52.22775162132106175
  101.62726236885373510 58.36471490986362909
  100.19081515498844226 59.87705325285954672
  98.75436794112317784 61.38939159585546435
  98.29694119214867953 69.65398664562493991
  97.83951444317419543 77.91858169539443679
  93.55332234528336244 78.31647511939111439
  87.92660224697839055 75.50364782420606957
  87.48684988826616404 75.69720619169250142
  87.31176061468396199 81.34781290620459515
  83.28205499466048423 84.61913167918777390
  77.48575434708386922 85.52013374271727741
  76.88349449543729008 85.86129526517633792
  79.53180267171316586 90.75320735538120687
  78.09274272143727558 97.68432090449272209
  72.55186778868690567 97.75017280468573233
  72.88895610244414058 100.66008921840662538
  73.22604441620138971 103.57000563212750421
  76.63464566667515498 113.53183262381440954
  77.34705979652022734 114.43535819625310523
  81.52206368141689552 113.00239856093233470
  82.45520101847516514 112.68212385539288789
  91.54799931349589315 116.10979038283170439
  91.79036709138179617 114.91331350980028958
  93.01456017138147558 108.86994124492161973
  93.00667869672680865 105.99105661581135962
  92.99879720884976564 103.11217215690560067
  92.99091571686949464 100.23328775060662110
  93.40201555632060604 97.66003392381881554
  95.14166672855250795 94.95934848107684445
  97.16783501136738721 93.59820913421272337
  99.99998917324876402 92.99999999998047429
  102.83236476760490063 93.59829355510427717
  104.85667299094031080 94.95765454561873753
  106.60955621450160891 97.68981060631865887
  107.00439433335634476 99.83768336507787922
  107.27278161971945281 101.29633855941882814
