Number of disks = 16
Depot = yes (node 17)
Tour length = 53.15799622566216698
Tour sequence = 17 7 8 9 10 11 12 13 14 15 16 1 2 3 4 5 6
Tour visit points:
  100.00000000000000000 100.00000000000000000
  104.20447373668825719 106.05283625916648305
  103.13184673196978736 106.29351250187656319
  99.98289281273709150 107.00004877637253742
  97.16915436470362977 106.40234881434479064
  95.14236223495547051 105.04136079762794509
  93.39679871459907190 102.32642559766722457
  92.99999999999972999 99.99999871785934147
  93.39679446936233376 97.67358534197883557
  95.14246680667189082 94.95853251930570593
  97.16772690955332337 93.59825481706724304
  99.99998688170718708 92.99999999997130828
  102.83240846902245380 93.59831201980702531
  104.85657679108149409 94.95755631357637583
  106.60975224304951325 97.69030705378209234
  107.00445757417773507 99.83652041381603226
  107.27287889552329148 101.29624074492072339
