Number of disks = 36
Depot = yes (node 37)
Tour length = 153.13228299176924452
Tour sequence = 37 14 15 13 32 33 34 35 36 16 1 17 18 19 2 3 20 21 4 22 5 6 7 23 24 25 26 8 9 27 28 29 30 31 11 12 10
Tour visit points:
  100.00000000000000000 100.00000000000000000
  93.58922676210166003 96.33424108110347106
  92.73719394540792393 95.84703823145619594
  89.26046067437717113 97.09258162868546549
  82.37179571131083833 98.16299561682407671
  85.13492013208797005 91.75183445589929931
  86.73588289325269329 89.36098225141195428
  91.88606900006966782 85.01246078971081488
  92.85651212364565765 84.26157257828695890
  96.76548025748634529 87.93415214624884868
  98.22844848395013173 87.57892477895019567
  101.14638830735711394 82.77232643257516997
  105.44014889911753130 83.82759542627894689
  107.49686366893919853 84.33306638833947488
  106.65986145609414848 89.44735553466333045
  107.68126641820532541 89.93694940779954550
  114.09059465922931054 90.00909114187605553
  114.51580393451600060 90.62507023926671934
  112.31010921499593280 95.85937674273017706
  117.01766539300899694 99.67491494660046669
  112.11361347923309495 102.12899930962983319
  111.01528208802658071 104.28471471345930865
  109.91695628556051645 106.44045337321696820
  114.50122742526403385 109.76826655282118850
  112.98011707690176308 111.01128422665209428
  108.13253884276588224 114.97261778307095881
  107.14318093629940165 115.73841273992252354
  103.23375094888255887 112.06564486371814837
  101.77412721927176165 112.41918841966456455
  98.87899219179897159 117.21731397855377566
  94.02808783781590307 115.91665487477197871
  91.58655138947440832 114.77436301138085639
  87.12752262541108905 111.19142465532672759
  85.49358663134979963 109.87851723575012386
  90.00000043401966821 107.13981470060318202
  91.35830909846434622 106.31432384555161264
  94.75993588694105085 106.43344112058092321
