Number of disks = 20
Depot = yes (node 21)
Tour length = 32.38903043121641900
Tour sequence = 21 5 4 3 2 1 20 19 18 17 16 15 14 13 12 11 10 9 8 7 6
Tour visit points:
  100.00000000000000000 100.00000000000000000
  103.31283063002335609 97.92600767367140691
  103.41078208294851493 97.12936041048305924
  103.50876213905928580 96.33274515271939720
  102.09116880448678444 96.34734466441362599
  100.67375661711191981 96.36202098480056577
  99.25647406869508416 96.37677106250323789
  97.83922806280475015 96.39158661021365049
  96.42192666231900944 96.40645816396589396
  96.42241823470456552 97.84447308722903358
  96.42269183598314441 99.28220308449540710
  96.42271907514611939 100.71962211997993109
  96.42252015314815594 102.15678148816893156
  96.42215975303953712 103.59377752939496986
  97.83950975703589847 103.60907113535482438
  99.25678731479833061 103.62399295158583357
  100.67404842380294383 103.63859705754173035
  102.09133827380310322 103.65300093630756351
  103.50868419983227398 103.66734206032825227
  103.41074856723234632 102.87065329394393132
  103.31282932006386943 102.07399026846795209
