Number of disks = 60
Depot = yes (node 61)
Tour length = 140.47741101512971795
Tour sequence = 61 9 10 8 6 7 5 4 2 3 1 20 19 18 56 57 58 59 60 21 22 23 24 25 26 27 28 29 30 31 32 33 34 35 36 37 38 39 40 41 42 43 44 45 47 48 46 49 50 51 52 53 54 55 17 16 15 13 14 12 11
Tour visit points:
  100.00000000000000000 100.00000000000000000
  102.03612966022514286 103.24758624517431826
  102.07930128256867874 103.31622188473492940
  103.65166755407055632 103.52284069401642341
  103.60908256910376224 102.43713210959501225
  103.57652710854060274 101.59510679150328372
  103.51262302390861691 99.92872830626396308
  103.44915610017862662 98.26288685098342057
  103.39974405701636329 96.95964402095894741
  103.36945326651473920 96.15815255900099601
  101.53182793046403276 95.43833592379462516
  99.69433319795345483 94.71863269384105877
  97.85691221495189041 93.99899117177213270
  96.01950573024700475 93.27935824007624888
  91.99824611328921264 89.91625950367601661
  93.59771228194476578 88.33305968778229555
  95.19714240501352265 86.74982228608089940
  96.79653419564425576 85.16655597140561440
  98.39589349252638328 83.58327516869778151
  99.99523070288292104 81.99999431344316747
  101.79636355550022131 83.80019908084034341
  103.59735939628578194 85.60036307668481470
  105.39818668285526826 87.40047418011012326
  107.19883237290319755 89.20052694309531205
  108.99930081885328548 91.00052257387564225
  110.79961145751467200 92.80046824685481965
  112.59979561874537524 94.60037585323163967
  114.39989275436914795 96.40026035697252382
  116.19994637721480046 98.20013795344064533
  118.00000000014688339 100.00002423882042990
  116.19994949160502529 101.80000617655147721
  114.39990659955151386 103.59999430588234759
  112.59987437201382932 105.39998733427393063
  110.79985513437550537 107.19998409891198321
  108.99985023082689395 108.99998362124293294
  107.19985946085986939 110.79998511714418896
  105.39988026881646022 112.59998797216780986
  103.59990719648813240 114.39999169294914338
  101.79993226733282086 116.19999584670208037
  99.99994656652334868 118.00000000071378281
  98.19992533176733218 116.20021075784156039
  96.39990624120051166 114.40052331058417678
  94.59989292331589184 112.60097123551243214
  92.79988734907274761 110.80157072602480639
  90.99989009551363495 109.00232002743821624
  89.19990062320302115 107.20320211722385295
  87.39991755249809557 105.40418936141409745
  85.59993893815679655 103.60524854407154294
  83.79996254684340329 101.80634508136307659
  81.99998613931110469 100.00744597632629507
  83.52597823947539268 98.50490826045177073
  85.05196457351318884 97.00237120050647377
  86.57794692345538579 95.49983452581857080
  88.10392783740259404 93.99729792585203825
  93.45225332105600557 98.26668078765638370
  94.18464783485251246 99.69212934953013416
  95.10806469024831244 101.48931998978072500
  96.03150223069512492 103.28652308213067101
  96.68942865954899446 103.27838931034501968
  97.34982884473167530 103.27023645324682377
  98.01022095739082829 103.26208819360370228
