Number of disks = 180
Depot = yes (node 181)
Tour length = 380.88245930690595742
Tour sequence = 181 7 6 8 9 10 11 12 14 13 15 16 17 18 56 55 54 53 52 51 50 49 46 48 47 45 44 43 42 41 39 40 38 37 36 35 34 33 32 31 92 91 93 94 95 96 97 98 99 100 101 102 103 104 105 106 107 108 109 110 111 112 113 114 115 116 117 118 119 120 121 122 123 124 125 126 127 128 129 130 131 132 133 134 135 137 136 138 139 140 141 142 143 144 145 146 147 148 149 150 151 152 153 154 155 156 157 158 159 160 161 162 163 164 165 167 166 168 169 170 171 172 173 174 175 176 177 178 179 180 61 62 63 64 65 66 67 68 69 70 71 72 73 74 75 76 78 77 79 80 81 82 83 84 85 86 87 88 89 90 30 29 28 26 27 25 24 23 22 21 60 59 58 57 19 1 20 2 4 3 5
Tour visit points:
  100.00000000000000000 100.00000000000000000
  103.24737808450447574 102.03650821418926853
  103.31663004077755375 102.07993776690481980
  103.52238540300049863 103.65216651520526625
  102.20794635533788153 103.60176236820346674
  100.89349874392171102 103.55135789320034689
  99.57904685100336906 103.50095325450234895
  98.26459495877332984 103.45054861636607768
  96.95948918137645478 103.40050236961677399
  96.15862959512332964 103.36979220302922045
  95.43882247313128175 101.53223867127779556
  94.71901535979620235 99.69468515374727247
  93.99920825707627614 97.85713165393633517
  93.27940116529040893 96.01957817257726902
  89.91605137259847425 91.99823738028229059
  88.33283817473460431 93.59702305573152614
  86.74962486714341026 95.19580803330212859
  85.16641148150951324 96.79459218378362095
  83.58319805533706415 98.39337553372890000
  81.99998462664736110 99.99215824163634636
  83.81178547887915897 101.79330264836883657
  85.62358686404387242 103.59444452113498869
  87.43538814712158569 105.39558331372111866
  89.24718801777380861 107.19671875588053922
  91.05898457226173548 108.99785083834377986
  92.87077550941855009 110.79897978514374302
  94.68255842674302869 112.60010601696853882
  96.49433118278135169 114.40123010839265305
  98.30609227472294265 116.20235274097828437
  100.11784117116550874 118.00347465371001476
  102.05910188904350377 116.48261218683900609
  102.56940621655293455 116.08276851670152041
  104.86970400150086391 114.28032788504886241
  107.16011517945388221 112.48555960133543863
  109.43862198558707632 110.70004436563297645
  111.70524204790932288 108.92377527158114958
  113.96172454365888882 107.15539461141671040
  116.21104143297114319 105.39259074686472673
  118.45677620131853303 103.63257502416432487
  120.70251255169250726 101.87255870794868429
  128.06849922801163189 101.48105417642264570
  128.62405560919106051 101.45147408981401327
  128.62429703971724848 103.39419652939791661
  128.62423331732293263 105.33641061218865786
  128.62376527126053816 107.27793910807503153
  128.62281700278629160 109.21864946848117484
  128.62133802833434970 111.15845761859208096
  128.61930413417812247 113.09732900871273387
  128.61671701499903975 115.03527717980580292
  128.61360281107653236 116.97236017276276243
  128.61000968830202851 118.90867514624842727
  128.60600462462841165 120.84435157821852158
  128.60166957872004900 122.77954342457896075
  128.59709722376499030 124.71442060437522059
  128.59238643304186667 126.64916017883822974
  128.58763770430954310 128.58393759116626143
  126.82519773353394044 128.58369103879596196
  125.05474985494115003 128.58348202046175857
  123.27320039486545511 128.58330902754116210
  121.47818930549996708 128.58316998500623640
  119.66811431272726907 128.58306247094469654
  117.84210089689401002 128.58298390132895861
  115.99993072587491838 128.58293167784719913
  114.14194229132189662 128.58290329935240948
  112.26891692645376963 128.58289643951755465
  110.38196161688793495 128.58290899464788026
  108.48239757237996628 128.58293910637013369
  106.57166085913574705 128.58298516419759494
  104.65121884637488847 128.58304579286951252
  102.72250402636642264 128.58311982899397208
  100.78686504435687254 128.58320629097997312
  98.84553355498975691 128.58330434561153766
  96.89960477276208906 128.58341327395825715
  94.95002923489101931 128.58353243868177174
  92.99761325719815375 128.58366125421491688
  91.04302574692445660 128.58379916078297356
  89.08680935870961548 128.58394560280768815
  87.12939437271678855 128.58410001188559590
  85.17111408332705480 128.58426179425904934
  83.21222087300448322 128.58443032248797522
  81.25290248035187801 128.58460493087662257
  79.29329823455205428 128.58478491409937305
  77.33351520795761758 128.58496952839809069
  75.37364432836962180 128.58515799467875240
  73.41377649252775939 128.58534950281847387
  71.91237845962906761 128.58549861412879523
  71.41397736450349498 128.58555027919982194
  71.41353058056769498 126.61469913965382261
  71.41309588071035819 124.64386185353886560
  71.41267796805603041 122.67304391927196150
  71.41228130786500117 120.70225051093537161
  71.41191008076941671 118.73148641389300906
  71.41156813968902384 116.76075596634611031
  71.41125897084647534 114.79006300751025549
  71.41098565925526032 112.81941083300525008
  71.41075085900332908 110.84880215795058689
  71.41055676860132451 108.87823908815555285
  71.41040511160794324 106.90772309968409104
  71.41029712268635876 104.93725502696277374
  71.41023353918609473 102.96683505948681159
  71.41021459828431261 100.99646274706584848
  71.41024003966123246 99.02613701343855723
  71.41030911362607014 97.05585617797612485
  71.41042059455305946 95.08561798508928575
  71.41057279943396452 93.11541964085382972
  71.41076361130231476 91.14525785627655807
  71.41099050723805419 89.17512889653913533
  71.41125059061742775 87.20502863548206562
  71.41154062723404650 85.23495261452642069
  71.41185708488086448 83.26489610517887741
  71.41219617595071156 81.29485417422633020
  71.41255390258349678 79.32482175070173014
  71.41292610386119577 77.35479369369366509
  71.41330850452740719 75.38476486007841970
  71.41369676468465855 73.41473017127653122
  71.41399540453248562 71.91222347388868741
  71.41409576881616772 71.41433134611949640
  73.38562213737182560 71.41426145518248347
  75.35714670163019946 71.41419117171784592
  77.32866787086823024 71.41412095202399257
  79.30018407090035737 71.41405119507044219
  81.27169374843164462 71.41398222345908664
  83.24319537453176565 71.41391426481688143
  85.21468744800750983 71.41384743470450758
  87.18616850001717467 71.41378172266497870
  89.15763710208970849 71.41371698382738487
  91.12909188083075662 71.41365293956840787
  93.10053154394907438 71.41358919205282518
  95.07195492355548083 71.41352525875788615
  97.04336104347838443 71.41346063383920750
  99.01474921692849307 71.41339488274056180
  100.98611917853564535 71.41332777408932486
  102.95747125010309730 71.41325944818375149
  104.92880653239627975 71.41319061428697523
  106.90012710659600259 71.41312276019171179
  108.87143622009082833 71.41305834850875556
  110.84273842396851251 71.41300096677483111
  112.81403962594592372 71.41295539483695620
  114.78534702427711522 71.41292755477738297
  116.75666889632503853 71.41292431682259689
  118.72801422977238417 71.41295314902063751
  120.69939220344699038 71.41302161753107214
  122.67081154594843895 71.41313676563301271
  124.64227982051824029 71.41330441984115396
  126.61380270062075226 71.41352848753993499
  128.58538330969918206 71.41381031949916292
  128.58502965633888948 72.58654362410453587
  128.58498122531094054 73.41340789133126066
  128.58517844455369072 75.34519931880240051
  128.58577531191838261 77.27666546631255073
  128.58683719883200069 79.20760184106406143
  128.58840324155372059 81.13785896827585020
  128.59048544443680839 83.06734865292257552
  128.59306922682080199 84.99604547415096079
  128.59611542281786001 86.92398363369873948
  128.59956339986365492 88.85124985607137660
  128.60333503897876994 90.77797316585798626
  128.60733964319720712 92.70431219711032611
  128.61147889743949690 94.63044166436962712
  128.61565498891292236 96.55653580221805043
  118.68062604374264879 96.11937558545594129
  116.29786734019280914 94.30751844331398104
  114.04628212670374410 92.59508194645644608
  111.79499737004879023 90.88203426323356382
  110.99367848781994894 90.27161433293269965
  108.79755011939931819 88.59833580153630805
  106.61803668346442464 86.93757997099358192
  104.45180341569046334 85.28689560460031771
  102.29220475251327116 83.64124733440455373
  100.13260776964062870 81.99559895255308106
  98.59866872984200370 83.52480052317670811
  97.06472649855554380 85.05400175156631803
  95.53078269894776042 86.58320232167805841
  93.99683892849294864 88.11240237388589946
  98.26610118684995143 93.45177915507601085
  99.51413925825112017 94.09308047335750302
  100.76217735836758038 94.73438181459076191
  102.01021547296286940 95.37568316708522786
  103.25825358774201845 96.01698451925393840
  103.28653049018336674 96.03151453646020741
  103.26209329819324978 98.01021199450832455
