Number of disks = 680
Depot = yes (node 681)
Tour length = 1510.95454005329156644
Tour sequence = 681 16 17 19 18 20 1 2 3 26 25 24 23 22 21 61 63 62 64 65 66 67 68 69 70 71 72 73 74 75 76 78 77 79 80 81 82 83 84 85 86 87 88 89 90 91 92 93 94 95 96 97 98 99 100 101 102 103 104 105 106 108 107 109 110 111 112 113 115 114 117 116 118 119 121 120 122 124 123 126 125 127 128 129 130 131 132 133 134 135 268 267 266 265 264 263 262 261 260 259 258 257 256 255 254 253 252 251 250 249 248 247 246 245 244 243 242 241 240 239 238 237 236 235 234 233 232 231 230 229 228 227 226 225 224 223 222 221 220 219 218 217 216 215 214 213 212 210 211 209 208 207 206 205 203 204 201 202 200 199 198 197 196 195 194 193 192 191 190 189 188 187 186 185 184 183 182 322 324 323 325 326 327 328 329 330 331 332 333 334 335 336 337 338 339 340 341 342 343 344 345 346 347 348 349 350 351 352 353 354 355 356 357 358 359 360 361 362 363 364 365 366 368 367 369 370 371 372 373 374 375 376 377 378 379 380 381 382 383 384 385 386 387 388 389 390 391 392 393 394 395 396 397 398 399 400 401 402 403 404 405 406 407 408 409 410 411 412 413 414 415 416 417 418 419 420 421 422 423 424 425 426 427 428 429 430 431 432 433 434 435 436 437 438 439 440 441 442 443 444 445 446 447 448 449 450 451 452 453 454 455 456 458 457 459 460 461 462 463 464 465 466 467 468 469 470 471 472 473 474 475 476 477 478 479 480 481 482 483 484 485 486 487 488 489 490 491 492 493 494 495 496 497 498 499 500 501 502 503 504 505 506 507 508 509 510 511 512 513 514 515 516 517 518 519 520 521 522 523 524 525 526 527 528 529 530 531 532 533 534 535 536 537 538 539 540 541 542 543 544 545 546 548 547 549 550 551 552 553 554 555 556 557 558 559 560 561 562 563 564 565 566 567 568 569 570 571 572 573 574 575 576 577 578 579 580 581 582 583 584 585 586 587 588 589 590 591 592 593 594 595 596 597 598 599 600 601 602 603 604 605 606 607 608 609 610 611 612 613 614 615 616 617 618 619 620 621 622 623 624 625 626 627 628 629 630 631 632 633 634 635 636 638 637 639 640 641 642 643 644 645 646 647 648 649 650 651 652 653 654 655 656 657 658 659 660 661 662 663 664 665 666 667 668 669 670 671 672 673 674 675 676 677 678 679 680 321 181 320 319 318 317 316 315 314 313 312 311 310 309 307 308 306 304 305 302 303 301 300 299 298 297 296 295 294 293 292 291 290 289 288 287 286 285 284 283 282 281 280 279 278 277 276 275 274 273 272 271 270 269 136 137 139 138 140 141 142 143 144 145 146 148 147 149 151 150 152 153 154 155 156 157 158 159 160 161 162 163 164 165 166 167 168 169 170 171 172 173 174 175 176 177 178 179 180 60 59 58 57 55 56 54 53 52 51 50 49 46 48 47 45 44 43 42 41 40 39 38 37 36 35 34 33 32 31 30 29 28 27 4 5 6 7 8 9 10 11 12 13 14 15
Tour visit points:
  100.00000000000000000 100.00000000000000000
  96.72894536830730772 97.99464040591999492
  96.70842092529058220 97.36458609409183396
  96.68789648227665623 96.73453178226031923
  96.66737203926641087 96.10447747042321964
  98.49066295462444032 95.40119347044085885
  100.31395387014406140 94.69790947035846784
  102.13724478589978162 93.99462547013162350
  103.96053570196168891 93.29134146971850328
  108.02387918733221284 89.69186604578322886
  106.80161444487811195 87.63650880737426974
  105.57934972320057909 85.58115163980392026
  104.35708503236327260 83.52579457501941818
  103.13482038187839862 81.47043764315100134
  101.91255578059181630 79.41508087214999989
  101.45291560630643346 71.37442214801390605
  102.54873318509214641 71.37616301067396307
  103.44991305087123123 71.37758925116062869
  105.38363145169644497 71.38064053176887569
  107.31734730527580268 71.38367919967589614
  109.25105685252137278 71.38670194147248083
  111.18475644817198145 71.38970568957371654
  113.11844260282185815 71.39268765565728359
  115.05211202236216650 71.39564535924405675
  116.98576164435132796 71.39857665117878582
  118.91938867089493215 71.40147973187903574
  120.85299059768526320 71.40435316432670732
  122.78656523892294672 71.40719588187621980
  124.72011074791484475 71.41000719104339112
  126.65362563321377820 71.41278676951841931
  128.58710877023355579 71.41553465971310288
  128.59085981249978659 72.58073119812632967
  128.59344892895305179 73.42183475992700892
  128.59933637683440111 75.39948308887676376
  128.60494443895879613 77.37688577716116356
  128.61019858392279502 79.35398376392149089
  128.61502914265830100 81.33072212971646309
  128.61937203661429407 83.30705067608170111
  128.62316943199374464 85.28292444356378610
  128.62637031369175133 87.25830416313885962
  128.62893097367418704 89.23315663679150589
  128.63081540966243210 91.20745504392577629
  128.63199563112689816 93.18117917119019467
  128.63245187072820386 95.15431556421431480
  128.63217270046288832 97.12685760066312923
  128.63115505285981044 99.09880548490959029
  128.62940414861958516 101.07016616549304899
  128.62693333308732235 103.04095317736810955
  128.62376382488463378 105.01118641174267054
  128.61992438090101132 106.98089181705309159
  128.61545088264426795 108.95010103532055723
  128.61038584967761267 110.91885097877147359
  128.60477788652156050 112.88718335218200650
  128.59868106996859183 114.85514412691898656
  128.59215428425068239 116.82278297309245829
  128.58526051190960970 118.79015265660743239
  128.57806608854960473 120.75730840820131107
  128.57063992990069323 122.72430727177655285
  128.56305273978961168 124.69120743948552388
  128.55537620770266471 126.65806758109377483
  128.54768220463381567 128.62494617513976891
  127.49381273908987566 128.68672892853891199
  126.43994855436243085 128.74850509910578467
  124.35522132863135880 128.87067998638366362
  122.27048540426400791 128.99280406273237531
  120.18573401438258941 129.11485655316025145
  118.10096066457903419 129.23681791705507749
  116.01615922048493701 129.35867008024075631
  113.93132398962552543 129.48039664445184371
  112.04236177910206607 129.59054597806394327
  109.97896773326857556 129.71071344538347603
  108.00763971724720136 129.82535606592495014
  106.00254603420277988 129.94179150159649794
  103.99746786165137280 130.05804981950424803
  101.99240544366801942 130.17412796456039814
  100.02085713981540493 130.28808599233633458
  97.97547182453003245 130.40613366122121874
  95.93013459227474016 130.52400425160908526
  94.10155618664157373 130.62921465933422382
  91.85055974544906121 130.75857012103267607
  90.19138586879307695 130.85376514592633157
  88.25484899652636273 130.96473494897634282
  86.31825717179270896 131.07558254018317712
  84.38161856390259175 131.18632242543344546
  82.44494184559047767 131.29697029983759649
  80.50823607394507064 131.40754283183022721
  78.57151056787637344 131.51805743792152725
  76.63477478373550866 131.62853205099972342
  74.69803819070827444 131.73898488512264748
  72.76131014758732363 131.84943419974339918
  67.99908759274794079 136.06040526898539156
  69.88142550247053464 137.93920223319943830
  71.76376338991899217 139.81799963560044375
  73.64610125078684177 141.69679747189189811
  75.52843908100052772 143.57559573277274012
  77.41077687673373475 145.45439440418738286
  79.29311463442108732 147.33319346761300039
  81.17545235077162147 149.21199290037924357
  83.05779002278200096 151.09079267601606489
  84.94012764774946334 152.96959276462510502
  86.82246522328451022 154.84839313327108812
  88.70480274732324233 156.72719374638973022
  90.58714021813929662 158.60599456620880687
  92.46947763435491652 160.48479555317962308
  94.35181499495132584 162.36359666641601507
  96.23415229927761061 164.24239786413841102
  98.11648954705832182 166.12119910412050672
  99.99882673839917402 168.00000034413574213
  101.94177283871209738 166.05614786828400042
  103.88471813497949370 164.11229579437824100
  105.82766226589801306 162.16844431547053773
  107.77060488227823498 160.22459361685957901
  109.71354564973853485 158.28074387433596826
  111.65648425126047982 156.33689525252560770
  113.59942038958664057 154.39304790332317907
  115.54235378944397894 152.44920196437271898
  117.48528419957811764 150.50535755749422151
  119.42821139458706625 148.56151478687507961
  121.37113517654594830 146.61767373676423176
  123.31405537641671799 144.67383446837231986
  125.25697185523763721 142.72999701574335063
  127.19988450508598987 140.78616138058202978
  129.14279324980199704 138.84232752639883302
  131.08569804545720672 136.89849537281656922
  133.02859888054348403 134.95466479132934978
  134.97149577585810221 133.01083560403111505
  136.91438878406449930 131.06700758668242202
  138.85727798891983298 129.12318047690530420
  140.80016350417866988 127.17935398740527830
  142.74304547219895767 125.23552782316707521
  144.68592406229151948 123.29170170087488145
  146.62879946885794880 121.34787536859539614
  148.57167190935984991 119.40404862407696385
  150.51454162215071619 117.46022133067555160
  152.45740886419281424 115.51639343058505460
  154.40027390867652457 113.57256495538452157
  156.34313704256391020 111.62873603373006404
  158.28599856408962410 109.68490689537314609
  160.22885878026818318 107.74107786987435986
  162.17171800446530483 105.79724937782563643
  164.11457655409083145 103.85342191247201526
  166.05743474845570518 101.90959601052576033
  168.00029290680618033 99.96577221259866519
  166.12224474734011892 97.95355369028450809
  164.24418271516913137 95.94134087200843908
  162.36610025484222319 93.92913543733425286
  160.48799129295554167 91.91693890972788950
  158.60985045608009614 89.90475258792812951
  158.10415196621045197 89.36300688168832096
  155.95892678029113654 87.06491288349283764
  153.81369648225734181 84.76686086491076821
  151.66845975491293075 82.46884774440125909
  149.52321342107825330 80.17086651421794841
  147.37795381784286519 77.87290785563155282
  145.23267810054676374 75.57496180919802953
  144.44976834606399052 74.73636167392136542
  141.37969141125742567 71.44791284603130066
  140.58012036453834526 70.59147530344642973
  138.62120368342775123 68.49323413717561948
  136.66382187179047492 66.39662370623113929
  134.70863223038253409 64.30233974063747837
  132.75619250510749225 62.21097269086904902
  130.80694916897792268 60.12299532265978996
  128.86123124875695112 58.03875615406286670
  126.91924915941794438 55.95847817484350628
  124.98109777709571233 53.88226204279725806
  123.04676285851999751 51.81009282124848880
  121.11612989521356099 49.74184929988960135
  119.18899455786747410 47.67731501049593845
  117.26507401780787632 45.61619018635815337
  115.34401860264243567 43.55810409251205328
  113.42542342609621642 41.50262734571161616
  111.50883980417424368 39.44928402376226018
  109.59378641204359894 37.39756351318236938
  107.67976023522530227 35.34693214827440499
  105.76624741823286513 33.29684474661891613
  103.85273411370164354 31.24675614577603966
  103.42912975464770398 11.39913835784050100
  104.57101855267481483 11.39928982816299907
  105.42886908297604975 11.39940456756263210
  107.40992493950599851 11.39967114046907071
  109.39096780861244440 11.39993995039385055
  111.37199179576064978 11.40021160826208835
  113.35299113687324279 11.40048669527112324
  115.33396022737089481 11.40076575819237981
  117.31489365031848138 11.40104930503805214
  119.29578620354745055 11.40133780113396966
  121.27663292562954211 11.40163166563538510
  123.25742912058180423 11.40193126851739436
  125.23817038118863820 11.40223692806635825
  127.21885261083149032 11.40254890889293549
  129.19947204372374472 11.40286742048154345
  131.18002526345344450 11.40319261628480163
  133.16050921974411381 11.40352459336546254
  135.14092124335076051 11.40386339258198234
  137.12125905901430656 11.40420899930777310
  139.10152079640758416 11.40456134466808358
  141.08170499901189032 11.40492030727261152
  143.06181063087331040 11.40528571541647374
  145.04183708119660423 11.40565734971698930
  147.02178416674328787 11.40603494614905244
  149.00165213201174197 11.40641819943782309
  150.98144164718604543 11.40680676676386796
  152.96115380385276694 11.40720027173314044
  154.94079010849409883 11.40759830856193879
  156.92035247377938845 11.40800044642565325
  158.89984320768684256 11.40840623391937569
  160.87926500050056688 11.40881520357852708
  162.85862090973975569 11.40922687640841104
  164.83791434308855628 11.40964076637307834
  166.81714903940809336 11.41005638479592932
  168.79632904792282488 11.41047324462725143
  170.77545870568638975 11.41089086453699863
  172.75454261344196993 11.41130877279483258
  174.73358561000418376 11.41172651090347046
  176.71259274529850813 11.41214363695569745
  178.69156925220448784 11.41255972868995094
  180.67052051735703344 11.41297438622408578
  182.64945205106820936 11.41338723445163339
  184.62836945653833709 11.41379792508961977
  186.60727839853100818 11.41420613837163422
  188.58618457169058047 11.41461158438432832
  188.58707543177251864 12.58449861727398122
  188.58769805904876193 13.41612260330292372
  188.58918881464995820 15.43163210250611250
  188.59065392515208259 17.44701260855696745
  188.59208637402068121 19.46220640304350269
  188.59347955569893429 21.47715714277258670
  188.59482733810048671 23.49181013617207014
  188.59612411888809902 25.50611259836990996
  188.59736487497104918 27.52001388283631655
  188.59854520474249284 29.53346568791158688
  188.59966136267047432 31.54642223698828474
  188.60071028595234566 33.55884043156204655
  188.60168961303901369 35.57067997680005078
  188.60259769393417173 37.58190347969172507
  188.60343359226908433 39.59247652023432806
  188.60419707925069588 41.60236769645963761
  188.60488861967021990 43.61154864442237766
  188.60550935024937758 45.61999403454148450
  188.60606105068288230 47.62768154590935410
  188.60654610781313067 49.63459182036123707
  188.60696747344360347 51.64070839822613124
  188.60732861635938207 53.64601763776418153
  188.60763346917997296 55.65050862033540824
  188.60788637071522089 57.65417304334484072
  188.60809200453439871 59.65700510297312320
  188.60825533448826263 61.65900136863518100
  188.60838153794497885 63.66016065101644017
  188.60847593751384466 65.66048386542357207
  188.60854393203391055 67.65997389205773516
  188.60859092760097155 69.65863543468040575
  188.60862226939400443 71.65647487899757095
  188.60864317504160681 73.65350015194420052
  188.60865867024241993 75.64972058290804569
  188.60867352731864344 77.64514676779656099
  188.60869220734272744 79.63979043672321723
  188.60871880642974929 81.63366432597143785
  188.60875700673807387 83.62678205478898974
  188.60881003266453604 85.61915800747085825
  188.60888061266075511 87.61080722110597208
  188.60897094703452126 89.60174527929162025
  188.60908268203391458 91.59198821205758634
  188.60921689044431560 93.58155240218948734
  188.60937405885948692 95.57045449809528748
  188.60955408171668068 97.55871133331930878
  188.60975626211680378 99.54633985277261843
  188.60997931937944827 101.53335704571559006
  188.61022140321449569 103.51977988549754173
  188.61048011432419003 105.50562527602620833
  188.61075253118445971 107.49091000490813030
  188.61103524269231002 109.47565070316744595
  188.61132438630650654 111.45986381141531751
  188.61161569125408732 113.44356555230498884
  188.61190452632439474 115.42677190906937312
  188.61218595172618961 117.40949860989766762
  188.61245477444373364 119.39176111786809997
  188.61270560649199979 121.37357462611322489
  188.61293292544337419 123.35495405785691503
  188.61313113657547547 125.33591407092460202
  188.61329463597516565 127.31646906629654836
  188.61341787392410652 129.29663320024482687
  188.61349541789053319 131.27642039957086695
  188.61352201445748733 133.25584437944360161
  188.61349264952957583 135.23491866332651057
  188.61340260618118236 137.21365660447821710
  188.61324751953384293 139.19207140851432314
  188.61302342808500043 141.17017615652869722
  188.61272682094829634 143.14798382829116008
  188.61235468051046382 145.12550732506170448
  188.61190452006138685 147.10275949159506581
  188.61137441600723719 149.07975313694453234
  188.61076303433657131 151.05650105371898917
  188.61006965107222300 153.03301603549203946
  188.60929416650694179 155.00931089211456992
  188.60843711308856996 156.98539846273416742
  188.60749965688938801 158.96129162638013099
  188.60648359266423313 160.93700331002850135
  188.60539133257097433 162.91254649411570199
  188.60422588869499805 164.88793421552458085
  188.60299084958677440 166.86317956811637941
  188.60169035108475555 168.83829570093291750
  188.60032904175653812 170.81329581423557329
  188.59891204334877557 172.78819315359038455
  188.59744490668776962 174.76300100224170819
  188.59593356351908255 176.73773267204873605
  188.59438427481768485 178.71240149328122016
  188.59280357613275214 180.68702080359020101
  188.59119822056160842 182.66160393647990645
  188.58957511996800349 184.63616420961329823
  188.58794128507463483 186.61071491328104344
  188.58630376506800985 188.58526929935794669
  187.41381655350343749 188.58538954017731726
  186.58609176034065058 188.58548118081677103
  184.57020413353291133 188.58571397764038124
  182.55440823096174086 188.58595906435743927
  180.53875271210506526 188.58621892496563532
  178.52328561393110817 188.58649580994290318
  176.50805417745868908 188.58679170713929807
  174.49310467718095197 188.58710831685158382
  172.47848225435743075 188.58744703134453857
  170.46423075526840307 188.58780891900539700
  168.45039257560398482 188.58819471323545258
  166.43700851221626635 188.58860480610636046
  164.42411762350087656 188.58903924672898711
  162.41175709968376850 188.58949774421125767
  160.39996214427242194 188.58997967501144899
  158.38876586788305190 188.59048409443229843
  156.37819919557961157 188.59100975194411376
  154.36829078875251753 188.59155510997862848
  152.35906698243167057 188.59211836579470400
  150.35055173876537538 188.59269747598708022
  148.34276661721565915 188.59329018318615567
  146.33573076181482975 188.59389404448461391
  144.32946090561208052 188.59450646112134109
  142.32397139221035332 188.59512470895725755
  140.31927421406214762 188.59574596928882784
  138.31537906695905349 188.59636735956405573
  136.31229341992576565 188.59698596359015710
  134.31002259951179667 188.59759886085296898
  132.30856988727424550 188.59820315460365237
  130.30793662906592090 188.59879599840604669
  128.30812235458495252 188.59937462088083748
  126.30912490551281735 188.59993634842510346
  124.31094057046755097 188.60047862573003385
  122.31356422492908109 188.60099903396474019
  120.31698947425607571 188.60149530653538363
  118.32120879790920753 188.60196534237266519
  116.32621369302194125 188.60240721673832809
  114.33199481551747567 188.60281918957898029
  112.33854211705669002 188.60319971148823015
  110.34584497621418109 188.60354742736797107
  108.35389232241605839 188.60386117790577032
  106.36267275132848908 188.60413999900623594
  104.37217463056006750 188.60438311933293676
  102.38238619472633673 188.60458995613049638
  100.39329562911972005 188.60476010950651471
  98.40489114142874882 188.60489335535874034
  96.41716102115125864 188.60498963713621379
  94.43009368654668378 188.60504905662151032
  92.44367771916506626 188.60507186391868117
  90.45790188617601757 188.60505844682526799
  88.47275515089447140 188.60500931975846584
  86.48822667205880066 188.60492511239647229
  84.50430579256152441 188.60480655818406603
  82.52098201845801384 188.60465448284037393
  80.53824498918700669 188.60446979299288728
  78.55608444002439228 188.60425346504945310
  76.57449015786042423 188.60400653440660790
  74.59345193143930430 188.60373008507869486
  72.61295949722992304 188.60342523982075136
  70.63300248210686050 188.60309315080468195
  68.65357034401466763 188.60273499089748839
  66.67465231176480245 188.60235194557847649
  64.69623732507631075 188.60194520552386166
  62.71831397591945745 188.60151595987579753
  60.74087045215715364 188.60106539020648597
  58.76389448440476571 188.60059466517907367
  56.78737329694546787 188.60010493590078795
  54.81129356344811043 188.59959733195768194
  52.83564136813881618 188.59907295811470362
  50.86040217297791344 188.59853289166051127
  48.88556079129170939 188.59797818037176853
  46.91110136820591947 188.59740984106809947
  44.93700736812476748 188.59682885872641123
  42.96326156939864660 188.59623618611897200
  40.98984606622475724 188.59563274393866550
  39.01674227773003167 188.59501942137242736
  37.04393096409497588 188.59439707708099832
  35.07139224949163037 188.59376654054406686
  33.09910565152870277 188.59312861372603720
  31.12705011682366774 188.59248407301970474
  29.15520406225444461 188.59183367142293264
  27.18354542138374796 188.59117814090390652
  25.21205169549671510 188.59051819491239144
  23.24070000864767138 188.58985453099313645
  21.26946716607509202 188.58918783346081227
  19.29832971531485697 188.58851877609737357
  17.32726400932108746 188.58784802483378940
  15.35624627089103811 188.58717624038274607
  13.38525265768591765 188.58650408079006411
  11.41425932714288294 188.58583220387771462
  11.41393699624055813 187.41449007443043229
  11.41371057435943470 186.58528362844549520
  11.41316609582910324 184.57941037266442663
  11.41262633961787998 182.57353242005706306
  11.41209278279073303 180.56764680605112972
  11.41156689527070967 178.56175083801008441
  11.41105013472730434 176.55584217367336919
  11.41054394000689243 174.54991890515040609
  11.41004972310235921 172.54397964865259496
  11.40956885971607804 170.53802363984590329
  11.40910267852714099 168.53205083439985401
  11.40865244932892963 166.52606201300167754
  11.40821937025503630 164.52005888980679060
  11.40780455435870699 162.51404422302141484
  11.40740901585195566 160.50802192605971186
  11.40703365634393052 158.50199717750308537
  11.40667925144281369 156.49597652791439373
  11.40634643810059501 154.48996800143109454
  11.40603570308457826 152.48398118998593986
  11.40574737295320595 150.47802733798144459
  11.40548160589631621 148.47211941527942258
  11.40523838577152205 146.46627217645774977
  11.40501751862953661 144.46050220443294165
  11.40481863197251577 142.45482793674540289
  11.40464117693214874 140.44926967305059406
  11.40448443348956253 138.44384956264744346
  11.40434751878869335 136.43859157119834435
  11.40422939852053119 134.43352142614659783
  11.40412890127949375 132.42866654070462573
  11.40404473571734023 130.42405591666505416
  11.40397551024636691 128.41972002666386743
  11.40391975497469090 126.41569067689232497
  11.40387594549384431 124.41200085160303956
  11.40384252808474130 122.40868454107440755
  11.40381794586415154 120.40577655498417187
  11.40380066536103421 118.40331232338304801
  11.40378920299225030 116.40132768765440119
  11.40378215090022707 114.39985868398662205
  11.40377820162200351 112.39894132197238719
  11.40377617107941433 110.39861136097914596
  11.40377501941345706 108.39890408691054802
  11.40377386923148251 106.39985409190055066
  11.40377202089229769 104.40149505935417551
  11.40376896452014321 102.40385955657478689
  11.40376438851202501 100.40697883700700288
  11.40375818438176125 98.41088265387837453
  11.40375044786648218 96.41559908675490931
  11.40374147630459234 94.42115438223856927
  11.40373176237624264 92.42757280974126388
  11.40372198437592743 90.43487653297378870
  11.40371299325974519 88.44308549750152793
  11.40370579677529506 86.45221733444429901
  11.40370154103844413 84.46228728014608578
  11.40370148996706412 82.47330811141335971
  11.40370700301611251 80.48529009572570203
  11.40371951168075348 78.49824095565992366
  11.40374049524408129 76.51216584664344111
  11.40377145624387722 74.52706734706245584
  11.40381389611881069 72.54294545969709418
  11.40386929146992756 70.55979762343635286
  11.40393907133882578 68.57761873423825705
  11.40402459586140260 66.59640117434112483
  11.40412713660687771 64.61613484879693203
  11.40424785885767811 62.63680722848175719
  11.40438780602876534 60.65840339883695265
  11.40454788636666628 58.68090611370229226
  11.40472886201079561 56.70429585371419989
  11.40493134044427492 54.72855088885309982
  11.40515576830982525 52.75364734483004980
  11.40540242751985645 50.77955927309897532
  11.40567143354946111 48.80625872436594648
  11.40596273576765185 46.83371582553589718
  11.40627611963629029 44.86189886009057659
  11.40661121058773375 42.89077435192694310
  11.40696747938161693 40.92030715270328756
  11.40734424873769015 38.95046053274137421
  11.40774070104472848 36.98119627551835720
  11.40815588695468819 35.01247477575394385
  11.40858873468511980 33.04425514105814443
  11.40903805987062292 31.07649529705702918
  11.40950257582458072 29.10915209585870045
  11.40998090409425458 27.14218142766509345
  11.41047158521458726 25.17553833527743024
  11.41097308958750389 23.20917713118875270
  11.41148382843315368 21.24305151690753846
  11.41200216477673735 19.27711470411427186
  11.41252642444830201 17.31131953721961025
  11.41305490708298898 15.34561861686949058
  11.41358589711524374 13.37996442392997132
  11.41411767476239802 11.41430944348278587
  12.58572317764768300 11.41415029956402982
  13.41439060352783308 11.41403649905232953
  15.39727206783347313 11.41376251636622108
  17.38012766703707257 11.41348643418289655
  19.36294412865441572 11.41320783347102186
  21.34570845926748461 11.41292630396903895
  23.32840801180002188 11.41264144539344016
  25.31103055062485652 11.41235286875420840
  27.29356431418425899 11.41206019777336955
  29.27599807481800198 11.41176307039850357
  31.25832119550831578 11.41146114039930559
  33.24052368326649542 11.41115407903188839
  35.22259623890275293 11.41084157675255817
  37.20453030293835894 11.41052334496041709
  39.18631809743814642 11.41019911774617412
  41.16795266356095340 11.40986865362317815
  43.14942789464666362 11.40953173721584335
  45.13073856467988776 11.40918818088032793
  47.11188035199346302 11.40883782623251719
  49.09284985809808433 11.40848054555901392
  51.07364462154927764 11.40811624308796723
  53.05426312678763878 11.40774485609807698
  55.03470480791450115 11.40736635584597281
  57.01497004739137964 11.40698074829428421
  58.99506016967831101 11.40658807462522617
  60.97497742985357405 11.40618841152697094
  62.95472499728408877 11.40578187124301301
  64.93430693444349799 11.40536860137740227
  66.91372817100116777 11.40494878445175431
  68.89299447333266357 11.40452263721275195
  70.87211240962739112 11.40409040969177390
  72.85108931079481920 11.40365238402107551
  74.82993322739416442 11.40320887301360386
  76.80865288283573022 11.40276021851612498
  78.78725762312322445 11.40230678954774746
  80.76575736342621781 11.40184898023812465
  82.74416253179020941 11.40138720758167068
  84.72248401030729781 11.40092190902591085
  86.70073307408569008 11.40045353991374100
  88.67892132836661290 11.39998257080065613
  90.65706064414837329 11.39950948466917247
  92.63516309268365490 11.39903477406351584
  94.61324087922128001 11.39855893816828569
  96.59130627636666588 11.39808247985512324
  98.56937155743437984 11.39760590272160456
  98.14825649800549456 29.24432414169751127
  96.20898806016808180 31.32043024319485625
  94.26969903280148344 33.39652129487328835
  92.33037856394537357 35.47259185255548175
  90.39101603293519815 37.54863661719608103
  88.45160110895915295 39.62465046492618370
  86.51212380869050378 41.70062847648912907
  84.57257455278141833 43.77656596594274419
  82.63294422098198311 45.85245850849203464
  80.69322420562464515 47.92830196730455583
  78.75340646319037319 50.00409251914928888
  76.81348356364941310 52.07982667868870408
  74.87344873724661909 54.15550132124372595
  72.93329591838110559 56.23111370384266650
  72.24780720840675485 56.96427196427600848
  69.71360123900623762 59.67451187433294280
  67.17928272061004691 62.38466961123410215
  66.40744249419341827 63.20985974009349206
  63.32667956164726775 66.50336332374639881
  62.52940627782941618 67.35549035566928922
  60.62176989142935213 69.39417822694555582
  58.71404610608119867 71.43276813617185894
  56.80623884887988595 73.47126290644814617
  54.89835255911963685 75.50966605276246923
  52.99039215392210167 77.54798177289198691
  51.08236299158511429 79.58621493060333307
  49.17427083291350698 81.62437103096297619
  47.26612180078227254 83.66245618772143189
  45.35792233817112873 85.70047708289294519
  43.44967916489933657 87.73844091881215945
  41.54139923328055062 89.77635536310546627
  39.63308968290988332 91.81422848716545104
  37.72475779479044888 93.85206869885676895
  35.81641094500309919 95.88988467030866047
  33.90805655812269492 97.92768526175767363
  31.99970206058540256 99.96547944249438444
  33.89098278575246326 101.85020369858546019
  35.78228311010173002 103.73492546209079990
  37.67361155380621796 105.61964656183170064
  39.56497539066055680 107.50436865666108588
  41.45638044179037962 109.38909318478646071
  43.34783092498467028 111.27382132427918293
  45.23932936290425744 113.15855396575292957
  47.13087655132216724 115.04329169769444263
  49.02247158647153924 116.92803480443303954
  50.91411194858226708 118.81278327625557267
  52.80579363683375504 120.69753683073128059
  54.69751134933152059 122.58229494392044501
  56.58925870047211504 124.46705688982422089
  58.48102845835480679 126.35182178550226695
  60.37281278918133864 128.23658863950720388
  62.26460351073285437 130.12135640241518786
  64.15638518095761356 132.00612345538223735
  68.24301786715987816 129.04448245181961852
  68.34177587176056079 127.14835331835475074
  68.43990295346799257 125.25143805496001903
  68.46725945126297574 124.71520180173797598
  68.57606292529565906 122.59264770993122795
  68.68611631355011582 120.46614289236639195
  68.79709337119862766 118.34438311762960439
  68.90845071082696904 116.23447062536786234
  69.01978940540564622 114.13825848358635540
  69.13097590037146745 112.05277172080516834
  69.24209078387859506 109.97264918148425750
  69.35334230542147793 107.89257333438953879
  69.45054330800918763 106.07695622940440217
  69.56056689533841109 104.02482102792899354
  69.67085698626262058 101.97273031013057221
  69.76927745302108974 100.14828534910655833
  69.87051498229685365 98.27978051108286195
  69.97405800684965982 96.37793020267929478
  70.07919509253935075 94.45677672931054758
  70.18533755009801212 92.52770089135769638
  70.29210245166112259 90.59790626763766852
  70.39928292851436709 88.67100736099001779
  70.50678650660081814 86.74821538379241304
  70.61457931205320904 84.82941563003657848
  70.72264766904609701 82.91392040877443037
  70.83097628671120560 81.00091131140354150
  70.93953847215539099 79.08965524176059603
  71.04829412048434278 77.17957352991490438
  71.15719247400832614 75.27022069019928097
  71.26617724574731483 73.36121802059669506
  71.37519168903665445 71.45218725321649345
  73.17375611665886481 71.44749809490411963
  74.97234837469561342 71.44278210397587259
  76.77096706404037718 71.43804037835329268
  78.56961051092034154 71.43327428849276828
  80.36827679536133928 71.42848545337130872
  82.16696377816612085 71.42367571755823974
  83.96566912758103740 71.41884712818438175
  85.76439034637986936 71.41400191104347073
  87.56312479973693996 71.40914244540783784
  89.36186974397281801 71.40427123743685911
  91.16062235603811814 71.39939089229802960
  92.95937976346482401 71.39450408529827996
  94.75813907446091378 71.38961353242586938
  96.55689740785112463 71.38472196073192322
  96.11946456157353680 81.31912815829835495
  94.39043942845840718 83.58997819791576944
  92.66141428575510020 85.86082829019349560
  90.93238914551250218 88.13167841426633231
  89.20336401959657735 90.40252854913134684
  88.50140237645396724 91.32446410396890712
  86.87497584852613386 93.46056437773421521
  85.24854932625486015 95.59666465859457674
  83.62212280685987764 97.73276494373328660
  81.99569628755969575 99.86886523031472507
  83.79647923530566800 101.68197901417066475
  85.59726218312866308 103.49509279927052319
  87.39804513101748284 105.30820658549119173
  89.19882807895933752 107.12132037269599039
  90.99961102694012993 108.93443416073668573
  92.80039397494459763 110.74754794945562253
  94.60117692295676761 112.56066173868798330
  96.40195987096019792 114.37377552826421834
  98.20274281893847501 116.18688931801234787
  100.00352576687564010 118.00000310776043477
  101.80317463695844538 116.20076350096574913
  103.60282350701010046 114.40152389417403356
  105.40247237703536598 112.60228428738618334
  107.20212124703876100 110.80304468060275269
  109.00177011702447771 109.00380507382371320
  110.80141898699639569 107.20456546704866696
  112.60106785695816711 105.40532586027677553
  114.40071672691320259 103.60608625350697309
  116.20036559686491273 101.80684664673799489
  118.00001446681659445 100.00760703996851930
  116.47405546095804141 98.50503114329016796
  114.94809645509945994 97.00245524661161767
  113.42213744924092111 95.49987934993295369
  111.89617844338238228 93.99730345325428971
  106.54489143761793457 98.27016158262432555
  105.88960636456134523 99.53118848156364606
  105.23432129150475589 100.79221538050299500
  104.57903621844815234 102.05324227944234394
  103.92375114539154879 103.31426917838166446
  102.43388886377738345 103.38115417560882747
  100.94402658216321811 103.44803917283596206
  99.45416430054903856 103.51492417006306823
  97.96430201893488743 103.58180916729018861
  96.47443973732072209 103.64869416451728057
  96.57845880348222067 102.86501061398587353
  96.68247786964374768 102.08132706345446650
