Number of disks = 320
Depot = yes (node 321)
Tour length = 770.66065609846430107
Tour sequence = 321 20 19 18 16 17 15 14 48 46 49 50 51 52 53 55 54 56 57 58 59 60 179 180 178 177 176 175 174 173 172 171 170 169 168 167 166 164 165 163 162 161 160 159 158 157 155 156 153 154 152 151 150 149 148 147 146 145 144 143 142 141 140 139 138 137 136 269 270 271 272 273 274 275 276 277 278 279 280 281 282 283 284 285 286 287 288 289 290 291 292 293 294 295 296 297 298 299 300 301 302 303 304 305 306 307 308 309 310 311 312 313 314 315 316 317 318 319 320 181 182 183 184 185 186 187 188 189 190 191 192 193 194 195 196 197 198 199 200 201 202 203 204 205 206 207 208 209 210 211 212 213 214 217 216 215 218 219 220 221 222 223 224 225 226 227 228 229 230 231 232 233 234 235 236 237 238 239 240 241 242 243 244 245 246 247 248 249 251 252 250 253 254 255 256 257 258 259 260 261 262 263 264 265 266 267 268 135 134 133 132 131 130 129 128 127 126 125 124 122 123 121 120 118 119 117 116 115 114 113 112 111 110 109 108 107 106 105 104 102 103 101 100 99 98 97 96 95 94 93 92 91 90 89 88 87 86 85 84 83 82 81 80 79 78 77 76 74 75 73 72 71 70 69 68 67 66 65 64 63 62 61 21 22 23 24 25 26 27 28 29 30 31 32 33 34 35 36 37 38 39 40 41 42 43 44 45 47 13 12 11 10 9 8 7 6 5 4 2 3 1
Tour visit points:
  100.00000000000000000 100.00000000000000000
  98.01021200562736624 96.73790670813934867
  97.02086324317735944 96.72568812575367758
  96.03151448132472012 96.71346954300840082
  95.44532638309067352 97.85425143517538515
  94.85913828706979700 98.99503332749866047
  94.15545810353565059 100.36446682546541354
  93.45177792916767601 101.73390031222351126
  88.11242341510801168 106.00316225603194198
  86.58321185148983545 104.46913669940012426
  85.05400026764689869 102.93511200493921365
  83.52478872065545090 101.40108844656600695
  81.99557725871011371 99.86706616488260124
  83.59023558367944418 97.77286317448746900
  85.18489866494250862 95.67866426592391349
  86.77956792811724540 93.58447011897349910
  87.48407827637470291 92.65928688020414938
  89.21114555196534468 90.39126338736363664
  90.93821704741820611 88.12324255316462995
  92.66529195065403712 85.85522213965933247
  94.39236932436836014 83.58719981904326346
  96.11944816363427435 81.31917345032566402
  96.53202224289744038 71.92793991946386711
  96.55597538574907901 71.38376042487038831
  94.60424316835673153 71.38660150406064986
  92.65426586712614210 71.38970549442916536
  90.70669825571776812 71.39315495458782834
  88.76201899003983442 71.39701058378361154
  86.82051331302780284 71.40130933160843085
  84.88226784232691102 71.40606383986215633
  82.94717700629486501 71.41126316327888901
  81.01496007234744923 71.41687465045592376
  79.08518719953926279 71.42284680197396085
  77.15731255019558432 71.42911287369078366
  75.23071215728485583 71.43559502601529232
  73.30472374597340490 71.44220914960567370
  71.37868632408697067 71.44886991126723785
  71.32276488067380171 72.49990231302891175
  71.26693488787674369 73.54753868768464997
  71.15625372207925636 75.62212885377935834
  71.04394192756990378 77.72415530913586679
  70.93066691347850394 79.83691400336694244
  70.81785691327216625 81.93383750682913558
  70.70665853450763905 83.99680403523906591
  70.59742652532095519 86.02249761062446964
  70.48924896858120803 88.02956853925340397
  70.38112608310272833 90.03665007989437186
  70.27639634938562097 91.98080919274076450
  70.16717779705120961 94.00699935168773891
  70.06256224054426696 95.94526240226193181
  69.95770866456315673 97.88443197664174988
  69.85256599195174942 99.82478611658937950
  69.74710472933594474 101.76647671120902316
  69.64131317024300927 103.70954396732824421
  69.53519322954865345 105.65393983077775886
  69.42875672862363956 107.59955461695189172
  69.32202240597021614 109.54624241017994279
  69.21501365884788015 111.49384243947098128
  69.10775691257944686 113.44219516765345190
  69.00028048686043292 115.39115297961750173
  68.89261383700274166 117.34058604944451076
  68.78478706903807449 119.29038426729545108
  68.67683064958224293 121.24045614713601537
  68.56877524936363955 123.19072555816393333
  68.46065167161467002 125.14112703493148615
  68.35249082278338051 127.09160037701624901
  68.24432368374645819 129.04208524776657896
  64.15568238244510724 132.00606845759534735
  62.26416642648531763 130.12321429987792953
  60.37265138143300902 128.24036035294764702
  58.48113720759921108 126.35750668216100223
  56.58962385924717609 124.47465335099067829
  54.69811128560138513 122.59180042071318439
  52.80659943174610760 120.70894795007100697
  50.91508823941647677 118.82609599491138397
  49.02357764768448334 116.94324460780454444
  47.13206759354304154 115.06039383764647255
  45.24055801239219221 113.17754372925203654
  43.34904883843460510 111.29469432294530407
  41.45754000498995140 109.41184565415579755
  39.56603144474100731 107.52899775302874730
  37.67452308992672982 105.64615064405940359
  35.78301487249944302 103.76330434575992001
  33.89150672426402622 101.88045887036895465
  31.99999857701725148 99.99761422361187613
  33.95070705254248367 98.04655705559709133
  35.90129118107117989 96.09563158427481255
  37.85169067001177723 94.14490125070707904
  39.80184708539121630 92.19442753067606589
  41.75170428791990673 90.24426947558744416
  43.70120885178209846 88.29448327179744638
  45.65031046321813335 86.34512182145734016
  47.59896229598398065 84.39623434794135903
  49.54712136081635521 82.44786602887002402
  51.49474882610422810 80.50005765965681803
  53.44181030707364499 78.55284535038764204
  55.38827612093480468 76.60626025868629085
  57.33412150562176635 74.66032836102324666
  59.27932679997677212 72.71507026468802337
  61.22387758349212561 70.77050106236747240
  63.16776477402355283 68.82663023095523158
  65.11098468222593283 66.88346157586208562
  67.05353902183284731 64.94099322170920630
  68.99543487530084462 62.99921764986807915
  70.93668461476200093 61.05812178287037995
  72.87730577866825854 59.11768711525278519
  74.81732090496149112 57.17788988993357435
  76.75675732205603197 55.23870131874762279
  78.69564689936937896 53.30008784530096477
  80.63402575957270813 51.36201144785444939
  82.57193395514910605 49.42442997951474126
  84.50941511223680891 47.48729754260862279
  86.44651604508943876 45.55056489374885587
  88.38328634480117785 43.61417987577443967
  90.31977794621427336 41.67808787246857349
  92.25604467714703105 39.74223228173035238
  94.19214179424790245 37.80655500270285785
  96.12812550989377769 35.87099693224410402
  98.06405251460702743 33.93549846606961751
  99.99997949946563836 31.99999999989493560
  101.99610586424643088 33.99576943663858231
  103.99229823866312472 35.99161097615797900
  105.98858850965967804 37.98755943746809294
  107.98500745558862945 39.98364842851082557
  109.98158449293681826 41.97991006962763549
  111.97834743697788440 43.97637473224700244
  113.97532227828089901 45.97307079489295489
  115.97253297684633822 47.97002441844790610
  117.97000127546887427 49.96725934241581513
  119.96774653374349384 51.96479670373063442
  121.96578558393736103 53.96265487944425132
  123.96413260974851767 55.96084935440731556
  125.96279904876523403 57.95939261483011506
  127.96179351922717160 59.95829406837883369
  129.96112177147617217 61.95755999122883395
  131.96078666426924997 63.95719350226251265
  133.96078816591366945 65.95719456436611949
  135.96112337997374198 67.95756001255129775
  137.96178659509368458 69.95828360840293669
  139.96276935828311139 71.95935612013823857
  141.96406057081961194 73.96076542735413284
  143.96564660574350114 75.96249664934221357
  145.96751144574733416 77.96453229566461118
  147.96963684010586348 79.96685243751115024
  149.97200247914523175 81.96943489819922490
  151.97458618461928381 83.97225546103436500
  153.97736411424315861 85.97528809262180971
  155.98031097853393590 87.97850517960910111
  157.98340026802142688 89.98187777674613130
  159.98660448882483820 91.98537586407485378
  161.98989540453794689 93.98896861100382694
  163.99324428233171602 95.99262464498509928
  165.99662214116585801 97.99631232249255675
  167.99999999999997158 99.99999999999998579
  168.00000000000000000 100.00000000000000000
  168.00000000000000000 100.00000000000000000
  165.99636339916204975 102.00378428830315158
  163.99278824198142956 104.00750419402170621
  161.98930420667437602 106.01112861858652536
  159.98593994540436825 108.01462753778314152
  157.98272284943439558 110.01797224767659600
  155.97967882688419650 112.02113559734938519
  153.97683209487084355 114.02409220659167488
  151.97420498767837671 116.02681866682146961
  149.97181778245655437 118.02929372366394034
  147.96968854379173308 120.03149843978418687
  145.96783298832460218 122.03341633674266120
  143.96626437041322788 124.03503351482727624
  141.96499338965486459 126.03633875000956266
  139.96402812088925316 128.03732356737151576
  137.96337396711115275 130.03798229055360025
  135.96303363552186738 132.03831206698194478
  133.96300713675026373 134.03831286884042129
  131.96329180707567730 136.03798746996162095
  129.96388235328859651 138.03734139901536082
  127.96477091963339490 140.03638286957462356
  125.96594717609110603 142.03512268783345007
  123.96739842708161916 144.03357413893905914
  121.96910973949452739 146.03175285307719378
  119.97106408879945150 148.02967665261741104
  117.97324252183892668 150.02736538177856573
  115.97562433477290256 152.02484072041565355
  113.97818726452463522 154.02212598365417762
  111.98090769197332861 156.01924590920793889
  109.98376085505066158 158.01622643430783910
  107.73712145433593435 160.26267099281037076
  105.24095619803722457 162.75861443487755764
  102.62092687905692401 165.37930731814054752
  100.00089783559846524 168.00000020152720026
  99.99999979764611169 167.99910032477583854
  100.00000020253533251 167.99909992148417359
  97.52913127256677228 165.53346414690173560
  95.20539125519593426 163.21453868754875316
  93.01406720655535310 161.02765245072586708
  90.92573329544508454 158.94346330612683005
  88.91096370454013709 156.93262912831301037
  86.94584996613448880 154.97130943752736698
  85.01292051575423159 153.04208233975205644
  83.10022113339633165 151.13302758651158797
  81.19993560712072167 149.23635116464618022
  79.30712134168727800 147.34712450362886216
  77.41873232894778312 145.46231022668220589
  75.53292947988144590 143.58007444567471111
  73.64862084591013058 141.69932829102452843
  71.76515988916246158 139.81942703801973948
  69.88212277746796985 137.93994802288759161
  67.99908567985063712 136.06046854236794275
  72.76264203084328130 131.84888537578490286
  74.70409874088005608 131.73524966557835114
  76.64555670598673487 131.62164963405228946
  78.58702033468894399 131.50810075565328816
  80.52849393027608471 131.39461776074077193
  82.46998167394433210 131.28121459193658893
  84.41149057030625613 131.16791608617722886
  86.35303040959968257 131.05475784079879986
  88.29461197833893493 130.94177914267808660
  90.23624330383628944 130.82900814439184956
  92.17792631794094405 130.71644873428371625
  94.11965614520828183 130.60407780533509481
  96.06142340747268804 130.49185444483629226
  97.96317051930250841 130.38204909650664831
  99.97525394621931127 130.26593973261421411
  101.98776945172615171 130.14984994133112650
  104.00028562421296385 130.03379963417978615
  105.87274619058000269 129.92587392057012607
  107.74764370706212446 129.81787259834754877
  109.62562755421338068 129.70977661905195077
  111.50698270534478240 129.60158530868633875
  113.39169801500906942 129.49330966318467517
  115.27954913840416395 129.38496640834051732
  117.17017688758576810 129.27657350576149042
  119.06314942791699707 129.16814729396301686
  120.95800381189589245 129.05970113860118431
  122.85426808187088454 128.95124528664331365
  124.75146912366827223 128.84278752987881944
  126.64913341289512516 128.73433425488187254
  128.54678777391333711 128.62589147955765156
  128.54876818379776182 126.87737784808889785
  128.55072754335230911 125.12884919510159420
  128.55266060044795040 123.38029296256422640
  128.55347395712439607 122.61885467553821627
  128.55554508529195346 120.64845271131399329
  128.55757757841411149 118.67810740267108827
  128.55956674910194693 116.70783098152213597
  128.56150821079839375 114.73763461061753333
  128.56339789844054167 112.76752819831762054
  128.56523208396237123 110.79752023305137243
  128.56700738537372786 108.82761763882994899
  128.56872076757466061 106.85782565159382784
  128.57036953220674036 104.88814771458950759
  128.57195129307595494 102.91858538967299808
  128.57346393352133873 100.94913828085962848
  128.57490554308196806 98.97980396707022521
  128.57627433337952993 97.01057794326672479
  128.57756853742935732 95.04145357316268417
  128.57878630234773709 93.07242206215290992
  128.57992559185782966 91.10347246525940079
  128.58098412087633733 89.13459175051207239
  128.58195934829015528 87.16576494178502799
  128.58284855432947325 85.19697536522610903
  128.58364902461897827 83.22820501895826339
  128.58435835363999900 81.25943507629595786
  128.58497486647604546 79.29064651880842973
  128.58549814080043916 77.32182087862148023
  128.58592959334086459 75.35294105160500067
  128.58627307921705096 73.38399212722733012
  128.58653544128270596 71.41496216954732290
  127.41226591377683519 71.41615853236284295
  126.58829707631242911 71.41671975183942322
  124.65053581437702235 71.41760461827229278
  122.71308009087330504 71.41792202017163049
  120.77616966441068769 71.41756904830947406
  118.83999262772226757 71.41647594765463225
  116.90467750197646524 71.41460813258885310
  114.97028940831599186 71.41196654109971576
  113.03683035407853197 71.40858633518347176
  111.10424340435621104 71.40453404655538350
  109.17242026416315070 71.39990335196448257
  107.24121159426903205 71.39480973397760977
  105.31043924058346306 71.38938433577334308
  103.37990948121499457 71.38376734918044519
  101.44942638775262367 71.37810128310164259
  101.87251707341100371 79.29737648076347512
  103.48582768751205663 81.35656654760485651
  105.09909620475831105 83.41562564572951999
  106.71231030190094202 85.47451430767564773
  108.32546399173773466 87.53321232781026140
  109.93855758195856254 89.59171881209037736
  111.55159704560055900 91.65005046387160803
  113.16459291763212036 93.70823842436985274
  114.77755886593878643 95.76632408874215230
  116.39051010166248545 97.82435437334015660
  118.00346179348055387 99.88237691592163969
  116.20233306146251095 101.69419208202168647
  114.40120467726032416 103.50599443582760273
  112.60007651907682202 105.31778299021097212
  110.79894843035285135 107.12955777077159780
  108.99782023226281069 108.94131972738871639
  107.19669173882078894 110.75307059815933997
  105.39556277334773426 112.56481273685839994
  103.59443318490744446 114.37654891582705829
  101.79330286327061117 116.18828211658092187
  99.99217175102690192 118.00001532042918484
  98.39338559834476428 116.41680185829581262
  96.79459891194100862 114.83358842473231221
  95.19581186110730187 113.25037502936739031
  93.59702462696826331 111.66716167905632062
  91.99823739077955054 110.08394837753408524
  96.01957816058204287 106.72059884181761902
  97.48962096420679302 106.14475315709110248
  98.95966377169614248 105.56890747003846798
  100.42970658184725607 104.99306178135802270
  101.89974939337382409 104.41721609180093822
  103.36979220498463405 103.84137040212534941
  103.42305725408668593 102.45232472731868256
  103.47632230325072555 101.06327905243151122
  103.52958735246150468 99.67423337748809331
  103.58285240170218344 98.28518770251437786
  103.63611745095533934 96.89614202753645600
  103.65216651585026852 96.47761459758785918
  102.07993776644354966 96.68336995951838730
