Number of disks = 499
Depot = yes (node 500)
Tour length = 724.50797019275239563
Tour sequence = 500 475 486 186 142 485 479 476 481 466 491 291 224 275 200 282 203 287 259 212 264 254 243 292 250 260 285 208 272 273 220 241 279 253 247 227 234 484 459 461 496 460 473 210 299 240 223 289 267 297 490 230 222 295 201 290 283 329 352 245 207 397 341 251 375 371 317 370 300 373 305 455 365 306 386 388 393 312 316 380 389 337 383 327 307 377 324 391 311 398 350 345 335 364 355 318 396 349 313 374 392 336 328 363 384 310 379 376 344 340 343 330 326 331 323 357 494 339 387 334 338 308 333 381 320 346 493 358 325 394 395 332 347 274 302 399 219 271 232 378 216 359 235 361 356 303 382 304 215 360 214 319 270 321 301 314 348 367 266 294 351 265 366 342 261 288 390 233 237 309 372 368 298 315 353 236 322 239 286 202 369 246 276 229 258 242 362 296 269 277 231 226 252 354 278 385 257 249 262 256 218 268 206 211 281 293 204 209 244 263 217 205 248 284 225 238 255 213 280 221 228 471 451 464 403 420 492 440 439 452 435 433 470 438 446 448 400 453 401 408 409 417 422 404 423 427 447 414 419 418 443 429 416 445 449 442 431 405 430 428 499 413 410 441 406 421 437 426 407 425 415 444 412 432 434 424 402 411 436 497 454 483 123 156 110 174 178 195 463 495 198 144 182 122 154 114 197 187 143 166 148 181 151 127 162 108 116 136 131 184 121 102 167 20 29 65 94 68 37 15 13 82 16 35 50 36 457 7 38 81 60 80 40 18 57 43 41 89 49 64 3 10 26 9 12 79 2 86 4 28 24 75 31 21 70 90 54 48 8 46 99 14 66 56 77 42 96 45 11 61 73 32 478 91 30 84 71 85 72 47 58 17 78 23 98 76 19 69 88 27 87 33 93 5 83 74 1 95 6 55 52 53 63 67 62 22 51 92 39 44 97 59 34 25 458 474 150 191 124 119 164 137 149 111 133 172 192 161 107 126 158 125 160 118 177 168 194 467 113 199 173 134 147 171 188 165 170 128 179 129 120 105 104 103 190 141 185 132 140 145 193 175 106 112 176 138 196 117 135 157 101 152 115 169 109 163 130 155 100 180 189 498 159 153 146 139 183 482 468 488 480 462 450 469 489 472 487 465 477 456
Tour visit points:
  70.00000000000000000 40.00000000000000000
  65.34518351578884676 39.27037081067682323
  53.27107026173542437 46.65984954807400698
  48.99970198187345005 48.28893104062887431
  46.47841621948187196 49.25053858740034940
  47.52341318374698886 55.10296187401313972
  46.17614697151083902 62.97829687223944006
  46.25190751487729557 68.00052489678030554
  46.32766805799324317 73.02275292109094096
  59.29826752096553832 72.12357800908701222
  63.04111096946451198 73.09488033409979835
  69.78579842551086188 76.56721363580015804
  71.35625945997239228 77.37570613964577149
  71.95571438462380343 77.42755163343565528
  72.55496726392047435 77.47945436508037176
  73.48192386249968422 76.79128059655974425
  74.40820439297718281 76.10336863779130567
  74.94753642121322912 76.05108587958599742
  75.37993591726902309 76.00929382480403262
  75.67776962128212404 75.98053950089980901
  75.89479084527286545 75.95963804458611435
  76.11223386147116798 75.93869784815677804
  77.44358427234604392 75.82210785554492816
  77.96909827450525654 75.56308568645617640
  78.49376028907551017 75.30426465509461309
  79.01764910641890083 75.04561087417502563
  79.54099817939435013 74.78705345289178297
  80.06411181672180533 74.52850952538976514
  80.58728182565637610 74.26990882290132845
  80.82308986625525904 73.78422582039168276
  80.88357933115641174 72.81009686176331286
  79.97713658896785205 72.61010502961052282
  79.07069253096869943 72.41011181719751733
  77.84813711760483557 72.14037339732369958
  76.78302874265266098 71.89559167471556123
  75.88857664391198909 71.69002994237210658
  74.99412454442298781 71.48446821157342868
  74.09967244555977572 71.27890648160490628
  74.36183626034033978 66.33954119662161020
  74.62400007515655886 61.40017591159968902
  77.30798939475462817 61.04155933547881574
  83.86122632546153000 59.42627840532237826
  91.19617472520043577 70.71262281472870370
  89.73111812816021882 71.24622111351105502
  88.26606153112304298 71.77981941225606022
  86.80100493408713191 72.31341771096808202
  86.80100493400335893 72.31341771097366689
  87.12828094613239216 74.05434808475251884
  87.42603648941852157 75.63824599461113962
  87.42756925620452080 75.66061547371553786
  86.62892389350774636 77.08813471105909798
  86.44056354386493979 77.42481141495305508
  86.46328004438871062 77.86138749256529934
  86.48600204546154657 78.29796997678643322
  86.50873015078244066 78.73456274913682762
  86.52276682418116138 79.00410320116679941
  86.84437736777145744 79.38572823816205926
  87.16597995324102044 79.76736321430207965
  87.34134375062123468 79.97547983671893235
  87.57881513934549389 80.10078430633740254
  87.81620169960110900 80.22601054370832685
  88.05350751605050164 80.35115996321970044
  88.77155654073841617 80.72981104297380739
  89.48959780102246953 81.10843486197629204
  90.21133873185939933 81.48899645369142775
  90.92613967790256879 81.86589612339223265
  91.27262335578947727 81.89160877031382313
  91.61911239607252355 81.91732302164095358
  91.96560326251757544 81.94303787404835759
  93.53021741889939733 82.92807552918898750
  94.56895068940195870 82.82237971252484954
  95.60768402383772013 82.71668395619165892
  96.64641734088722558 82.61098825098717668
  97.84227169571015281 82.48930481153097105
  97.84962247484061493 82.88348345682648244
  97.86341634815480006 83.62316542269678621
  97.87721024924520918 84.36284738296605212
  97.89100417459746950 85.10252933990595636
  97.90479811906911323 85.84221129520108207
  97.91859207641897456 86.58189325010938830
  97.93238603982055679 87.32157520576288334
  97.94618000236700084 88.06125716348823573
  96.54987257278824586 89.41322697849092549
  96.45912878640869792 89.85078679291179071
  96.42974211522587780 89.99248680155132263
  96.44936247041286492 90.68624256102098968
  96.45646446823958797 90.93733900651393753
  96.46356732837701031 91.18843914309374554
  96.47067117353878984 91.43954457174876893
  96.47777608594473975 91.69065663820317980
  96.48488210526043929 91.94177639077365427
  96.49198922813339152 92.19290455035309151
  96.67998517793444080 92.98604034334465496
  96.86797228116316205 93.77919702278705927
  97.05594625444894064 94.57237941290904359
  97.24390347545207192 95.36559118358998433
  97.43184109628913347 96.15883475170888062
  97.61975712355501855 96.95211123322719970
  96.77932332787533198 97.10246368537100636
  95.93891491522629167 97.25290491745805355
  95.09855301471156963 97.40345671906459302
  94.53649016042999165 97.50428174362930633
  94.15650924505500541 97.57257781047816536
  93.77664790254047489 97.64098358290090118
  93.39689089084426143 97.70949441531347190
  93.01721954871601383 97.77810181859250349
  92.63761264220596559 97.84679392930756592
  92.25804727765549273 97.91555609066905674
  91.87849984362897260 97.98437151881556417
  91.65090796538528650 98.02567821097611045
  91.52097908673167126 98.04929234527830317
  90.46726480162787709 96.46396414294406441
  90.21154334184558365 96.07922171907077313
  88.87284090981484042 95.58485574524294748
  88.56100074759315532 95.54929423331141436
  87.98537535822276823 95.73666292060215710
  87.40975574524362912 95.92403113629021050
  86.83414311956664733 96.11139879168923983
  86.28260222475257990 96.29093266277867258
  85.35761099954693520 96.59203132115501944
  84.60099657494147607 96.83832231722362849
  83.84438244836557885 97.08461439774916357
  83.08776862375050598 97.33090711849712307
  82.33115507270929356 97.57720001452643999
  82.30402024025462993 97.34525812826305469
  82.27688550084414487 97.11331626208594514
  82.24975075682456804 96.88137429880649165
  82.31315936491260743 93.94610108454541830
  82.33163115312665070 93.09104560595690714
  82.89350629855111663 92.74549112242198134
  83.44520117372823620 92.40619562830467260
  83.99688443694520856 92.06690526765792981
  84.54855153485260644 91.72762294874999611
  85.10019952986958458 91.38835072562503115
  85.15085533306947241 91.36567302282890068
  85.54117502580669452 91.19094366686265118
  85.93149877819166704 91.01622799261356533
  86.32182846858708558 90.84152883522631328
  86.71216522516947123 90.66684717201205501
  87.05821624902556266 90.51200388201704072
  87.40426424544990880 90.35717908336312121
  87.75030560278976566 90.20237026845822470
  88.09633788800107368 90.04757351959104028
  88.44235981617924836 89.89278410600579150
  88.76636606837546140 89.55117148044057274
  89.45176612513516545 88.82852498473454261
  90.54910034418735165 87.67155847859088169
  90.84640925766801445 87.08463254354619210
  90.23034669751623937 86.72743725462392206
  89.61428347811768447 86.37024317833677856
  88.99821935904108727 86.01305034758217971
  88.38215424375280804 85.65585863390008114
  88.21333389812377845 85.55797884009074039
  88.04448352977145476 85.46008271907324172
  87.87589413667882354 85.37427201184199532
  87.70732532665060432 85.28846051930011640
  87.53879541535889075 85.20265519084381367
  87.34613524117536087 85.23310153508376175
  87.15350658222217817 85.26356631774736172
  86.96090032806375802 85.29405147514192720
  86.81406698047800319 85.31731310835739635
  86.66725121477338689 85.34058827909782963
  86.50616376607278823 85.36613551717174175
  86.34503483207144825 85.39169172926096962
  85.98192045218785040 85.49169734868500825
  85.61879260877599052 85.59170552191478976
  85.25566608242333189 85.69171296149161776
  84.56893232596283383 86.32855164664050562
  84.28224227131657642 86.47705586444030246
  83.99555125917689224 86.62556132950464871
  83.70885929537739401 86.77406819117392445
  83.42216649841591902 86.92257641683445968
  83.13547307143846865 87.07108581748947529
  82.84877926758217370 87.21959608866991687
  82.69643985788712826 87.29850994853028112
  82.54410124268318327 87.37742370979894702
  82.00113151023654723 87.24970058519598126
  81.55794104399072353 87.14544860238153490
  81.55794103623703961 87.14544860043126562
  81.52873849315304255 86.74119829937404802
  81.49953594998301298 86.33694799824745303
  81.47033340675588420 85.93269769709883121
  81.44113086350215269 85.52844739597415469
  81.41192832025208759 85.12419709491555864
  81.36636392436059850 83.94881384925638201
  81.52232677259115690 83.25596731984845178
  81.67828962082165845 82.56312079044059260
  81.79652865036467801 82.03785786924548518
  81.91476767990768337 81.51259494805039196
  82.03300670945070294 80.98733202685529875
  82.03300670945070294 80.98733202685529875
  81.62284727103788384 80.87210654969878476
  81.21289178337779902 80.75689753043121755
  80.80293366461430082 80.64168882311409448
  80.39277846036114283 80.52646501322986694
  79.98244197946185352 80.41122712015452123
  79.57206636324933413 80.29598613529437046
  78.88888972427162116 80.37565805226074644
  78.20554230672357221 80.45537242293592328
  77.52216628099813533 80.53509633344080498
  77.29214871742418325 80.66914018380830953
  77.06636781690720284 80.80076917024901206
  76.84358520272456872 80.93073613480869710
  76.62169935408820720 81.06027883629221265
  76.39885934411684332 81.19046491899118223
  76.03089787040167380 81.47382964894150348
  75.66336544425931265 81.75604966680836583
  75.29634314742818901 82.03706649541730656
  74.92968229142969960 82.31718508401358747
  74.56318515819667425 82.59684670685243191
  75.62213646083772289 87.09528082140617755
  75.70968520396830570 87.46658879766792438
  75.79731676026204923 87.83782423314106325
  74.98027493795919440 87.52652826286218612
  74.16331132768894463 87.21517445585152473
  73.34642078861541847 86.90377595022469848
  72.52959805175875374 86.59234800638617457
  71.71283753278976292 86.28090693098101838
  70.89613218903815550 85.96946894734495004
  70.38396354574361169 85.77415539059491323
  68.86722682054772804 86.06312198750875098
  39.83926810116398087 91.59348881077347926
  30.40535356279469781 94.73124689144449917
  25.63858913124766303 87.49584274757756930
  21.09976121317293263 88.58543174967702782
  20.41191169973584607 88.75055661504066506
  19.72406219001770822 88.91568149428204038
  19.03621267909306525 89.08080638309949961
  18.58729836704219096 89.18857258484672457
  17.12106654008845652 95.65435387091295638
  12.30677629904401016 91.23200554796628126
  10.17471778905847302 90.61929186399905234
  8.43945885845574750 90.12061094738598399
  6.70419992787004304 89.62193003077081244
  4.96894099729362715 89.12324911415669249
  4.13716399956337622 89.16737051774020983
  3.30538700184376966 89.21149192133108841
  2.47361000413239385 89.25561332492982558
  2.47985763146738369 88.42710819675875200
  2.48610525881972633 87.59860306861634172
  2.49266773349601189 86.72834567298005481
  2.34380603951105160 85.96112628063937677
  2.19494434541172678 85.19390688873187401
  2.04608265117020061 84.42668749726344402
  1.89722095678389469 83.65946810617381857
  1.82950513617929622 83.31046703693039035
  2.04329212582719455 83.29702863806016921
  2.25707911614261558 83.28359023931270144
  2.47086610738398171 83.27015184063678532
  3.14705558453815426 83.41927709925177226
  3.82324505209732823 83.56840235476120426
  4.49943450664937483 83.71752760616462297
  7.34784267363823673 84.90335054208969723
  7.55256580168270997 84.94748282292161434
  7.75728883925818558 84.99161489590385088
  7.96201194843238014 85.03574675747471190
  8.78124866514634306 85.21234807779818254
  9.60048610609188913 85.38894914507072542
  10.41972444561125855 85.56554998037196924
  11.23896374138215926 85.74215062771352791
  11.48597759369718752 85.57298366425519021
  11.73299281115964376 85.40381662957054232
  12.32555533255177238 84.99800447055602604
  12.91811886336972748 84.59219276473355364
  13.51068307699609328 84.18638166653698818
  14.10324760607359451 83.78057124323780158
  14.29108467774923241 83.65193410551812292
  14.47892277480428547 83.52329678092795007
  14.66676202965688525 83.39465892270794711
  15.09654915460410507 83.27880920442572688
  15.52633569699157157 83.16295925013390899
  15.85526460058259701 83.07429532201929590
  16.18419314304147250 82.98563116463789413
  16.51312148859019757 82.89696682401891792
  16.84204980555911746 82.80830236343629736
  16.93862917039015059 82.78226877379583470
  17.31063393518039817 82.49247360774718629
  17.68263880481098838 82.20267841258579722
  18.05464364558736534 81.91288326071041581
  22.00188829275564473 67.47754460736571502
  23.13024549365360016 62.07033528878680784
  23.86086503619405264 58.56912769635670202
  22.58363743762530973 50.34903795708414975
  22.34335705561112917 49.57223309059052951
  22.10307667359695571 48.79542822409690928
  22.97136325076040819 48.09323553962104114
  23.83964982792386778 47.39104285514517301
  24.16587358981933420 47.02293777525459717
  25.17075539495306913 45.88904705248783955
  25.30535131116815961 43.80369989637586770
  23.87655071984428190 40.32866317881606477
  22.44775012852041485 36.85362646125627606
  22.46138878560293506 36.06360240889203084
  22.47502744268548369 35.27357835652779272
  22.48866609976806075 34.48355430416356171
  22.50230475685066267 33.69353025179932359
  22.51594341393328591 32.90350619943507837
  22.52958207101591626 32.11348214707083315
  22.54322072809855371 31.32345809470656306
  22.65225605723492563 30.96588526915644479
  22.92543105335137810 30.07002925620457390
  23.19860604946782701 29.17417324325270300
  23.66920982149838082 28.17814221050165457
  24.13981359352893108 27.18211117775060615
  24.61041736555947779 26.18608014499956127
  24.53691618791116369 25.60281528822610753
  24.46341501026284959 25.01955043145265734
  24.38991383261453549 24.43628557467921070
  22.99666213231104805 23.90036119115488233
  22.00200542048056107 23.84115255141658452
  21.00734870865007409 23.78194391167828314
  20.37873096558156760 23.16694819498281532
  19.75011322251300427 22.55195247828730842
  17.79751819115959677 21.35260899095921161
  15.84492315980626209 20.15326550363088742
  14.06497232556411880 19.05996535355628652
  14.07582760408609346 18.84860817284804568
  14.08668288260773593 18.63725099214042302
  14.62043597774067294 18.23307567735210810
  15.15418907288225903 17.82890036255821897
  15.68794216803405561 17.42472504775756903
  16.49456510261081021 16.96183479664764704
  17.30118803717494913 16.49894454552623912
  18.10781097172012366 16.03605429439425478
  18.51938032236657250 15.79987028333369459
  18.73638427298577724 15.65155341643545128
  20.15478609977083480 14.68211062886528140
  19.31866972709685726 13.87274602497129194
  18.48255335364421370 13.06338142302396044
  17.91935756769166588 12.51820524255007427
  17.35616179218913047 11.97302907434126595
  16.79296602926399018 11.42785291969690142
  16.38201721885886286 10.93363399748655063
  15.97106844020478533 10.43941508747503022
  15.56011969362945990 9.94519618610791412
  15.14917097429688297 9.45097728901973078
  14.69141169611367204 9.74151841825437259
  14.23365248672141092 10.03205954022003432
  13.77589334809690236 10.32260065160952678
  13.31813427165462649 10.61314175113149716
  12.85655893175624342 10.90610506291808512
  12.55036648342940175 11.10044637796133493
  11.77807808334375217 11.23059425806085443
  11.00578975841603580 11.36074208122093054
  10.23350151615886894 11.49088983390782914
  9.46121335874224201 11.62103750756453202
  8.95201460776152302 13.72146929370877366
  8.43579316301755533 15.85087181197094708
  7.91957265433705437 17.98027354023461655
  7.64715079855626279 17.99909730722480106
  6.79066324558090706 18.05827691214861019
  6.14092580342050631 18.10316862902852364
  5.49118792530863065 18.14805768979101686
  4.84144917185570289 18.19294394347734922
  4.19170916436419994 18.23782739308759915
  3.54196760053036153 18.28270818401237108
  2.89222426558378709 18.32758658551332331
  2.24247903851554131 18.37246296695914793
  2.31737779193052784 17.81824953616450102
  2.39227264874682444 17.26403419430305419
  2.50502169086266591 16.42966229679444368
  2.61776469532999423 15.59529006133488416
  2.73050103577763847 14.76091826555779285
  2.84323040327144794 13.92654763525478323
  2.95595280468491417 13.09217881416794249
  3.02385573954124931 12.58951553288799019
  3.09175187567125986 12.08685985966338983
  3.15964173355003464 11.58421407712343587
  3.22752608229850857 11.08157994239924093
  3.48869272117202023 9.14783084145170733
  3.53688271313311153 8.47676496943168800
  3.56616855602787242 8.06894771521188936
  3.59545441331119964 7.66113047651908730
  3.62474027022549583 7.25331326898349626
  3.61222281559648861 6.99273813795699617
  3.59970536023601273 6.73216300472411167
  3.35913626839108570 6.37460245964401206
  3.11856717604968026 6.01704191299337854
  2.87799808335617024 5.65948136517738032
  2.63742899046382018 5.30192081663367443
  2.39685989752783568 4.94436026781226001
  2.54380517528851247 4.43438227133069507
  2.69075045300154825 3.92440427464869979
  2.83769573066801151 3.41442627781601393
  2.98464100829087098 2.90444828088665608
  3.13158628587479004 2.39447028391645489
  3.27853156342586916 1.88449228696061266
  4.44753148374836460 2.47225422549094898
  5.61653140405632811 3.06001616403032584
  6.78553132435944661 3.64777810257563040
  7.95453124466720052 4.23554004112363014
  8.92253476990842742 4.88020811885790717
  9.89053829514975646 5.52487619659216289
  10.11501131870945791 5.18353751849927313
  10.33948434226924462 4.84219884040636650
  10.56395736582909883 4.50086016231344566
  10.78843038938900989 4.15952148422051415
  11.01290341294895470 3.81818280612757466
  11.23737643650891904 3.47684412803463117
  11.46184946006888339 3.13550544994168812
  11.46184946006888339 3.13550544994168767
  11.77679152408381213 2.96480200905087354
  11.87722406545336540 2.91036596771991940
  11.97765645593221073 2.85592995228660351
  12.07808868109017553 2.80149398248957082
  13.12155950781870928 2.75765874342803174
  14.16502951256168430 2.71382367943916281
  15.65889031421803423 2.65106834116499801
  17.15275097206673394 2.58831316584136939
  17.43962285686762925 2.57626217574886018
  17.72649483298813067 2.56421126987604131
  17.84577379974965794 5.63169551993162187
  18.78084091424279123 6.16670531458086568
  19.71590802451315128 6.70171510722688613
  27.10138510076688689 9.53399154418230665
  28.78747645471348449 17.06286246969702347
  28.86821174032275650 18.66746898621573791
  28.94894702701975575 20.27207550290594895
  29.02968231500385343 21.87668201961352565
  29.04393183247804799 22.15988986290350482
  29.16982195199604178 22.59119586648143496
  29.29571206041156373 23.02250185575332253
  30.68347809861597852 23.84465308019881746
  32.24885218255536046 23.57031469483462871
  33.88706010958405557 23.76973165980849245
  35.52526927179394534 23.96914503765962223
  35.99835623806902873 24.02672868593723265
  36.47144306619575360 24.08430945346554708
  36.94452920042875377 24.14188827455726027
  35.93066708991063507 25.19842834794769360
  34.46542532443076823 26.72534726726640741
  33.49955698167362073 27.73187168841045036
  32.53368886835372820 28.73839585701943022
  31.58583941745357748 29.84062915021502249
  30.63799010473544726 30.94286229204287864
  29.69014086090094651 32.04509535891742189
  28.74229161671560107 33.14732842702799331
  28.76593624583795972 33.29661424626576149
  28.78958087472610572 33.44590006508830982
  29.77545052829998085 34.27748926980547139
  30.53417220890976935 34.91747728295038655
  32.82037417981242555 35.63668552107093745
  35.10657616197025277 36.35589373189133511
  36.31727382114782188 36.73676280180442433
  35.83261608246440488 37.50311697997533145
  35.06876446174580764 38.71094005162120766
  34.30491274873624263 39.91876306940530839
  33.54106094794912707 41.12658602552025400
  32.77720907398585837 42.33440892169835479
  32.01335714853572512 43.54223176757925984
  31.24950519689661022 44.75005457822071975
  30.48565324447932312 45.95787737123823291
  31.54571898617439629 47.34606587547168033
  32.57242438227931558 46.83462647708232396
  34.51506431389638152 45.86692668737636325
  36.45770424705321489 44.89922689790245158
  38.40034418057364007 43.93152710828049123
  39.65155046561641683 43.52904992563414055
  44.07726119310689938 42.10542569509186706
  43.75558872099649221 40.61638000333490339
  43.43391624887324554 39.12733431172803478
  43.61629475446886772 38.67531459127993543
  43.79867326016571383 38.22329487086296496
  43.91376318530918610 37.93804790305224373
  44.02885311055478468 37.65280093512652115
  44.93450015098114392 37.15555289116963422
  45.84014719152705197 36.65830484706956582
  45.86937433775217698 36.57088655580119507
  46.39377046587686948 35.00241958626058647
  46.99073988826329185 34.01484634286173758
  47.58770931064970711 33.02727309946172340
  46.93881890035395799 32.03443764901523849
  45.23704965286283652 31.68951587263685710
  43.13411117652234594 31.26328342311818531
  42.16052381984444963 31.06595262693658910
  42.69865323189925022 29.62974979105397111
  43.23678264395405080 28.19354695517134957
  46.83900332914927844 26.67221233711919481
  46.95069517786826196 26.59816511332940436
  47.06238702658723838 26.52411788953961747
  47.77072035442068199 26.05452125338921121
  47.77072035442068199 26.05452125338921121
  47.61407184418771266 24.64457179761316041
  47.45742333395474333 23.23462234183710606
  45.94260783028072126 21.57265739647954916
  44.56019367567475342 20.46230519079597343
  43.17777952106877848 19.35195298511239415
  44.47642513653686791 10.69727633084096574
  52.74641060147931171 10.36960135469315780
  58.99899007404318496 9.55859397121650822
  73.64071065103532021 7.65945081808302941
  84.63445567995296415 5.95579983124663848
  92.87018536543773450 10.66271173824779694
  95.71661477919940353 23.03081131423786942
  94.51606157105966588 24.03662906025503077
  94.07399089076365328 24.97229558038673147
  98.08208022362065037 50.43699738166233715
  91.27345592677215791 47.14707485170399792
  84.46483162992367966 43.85715232174565870
  77.65620733307518719 40.56722979178733368
