Number of disks = 100
Depot = yes (node 101)
Tour length = 307.33687306521022720
Tour sequence = 101 8 7 9 28 29 32 23 33 27 26 25 30 31 34 24 11 13 75 74 68 71 61 62 69 70 65 64 66 76 72 67 63 60 73 59 12 17 20 18 22 16 15 21 19 43 36 41 38 35 39 48 46 42 45 47 40 37 100 91 87 44 99 94 2 97 98 92 89 1 4 93 96 90 88 78 95 79 3 82 80 81 86 77 84 83 85 14 53 57 49 51 50 56 55 54 52 58 6 10 5
Tour visit points:
  50.00000000000000000 10.00000000000000000
  48.26260740187678522 10.42718970557672442
  45.76262445801656753 11.04188495889881594
  43.26264139073472847 11.65658024628785405
  38.69326005296919391 13.05771390013726752
  34.12387832622879102 14.45884736030905593
  29.55449608331653977 15.85998048125095039
  24.98511327189387998 17.26111317381700871
  24.04919494848443051 17.54809798466621729
  23.72345603477858944 17.72744697436668559
  23.39771755435168998 17.90679635739052245
  22.70434647367298098 18.28856203633636923
  22.30641116001512003 19.50732239895198816
  21.21130916132115729 22.86130290373462515
  20.95833291132053589 25.15875461576123584
  20.63957506349477811 28.05359761393860651
  19.29802616664457915 40.23704159494867838
  10.47853733315309910 47.53172684809982940
  13.34111314592479935 51.12935663524740448
  16.20368686754907017 54.72690087909335688
  17.50031743142150731 56.35650096152657795
  17.65140904116168841 56.54639845382200747
  17.80249409199572241 56.73624385206981202
  17.19257277472520329 58.09784376567977660
  16.38012668564019947 59.91371454784122363
  15.46604948337364860 61.95833995699594254
  14.55150226635868194 64.00502646777367488
  14.52834348495868433 64.80211319986086949
  14.50477031908377334 65.59921229915227059
  14.48097167385768103 66.39538992957362495
  14.88226093977119824 67.11246100174152218
  16.02678735600944293 69.15746724249498811
  17.17130779571787258 71.20248026499818650
  18.31579574678792000 73.24754281188945981
  19.46025080053954071 75.29265680345778833
  22.51323564904208041 80.74833775768601640
  25.56619801230748124 86.20400038979109070
  26.80048609948286042 86.59507183861447288
  28.03475589069189766 86.98612463125994054
  29.26901314040559754 87.37716134635259380
  30.50326458954103259 87.76818558876648524
  31.73751717038282649 88.15920162404904659
  32.97177723520685788 88.55021400125806963
  35.09172827719508092 82.82672749646221177
  37.21168362147968622 77.10324120689774929
  45.71661440361162931 54.14150531162883340
  45.71661440361162931 54.14150531162883340
  46.46883992337728841 55.04711484334178806
  47.22107031828191026 55.95271692380570272
  47.97330824040247421 56.85830631927174039
  48.72555621191620645 57.76387657492732330
  49.47781630277989962 58.66942077648313614
  50.23008997063588765 59.57493240360778941
  50.98237809258160524 60.48040591395318444
  51.73468086168041680 61.38583771244690013
  53.59297840301333338 63.62232039560974073
  55.45104904172233518 65.85845894501225928
  57.30870503701573426 68.09401987341117035
  59.16571929139810493 70.32871943293372397
  61.02186085440217767 72.56226841508161840
  61.56382712839936033 73.21432897634761616
  62.10555680017571945 73.86600054668716098
  62.64736389659608307 74.51766210396939982
  64.07191465698460320 76.23095290826590542
  65.49653096765177906 77.94423951714480836
  66.92120099578042414 79.65752536830126473
  68.34590976447000799 81.37081373140813412
  69.77064054627247458 83.08410745029662792
  75.34202101466800627 80.73008307010286444
  76.25531764971843529 78.93567343171790185
  77.16860301068321348 77.14126855823617746
  78.08187628483779008 75.34686619573486155
  78.99513686326319828 73.55246350645164455
  79.90838391445461752 71.75805694066178830
  80.82161633060482586 69.96364246750174232
  81.73483298422735288 68.16921604113014155
  82.13118070395879045 67.39036705745283484
  82.52751327034852125 66.61150278605667552
  82.92383205705270655 65.83262278440054160
  83.68930644572068900 64.32820999102168003
  84.45477291086035621 62.82378450882522003
  85.22023452038294522 61.31934800821692022
  85.84806757776176767 60.08539140452606375
  85.89193802532844302 59.99915267102900174
  85.93581329019023940 59.91288996099243036
  85.97969266893264262 59.82660532218896066
  86.02357537122763631 59.74030130930309923
  83.67896161278224554 41.89128627866300292
  86.53898183969921831 21.06160607731008128
  86.73146228374382360 19.65977073489383287
  86.92394409280899481 18.25793626904875211
  87.11642731881535440 16.85610276323656720
  87.30891197240421775 15.45427030000496771
  87.50139801504933246 14.05243895402775500
  87.69388534172644256 12.65060875991970590
  87.88637377011346530 11.24877968062910050
  88.07886304467700711 9.84695159328086334
  87.43134597015465204 9.83282650041978989
  54.52421209879168629 9.11498239782341102
  53.01650960888866138 9.40991623986185211
  51.50825480444433424 9.70495811993092516
