Number of disks = 200
Depot = yes (node 201)
Tour length = 246.68300623971802565
Tour sequence = 201 95 35 167 52 6 180 26 110 61 60 194 174 80 25 160 121 124 79 63 118 62 109 76 113 130 137 175 164 73 149 159 92 15 172 67 13 48 31 142 40 2 29 120 101 88 74 56 143 97 33 161 46 169 188 133 54 93 102 127 32 22 153 72 45 65 151 23 18 147 184 165 189 81 195 90 136 9 36 135 198 87 185 75 94 173 44 37 200 179 100 119 1 156 146 10 108 28 89 132 55 186 64 104 5 77 139 69 131 154 7 42 91 158 125 39 98 176 145 16 96 19 148 155 99 14 187 114 196 17 171 128 163 41 115 178 144 59 152 126 86 123 107 190 58 166 199 182 181 8 140 11 27 197 53 117 177 170 57 49 38 30 168 21 85 68 24 157 3 66 193 4 106 112 78 34 122 116 70 43 111 82 105 103 12 71 192 162 51 183 20 134 129 141 84 47 191 138 150 83 50
Tour visit points:
  19.55349999999999966 32.61569999999999681
  19.19404882228502984 31.40301313826196861
  18.83459764458657659 30.19032627652255485
  18.47514646691254825 28.97763941478108762
  18.11569528927049078 27.76495255303694520
  17.75624411166754157 26.55226569128954850
  17.39679293411031580 25.33957882953835394
  17.03734175660487793 24.12689196778286771
  16.67789057915666362 22.91420510602265992
  16.51892699175503765 22.37790680987574632
  16.35996340441118235 21.84160851371611045
  16.20099981712442627 21.30531021754001131
  16.04203622989348688 20.76901192134391749
  15.88307264271649544 20.23271362512456406
  15.72410905559101302 19.69641532887896673
  15.56514546851407133 19.16011703260445742
  15.40618188148207857 18.62381873629885476
  15.24721829449076438 18.08752043996059911
  15.08825470609886388 17.55122214519418833
  14.92929111294996325 17.01492385574470134
  18.41052286695618889 17.63801710209654772
  21.39722125666673591 18.17259561901174081
  23.82914889248063517 18.60790485408321970
  26.17470936215408273 19.02789677263584878
  27.80306055874273241 19.31973744231145673
  28.71146074906466694 19.48284072132381795
  29.59091853395804961 19.64098688852795860
  30.47292750695369534 19.79968430979428362
  31.50369714432940071 20.05997264917757406
  32.53656590165032014 20.32068458337960948
  33.57007847978641024 20.58149097171356701
  34.60288617436107472 20.84209347147458047
  35.26719408700831337 21.05934713856036922
  35.89829200496305361 21.26580548397723902
  36.48360813982986173 21.45736046653382445
  37.08157330964692022 21.65328886779894901
  37.68580142986714066 21.85144623077630754
  38.28996647680920518 22.04964687926962341
  38.76649371743671679 22.20594194696917256
  38.99501361170477054 22.28082451864773361
  39.04153886537360307 22.29599036678489909
  39.39525303939388579 22.41226721854440740
  40.04266555775414815 22.62526026291155290
  40.87625122476605810 22.89966558236970684
  41.81947949264848319 23.21036519505130968
  42.83511359851416955 23.54514935046827517
  43.90907730727623459 23.89940840869642358
  45.03589068572540555 24.27134239917126735
  46.21023656012735614 24.65918800704068659
  47.42349192537596991 25.06007964148419020
  48.66368893858632561 25.47004025621297885
  49.91719039644413414 25.88453704902110530
  51.17036749709517096 26.29903713779822638
  52.70967443728616075 25.75479187620444677
  54.24860855546845784 25.21052982567985623
  55.78716165980103625 24.66624348941945755
  57.32533613879126477 24.12192745081908640
  58.86314451060149366 23.57757839401896049
  60.40060882563738431 23.03319494645357324
  61.93775995724541161 22.48877739244410634
  63.47463676335446081 21.94432731283980331
  65.01128508182577548 21.39984720306150834
  66.10270615280786899 21.01302944666079853
  67.19393139195473452 20.62620449461322636
  68.28498449395492287 20.23938376373821058
  69.52253106921082804 20.61101394701738698
  70.75995391627007791 20.98266180288912253
  71.99728133831260379 21.35433357607598737
  73.23454331849434595 21.72603508878406231
  74.47177070652247721 22.09777166574247786
  75.70899440501305833 22.46954806155357431
  76.63770998465641071 22.74865716209282596
  77.56643131747499353 23.02780087210663851
  78.49516320424292815 23.30697623929709295
  79.42391048723467861 23.58618023575056455
  80.35267803411687737 23.86540986558805955
  80.66021946939243037 23.95788888350677937
  80.96777807832205553 24.05038984476830066
  81.27535245330486191 24.14291108640901129
  81.58294129697506492 24.23545109283712407
  81.89054342955978427 24.32800850683776872
  82.19815779151670654 24.42058213438150815
  82.50578344190815017 24.51317094374636341
  82.81341955295997082 24.60577405944981777
  83.12106540124010223 24.69839075146666474
  83.06563940469477814 26.32853630162759728
  83.01022432599650358 27.95868256580078892
  82.95482084772487497 29.58882346142454267
  82.89942968900700748 31.21895317462495001
  82.84405158601026642 32.84906618441645065
  82.78868727231318303 34.47915728455841133
  82.73333745952066920 36.10922160295470462
  82.67800281844922949 37.73925461834674877
  82.62268396117335101 39.36925217393313403
  82.56738142419483495 40.99921048745579100
  82.51209565297081383 42.62912615723066523
  82.45682698801401500 44.25899616357538235
  82.40157565275649176 45.88881786510214766
  82.34634174334817658 47.51858898940618303
  82.27142806286371979 49.72950609262944255
  82.19653131259727274 51.94037722173304417
  82.12165101138243983 54.15120525033999144
  82.04678651452890392 56.36199342548243862
  81.97193701118450804 58.57274535467427512
  81.89710152445363178 60.78346498758341454
  81.82227891431136868 62.99415659249473975
  81.74746788331489711 65.20482472781280592
  81.67266698507307865 67.41547420891799902
  81.59787463539007035 69.62611007076122860
  80.27266707697317827 70.32203302850459181
  78.94745653828493914 71.01794571238984588
  77.62223752264053189 71.71384999062645704
  76.29700485407455801 72.40974781334082877
  74.97175377133781637 73.10564117603216516
  73.64648000948409390 73.80153208377168994
  72.32117986760943040 74.49742251683503014
  70.99585026172863422 75.19331439837476694
  69.67048876221200260 75.88920956464497181
  68.34509361563918617 76.58510973819269907
  67.01966375134331599 77.28101650433133329
  65.69419877329775659 77.97693129111614496
  64.36869893832792400 78.67285535295468435
  64.01119062845612007 78.68597618243141767
  63.65367219308026847 78.69910686890440843
  63.29615609527088793 78.71224742833366861
  62.93865456858634388 78.72539769789506181
  62.58117940484967789 78.73855734381147897
  62.22374175391588835 78.75172587241723932
  61.86635193939411437 78.76490264413597231
  61.50901929389520717 78.77808689000244158
  60.77751818942188322 78.55428931705412765
  60.04609643048546985 78.33049940162032954
  59.31476304843592828 78.10671705736997694
  58.58352557229213176 77.88294208769968918
  57.85238996120288846 77.65917419297221613
  57.12136056167282305 77.43541297828144820
  56.39044008927894680 77.21165796164467565
  55.65962963424308185 76.98790858258419689
  54.92892868986786681 76.76416421110828026
  54.19833520250578118 76.54042415713047376
  53.46784564142762974 76.31668768037702932
  52.73745508670475601 76.09295400082437766
  51.54496588404131074 76.38577457872601428
  50.35236807755907762 76.67866996872469088
  49.15956658228438414 76.97167292692603269
  47.96647430714958915 77.26481334824251235
  46.77301302972600894 77.55811794605124021
  45.57911374823751771 77.85161007220949614
  44.38471663472745377 78.14530964830005644
  43.18977073466979988 78.43923317370021664
  41.99423355890228748 78.73339377586358978
  40.16175458264396525 79.18436754625597018
  38.32913456287226950 79.63547171824293969
  36.49659837384237449 80.08665090675297904
  34.89093711655890928 80.48206662981847614
  33.28523782849251944 80.87758313497833740
  31.67944215182666312 81.27321064126672923
  30.07349467320931780 81.66895737231860153
  28.46734369708478596 82.06482945396727757
  26.86094190168411799 82.46083085977092253
  25.25424688560117659 82.85696340078089861
  23.64722161517742549 83.25322675494103919
  22.91696070758736070 83.43334023364198515
  22.18674035598897021 83.61348240000494059
  22.08754930014137230 82.60038209773115625
  21.98839027295662163 81.58728894028391210
  21.88925829118614530 80.57419219140008693
  21.79014800759089709 79.56108137884761788
  21.69105380481380863 78.54794646405554204
  21.59196989264071931 77.53477799937459736
  21.49289040670918283 76.52156727029633032
  21.39380950673626103 75.50830642038486928
  21.41951267269614334 74.88260637638596506
  21.44521230982127591 74.25691027389817123
  21.55731600105771051 71.52750620737687370
  21.66941709942778260 68.79810422144277027
  21.78151613137699272 66.06870334865992334
  21.89361364973681390 63.33930261928346539
  22.00571022380737674 60.60990107773315572
  22.19647928189579034 55.96492804174226166
  22.38395298478355855 54.43615079637202570
  22.57142663979272967 52.90737425688472939
  22.75890029802283010 51.37859785390163125
  22.63279178944554815 50.64041759695410860
  22.36420408673077631 49.06823087386581506
  22.09561636687834252 47.49604418811667728
  21.82702862722148751 45.92385752838353596
  21.55844086541700477 44.35167088313168193
  21.41523292089911479 43.51339896082257042
  21.27202475550814853 42.67512588596068923
  21.12881629006412965 41.83685119027299493
  20.98560746344482553 40.99857450940024961
  20.84239823476165654 40.16029559576467278
  20.69918858443509890 39.32201432501194205
  20.55597851416993294 38.48373069602737928
  20.41276804588500582 37.64544482484434695
  20.26955721970119129 36.80715693304965441
  20.12634609113263906 35.96886733153322524
  19.98313472765869392 35.13057640061813913
  19.83992320487553229 34.29228456773483913
  19.69671160243776598 33.45399228386741441
