Number of disks = 400
Depot = yes (node 401)
Tour length = 685.27790318827817373
Tour sequence = 401 49 153 182 173 150 399 197 130 24 282 170 25 140 120 380 86 63 149 96 206 233 349 132 48 329 168 300 256 355 315 382 60 267 284 147 129 51 119 55 175 180 127 9 109 185 125 142 44 39 241 3 17 30 169 38 135 52 58 103 288 12 95 122 217 199 391 263 340 369 254 85 148 18 208 229 343 291 398 108 326 78 219 126 1 225 299 306 375 339 102 216 123 90 381 212 270 293 350 287 99 371 141 209 395 194 177 93 304 137 157 365 112 394 213 360 393 69 227 255 278 301 320 228 323 356 257 333 348 336 316 268 325 5 334 352 362 280 258 312 71 193 361 77 397 366 244 161 277 235 215 279 70 218 238 283 237 354 66 250 191 351 159 281 247 251 145 289 54 226 131 83 134 27 6 198 34 57 84 15 10 110 143 100 107 74 146 59 68 179 43 46 184 136 21 178 23 133 53 35 36 139 87 203 79 28 162 201 67 249 144 400 76 11 234 56 8 124 155 92 4 82 75 16 347 183 192 307 113 338 50 41 396 105 275 29 373 188 7 165 294 152 387 239 269 313 128 330 303 298 200 248 290 378 181 266 114 392 166 80 174 65 205 264 276 324 167 81 115 389 187 62 385 223 390 47 138 156 262 210 265 261 116 317 97 160 388 367 221 322 358 20 94 245 230 383 337 364 305 98 297 314 196 302 252 204 260 331 319 345 376 232 45 273 26 363 117 374 64 341 332 195 72 379 211 321 271 202 207 327 272 386 176 274 342 73 231 89 101 253 285 309 335 243 308 346 2 158 186 359 14 111 151 164 328 91 370 224 377 220 189 31 190 296 372 88 310 104 286 246 222 318 384 311 118 357 240 40 236 295 163 259 292 368 22 242 37 172 353 32 106 171 61 344 19 42 214 13 154 121 33
Tour visit points:
  0.00000000000000000 0.00000000000000000
  5.78298289281563527 3.19896870898152841
  10.45116708469887001 5.78126497967408870
  11.72290260347120139 6.48475005062374965
  12.99463812224353632 7.18823512157341149
  14.26637364101586947 7.89172019252307155
  15.53810915978820084 8.59520526347273162
  22.77077540511264786 8.68288570451912989
  25.93152293912972084 8.72120293476573138
  29.09227047314679382 8.75952016501233288
  32.25301800716385969 8.79783739525893438
  35.41376554118092201 8.83615462550553410
  38.57451307519798434 8.87447185575213204
  41.73526060921504666 8.91278908599872999
  44.89600814323210187 8.95110631624532616
  46.27035183433593346 10.06254919684655924
  47.64469552543977215 11.17399207744779055
  50.00831252634149138 13.08546830069897027
  50.67703533902477631 15.00566562137946569
  51.34575815170806123 16.92586294205996467
  52.29687630087244798 17.15029087518895778
  53.24799445003683473 17.37471880831794735
  54.08587376690893933 17.57242665719282115
  54.92375308378105103 17.77013450606769496
  54.98127158526332892 17.78370669835073414
  55.03879008674560680 17.79727889063377333
  56.90356261878299193 17.54838523821106477
  58.76833515082037707 17.29949158578835622
  60.63310768285775509 17.05059793336564411
  62.49788021489513312 16.80170428094293200
  63.05400316963298479 16.15447060480772734
  63.61012612437084357 15.50723692867252268
  64.16624907910870945 14.86000325253731269
  64.72237203384658244 14.21276957640210448
  65.27849498858445543 13.56553590026689626
  67.01080873659215342 11.59878416206247209
  68.74312248459985142 9.63203242385804792
  70.47543623260754941 7.66528068565362464
  72.20774998061526162 5.69852894744920224
  76.93349329850960316 4.99328503338720520
  77.40792524243664730 5.14473949445439072
  77.88235718636369143 5.29619395552157712
  78.35678913029073556 5.44764841658876264
  78.46911666359807214 8.33303442601983235
  78.58144419690539451 11.21842043545090206
  78.69377173021273109 14.10380644488197177
  78.74343080108369008 15.37941166929637937
  78.79308987195464908 16.65501689371079053
  78.84274894282562229 17.93062211812520346
  78.89240801369659550 19.20622734253961283
  78.91514213323918625 19.79020447204209177
  80.41067584140243696 19.81446065464902517
  81.90620954956567346 19.83871683725595503
  87.16090572895490141 16.93537536615800931
  92.37383816030992989 14.05510933415620833
  96.09688113951219179 11.99804176808155631
  96.20041633819725746 11.94083617030794287
  96.20041633819725746 11.94083617030794287
  95.17263673484018227 18.03330599974637138
  94.14485713148310708 24.12577582918479635
  93.11707752812607453 30.21824565862320355
  92.29988055828907534 35.06242418403649452
  91.55965285060173642 39.45034447479636697
  91.55965285060170800 39.45034447479704909
  90.33179501224994112 39.93911756105483590
  89.10393717389763424 40.42789064731263693
  87.87607933554448891 40.91666373357048769
  86.64822149719019251 41.40543681982839530
  85.42036365883451765 41.89420990608638107
  85.24588795498479499 41.84851978687997587
  85.07141225113998928 41.80282966767552466
  84.49259907038180017 41.49353697102070271
  83.91378588962861329 41.18424427436439572
  83.33497270888007336 40.87495157770517551
  82.75615952813548404 40.56565888104195494
  81.39550630875127979 39.83858472749660962
  80.03485308937108300 39.11151057394729946
  78.67419986999308890 38.38443642039570847
  77.31354665061392950 37.65736226684492038
  75.95289343122847470 36.93028811329963901
  74.59224021182987485 36.20321395976611001
  73.23158699241000136 35.47613980625173014
  71.61516877936091419 34.61239591681459871
  69.99875056619914915 33.74865202737500880
  68.38233235288630851 32.88490813792297729
  67.45155899355250995 33.20013980794693254
  65.43039968665760853 33.97212386856083555
  63.40924047374162598 34.74410790851954545
  63.36861342024376142 34.75962547597821839
  61.25715832772476688 35.06576149950027599
  59.14569755043737587 35.37189733535075931
  58.74033261980632403 35.28550563293187992
  58.33497155442570659 35.19911957831096316
  57.92962022059646188 35.11274357591248219
  57.52428584163065040 35.02638328802726164
  57.19316390470979172 33.89944961425560166
  56.86210740657853790 32.77252293244805514
  56.53114163433362194 31.64559956833465293
  56.20028983531005196 30.51867585129354055
  55.93406906564153047 29.61145360378593594
  55.41694984980861705 29.71421797307928969
  54.89999574124369985 29.81714638372963222
  54.38319821311491609 29.92025778564324767
  53.86653973856635247 30.02355883362150024
  52.12451137851020633 30.37207270278025462
  50.38247245813622754 30.72077779534715347
  48.64039501765594764 31.06964314369504265
  46.89826906636123738 31.41862411257790200
  45.15608969010970952 31.76766990920916811
  43.34074725890030066 32.13137409672643940
  42.42998376202953636 32.31926451017906743
  41.82953826652580176 33.82733152224528084
  41.22908493249420303 35.33537328110131881
  40.62862598178301710 36.84338666185055189
  40.02816441625579102 38.35137577917871710
  40.44959392615959359 38.97582112427659240
  40.87103471332586935 39.60026330615782086
  41.29248830745731880 40.22471161965980002
  41.71395295863314345 40.84917183078749048
  42.86748697162380495 41.75727553847158902
  44.02102443946598243 42.66538395516070636
  45.17456124229599368 43.57349269486827126
  45.75162446692794305 44.02777937425673827
  46.33648447730645614 44.30805411885113898
  46.92133559979942703 44.58832457611329403
  47.69035439793466935 44.96172661407549498
  48.45934707265421792 45.33512181749547665
  49.22831356796169899 45.70851189313969343
  49.99725827125080002 46.08189983006333534
  50.76618813736201474 46.45528905193762625
  51.53511074710314688 46.82868260852099951
  51.72911101251317234 46.92289744437796628
  52.05169863116554296 46.93457982283445062
  52.37425352348573426 46.94625074391203867
  52.69677789494451758 46.95790954144436569
  53.01927582930052552 46.96955639785569758
  53.60553492105351836 46.99071863421262663
  54.19180371557717280 47.01187233467209126
  54.77809842156960940 47.03301986623016262
  55.08996097654493695 47.04426288215749707
  55.40181170738615180 47.05550122008069991
  56.17496927372990712 47.73013900252744435
  56.58309810863428169 48.08626708117208892
  57.35946379144167651 48.76371827352184596
  58.13582585848333650 49.44116955447437789
  58.91218505745928269 50.11862043866095462
  59.68854222671303944 50.79607047842429068
  59.93540070873813619 50.81363251222825994
  61.45683749626059722 50.92187024387139616
  62.97827148492097393 51.03010747387029511
  64.49970573324078771 51.13834461640952611
  64.99681195869111150 50.70164436480318670
  65.49391838011624145 50.26494403557144608
  65.99102495655178302 49.82824363742026463
  66.48813164312045387 49.39154318108823816
  66.98523839265457980 48.95484267897910513
  69.17068438782470707 47.65531236099576518
  70.16875290804547660 48.39617372890267433
  71.16682142443460179 49.13703509642315481
  72.16488993745299751 49.87789646349778394
  73.16295844765660661 50.61875783008365204
  74.57483873796893192 51.66678965511970745
  75.42436592894999592 52.29738952906015470
  76.27389312052299886 52.92798940351576675
  78.00582777446672367 54.68910171004274190
  79.73776242843027262 56.45021401657310633
  84.33196582446228717 54.19667359901791315
  88.08803222688275980 55.18441244605143936
  91.84409862930294821 56.17215129308466715
  92.46005458196162863 59.27599034003869605
  93.07601053462019536 62.37982938699269653
  94.04798645093291043 67.27767441751660726
  92.57628723015625383 69.35295246415047643
  91.10458800937958301 71.42823051078431718
  89.96465127620956537 72.03241912578377537
  88.82471454303954772 72.63660774078321936
  87.68477780986954428 73.24079635578266334
  86.54484107669952664 73.84498497078210733
  86.86253736151988392 77.41073393702927774
  87.18023364634025540 80.97648290327649079
  87.49792993116064110 84.54223186952380331
  87.67296413042653569 86.79379881596393886
  87.84799832969243027 89.04536576240408863
  87.22173446286555532 89.98226981158315141
  86.59547059603866614 90.91917386076222840
  85.96920672921179118 91.85607790994131960
  85.34294286238491622 92.79298195912038238
  84.71667899555804127 93.72988600829945938
  84.09041512873116631 94.66679005747850795
  80.98763352304817431 94.31295289951818006
  77.88485191736518232 93.95911574155785217
  75.67301228477043651 93.70688044145556717
  74.72737640687022065 93.84678742794832829
  73.78174052897000479 93.98669441444110362
  72.83610465106980314 94.12660140093387895
  71.89046877316960149 94.26650838742664007
  69.08000371586533106 94.22675255317369647
  66.26953865856107484 94.18699671892075287
  63.45907360125682573 94.14724088466780927
  59.53741232329159061 94.09176646581393300
  55.25815619578142446 94.03123363802122014
  50.97890006827126541 93.97070081022850729
  49.46464126723293475 92.39950021131988933
  47.95038246619461830 90.82829961241127137
  45.01842307011920497 91.42580672426825572
  42.08646367404379873 92.02331383612524007
  40.56707884908855277 89.96046264024532491
  39.04769402413330681 87.89761144436540974
  38.44297904667698162 87.07659691669365998
  36.60297727374878463 86.89599015593940123
  33.65922043006684561 88.49683805780757950
  32.28820179959021175 89.24241332593180687
  30.91718316911359210 89.98798859405602002
  29.54616453863697245 90.73356386218024738
  28.17514590816035636 91.47913913030444633
  26.80412727768373315 92.22471439842864527
  25.16023954540775165 93.83552000062886123
  24.78942146599229446 94.19887561670402931
  15.21310408065489028 93.95888796161622736
  5.63678669531748522 93.71890030652841119
  4.03016890611868117 82.21783236239154746
  6.52923841487520562 81.80375235643747089
  9.02830792363172918 81.38967235048339433
  11.52737743238825274 80.97559234452933197
  13.87353291318886406 80.58684922551842078
  16.21968839398947537 80.19810610650750959
  19.02387894417309866 79.73346947449398670
  20.25576139713056634 79.52935434617603505
  21.48764385008803046 79.32523921785808341
  22.71952630304549814 79.12112408954016018
  23.95140875600296226 78.91700896122222275
  25.18329120896042284 78.71289383290429953
  26.62547886406809283 77.25332753790029017
  28.06766651917576993 75.79376124289626659
  29.50985417428343638 74.33419494789224302
  30.95204182939110638 72.87462865288821945
  32.28564131451337715 72.35224747782646659
  33.61924079963565504 71.82986630276471374
  34.95284028475793292 71.30748512770296088
  36.28643976988021080 70.78510395264122224
  37.62003925500249579 70.26272277757948359
  38.06796211422079068 70.43720407662796390
  38.51588497343907846 70.61168537567643000
  38.96380783265738046 70.78616667472489610
  39.41173069187568245 70.96064797377333377
  39.85965355109399155 71.13512927282178566
  40.30757641031230065 71.30961057187022334
  43.06402491045243153 70.09664935222644999
  43.99746272309283057 69.68589476434847541
  44.38400094277763230 69.94160455677263144
  44.77053916246241982 70.19731434919677326
  45.15707738214722156 70.45302414162091509
  47.13545954229660140 71.76179948580278278
  49.11384170244598835 73.07057482998467890
  51.09222386259537529 74.37935017416656081
  53.07060602274476935 75.68812551834845692
  55.04898818289416340 76.99690086253036725
  56.30441970832018939 77.82741675570954953
  57.55985123374622958 78.65793264888873182
  58.66349194740467965 78.65005282872188275
  59.76713266106315103 78.64217300855503368
  60.87077337472161531 78.63429318838818460
  61.97441408838009380 78.62641336822134974
  63.07805480203857229 78.61853354805451488
  64.18169551569707210 78.61065372788768002
  65.28533622935555059 78.60277390772085937
  67.38513828459370814 77.28384653934945447
  68.43115437832484815 76.62682305928507276
  69.47717047205598817 75.96979957922067683
  70.52318656578711398 75.31277609915628091
  71.57794364403049769 74.65026223314289666
  71.59624073044393811 73.00509558001340338
  71.61453781685737852 71.35992892688395273
  71.63283490327086156 69.71476227375455892
  71.63283490327087577 69.71476227375407575
  70.65771896370645777 68.94775552684373565
  69.66287087878890816 68.16522786793954936
  68.66802279359319527 67.38270020871928523
  67.67317470801233981 66.60017254907093331
  65.95933638367966978 63.87248323754434409
  65.55946151962393742 63.19901277502447101
  65.44035857354343477 62.99841917626537935
  65.32125568402582871 62.79782560887047538
  65.20215286615716366 62.59723209108440045
  64.36416453080566669 62.44801935333147469
  63.52617613273788066 62.29880671962548178
  62.26791561014816523 62.07476038621167191
  61.00965509278982069 61.85071426123149507
  59.75139461290700638 61.62666838351544385
  58.49313420008279962 61.40262278097436877
  57.71185059443167376 61.26350784167959063
  56.93056952043556151 61.12439361188257436
  56.00663357365855433 60.76574427163576075
  55.42539870800916901 60.54012120698362764
  54.84417127587980190 60.31449864891631307
  54.26295426297421187 60.08887740171954306
  53.68175008095752787 59.86325817913669312
  51.61952763672010747 59.06271489415699705
  50.60958170819801438 58.67065579028185596
  50.05108135583842000 58.45384339445431721
  49.66109715222913223 58.30244635487934346
  49.27109825151753597 58.15104059490612798
  47.60607500537759051 57.50464224811608460
  46.97884178280865797 57.69079348198769708
  46.35161000243677876 57.87694633767763008
  45.72437838230396778 58.06310137658562809
  45.09714570906766085 58.24925899221918968
  44.88239776506696188 58.31299657774342649
  44.51744147055465817 57.98009609564447686
  44.15248774438906310 57.64719472822385171
  43.78754054087071523 57.31429640435241879
  43.42260739724097363 56.98140869519918539
  43.05769897030099713 56.64854233943623996
  42.69282794935838155 56.31571015951932679
  42.32800733358465806 55.98292535918736945
  41.96324845803907522 55.65019957559780295
  41.59855910710645333 55.31754101555535641
  41.26782714930889995 54.97856309148973253
  40.93717341326193804 54.63961332653988023
  40.57074781472452685 54.26392210025088758
  40.20431124580970561 53.88813468842530341
  39.83782286821187313 53.51220143975645982
  38.40830904714557903 52.04573102041799615
  37.78676602901244053 51.40801284030801810
  37.29096835758165440 51.15211675419221393
  36.79538052148061666 50.89660332362554129
  36.29989711607623093 50.64137996465810687
  35.80441066899069114 50.38676347678512002
  35.40924455669515680 50.18404157593001713
  35.01429993945502872 49.98128504213799772
  34.93182318548414145 50.06394197525265355
  34.77022745534041093 50.22451276072573734
  34.60822802232662099 50.38498654725855630
  34.14448871478840175 50.84383597515286368
  33.47332175042552649 51.50741106999500118
  32.81188290962345633 52.16089386124601646
  32.15810132249136899 52.80640073100364873
  31.50809515150156770 53.44785043145326853
  30.85798784259936767 54.08916857746582707
  29.48398047673361333 55.44458510467507750
  28.05902382190651778 56.57800825166752645
  26.63404947836217573 57.71145591137962327
  24.73303524282352228 59.22356150087032489
  22.83201293170136381 60.73567916380456921
  20.93098748969729783 62.24780247255301191
  19.02996383797569990 63.75992500963245391
  17.85600315184459319 63.92774649560321620
  16.68204243388272090 64.09556754467519113
  13.19930968837085672 64.59343384370930607
  9.71657699857513890 65.09129991785729885
  6.23384441260647648 65.58916586832008022
  5.11781281170339675 65.74870549778647444
  4.00178117291428403 65.90824508628871570
  4.88956940328655332 61.93864060253359582
  5.77735762798249297 57.96903608313061795
  6.19097025156087888 56.11963267891820095
  6.51020155486039975 54.69224041202588182
  6.71419943211166448 51.64247151999961005
  6.91819731000361315 48.59270262369746263
  7.12219518825026654 45.54293372523649452
  7.32619306657254565 42.49316482672955431
  10.08122695179669925 43.69608555459559796
  12.83626083691465602 44.89900628238321900
  15.00777215205142845 45.84714560860539478
  17.17928346719655863 46.79528493482751372
  18.02473398330275600 46.40992136787303224
  18.87018449941207621 46.02455780091836601
  19.71563501552321540 45.63919423396347952
  20.56108553163539554 45.25383066700835855
  21.40653604774808727 44.86846710005305283
  22.25198656386078255 44.48310353309772580
  22.88782289527081559 44.19328390202267798
  23.08833146817767101 43.65263352773552441
  23.28884004108451933 43.11198315344842769
  23.05382188944244959 38.61006600982771886
  24.34800265957284537 38.01970000107207426
  25.64218342970324116 37.42933399231643676
  26.93636419983364050 36.83896798356080637
  27.92865124419574130 36.38631673464684013
  28.33506119797497291 34.79134842940134575
  28.74147115175420453 33.19638012415585848
  29.14788110553343259 31.60141181891036410
  29.55429105931266776 30.00644351366487683
  29.98712028959621989 28.30779194899115225
  29.43557623208180019 28.28814892960406624
  26.22565144926711511 28.17382875176720347
  23.60721571592111090 28.08057421811174237
  20.98877998257519550 27.98731968445627416
  20.80131217616912664 27.98364194363565716
  20.61384436976306134 27.97996420281504015
  19.83893281050996293 27.07303487048460156
  19.06402125125687164 26.16610553815416296
  18.28910969200377679 25.25917620582372081
  17.51419813275069259 24.35224687349328221
  14.56195047991940150 21.99834796869809850
  11.60970282708811041 19.64444906390291834
  10.75506557860062173 18.96302598569924669
  3.93714073763190786 18.55086829922339220
  3.87956993915907722 18.54738802514284401
  2.58637995943938526 12.36492535009522875
  1.29318997971969263 6.18246267504761438
