Number of disks = 300
Depot = yes (node 301)
Tour length = 489.33249293358011300
Tour sequence = 301 271 13 189 212 184 244 219 293 292 284 193 222 278 232 299 282 236 296 297 283 277 12 220 288 224 290 286 287 279 300 295 280 298 274 281 276 216 294 275 291 289 285 241 9 264 110 103 108 112 119 109 105 114 101 115 111 5 118 113 102 100 104 106 117 116 99 107 237 8 225 245 218 243 242 217 223 239 231 230 228 201 235 233 229 221 70 52 61 65 197 64 215 55 50 72 71 58 57 2 67 60 59 63 54 69 73 68 66 53 51 56 185 62 180 187 181 269 178 208 195 270 272 47 210 28 24 206 32 41 33 34 26 18 43 42 30 27 22 39 23 31 48 46 49 20 21 37 44 29 38 17 35 15 1 36 161 19 25 40 164 173 16 45 265 182 154 167 175 191 148 204 192 150 194 86 91 267 3 88 78 76 85 82 80 79 83 145 74 172 89 90 75 77 7 169 81 153 87 84 158 166 170 121 165 144 123 152 137 94 162 139 209 146 96 6 130 124 142 147 138 120 128 268 126 132 122 134 135 141 149 203 168 160 174 155 198 200 205 11 177 186 196 199 188 258 251 190 240 246 247 227 234 238 263 262 260 259 254 226 252 10 250 253 255 261 249 248 257 256 156 157 97 129 93 92 183 131 133 4 136 213 140 159 98 127 95 143 163 151 125 266 176 273 171 179 202 211 214 207 14
Tour visit points:
  23.55000000000000071 20.82999999999999829
  23.89286606218024289 17.75412512478558114
  24.32548312194085582 13.87308790284188831
  24.84064980001008394 9.25149238826990050
  28.47560407013289563 8.18730585236498776
  32.11055842614570111 7.12311930544340477
  36.55559048018507440 7.25503803517755763
  40.09093134200147546 7.35995892341170688
  43.62627225670665609 7.46487951159255037
  45.04104547497328781 7.50686631591776443
  46.45582169951515539 7.54885285328525413
  47.87060232905693624 7.59083914522894165
  48.50719166290871698 7.60973075807372723
  48.71797519469992466 7.71463139973062084
  48.92875679278111534 7.81953174898605141
  49.13953638846878391 7.92443187923843251
  49.35031393979024728 8.02933186504226626
  49.56108943185466131 8.13423178095388266
  49.77186287698816614 8.23913170039897302
  49.98263431462979156 8.34403169457296201
  50.19340381098621862 8.44893183138470505
  50.40417145844448754 8.55383217445358746
  50.61493737474298626 8.65873278216929698
  50.82570170190285808 8.76363370682302900
  51.03646460492348780 8.86853499381803090
  51.24722627024745947 8.97343668096665859
  51.45798690400276598 9.07833879788026898
  51.55240945692529664 9.12533672953176733
  51.72853472618933068 9.21300219656895436
  51.90466095234596366 9.30066879508631494
  52.08078821553777260 9.38833642352154740
  52.25691659407112866 9.47600496606206555
  52.43304616766694437 9.56367429579046302
  52.60917702054839395 9.65134427790216165
  52.78530924431765214 9.73901477295633278
  52.96144294057759794 9.82668564012150370
  53.13757822325906943 9.91435674037790804
  54.60763712815990800 9.66190097939076331
  56.07770172971252265 9.40944880455568722
  57.54777405587680761 9.15700186753832313
  59.01785610089238787 8.90456179410004367
  60.48794981347498378 8.65213017704439302
  62.06595329852465426 8.38118171711173154
  63.64391903103768300 8.11025417573549490
  65.22182265248736144 7.83935362312760997
  66.79964017804464049 7.56848598532603489
  76.58062913811306771 5.88938986009403020
  78.74053422100831767 5.51863183301578442
  80.27741102983500809 5.25485255433794407
  81.81429727144835340 4.99110592637604356
  83.35118656334202569 4.72739416974105886
  84.88807253993766722 4.46371931881243000
  84.91079253107534441 4.45985754625189212
  84.79401920914030200 4.71900694212553162
  84.67726834230192878 4.97819519260484800
  84.56053866174507050 5.23742546159272937
  84.44382880242400802 5.49670069925647020
  84.32713731084999154 5.75602363052633326
  84.21046265311485968 6.01539674426933324
  84.09380322312210865 6.27482228316285617
  83.97715735099772871 6.53430223429457513
  83.86052331165321050 6.79383832051716841
  83.39224397689851287 7.83593524009310016
  82.92397547870756114 8.87807253242119998
  82.45571724689457938 9.92024207083361809
  81.98746866711393011 10.96243561628702246
  81.51922908391745182 12.00464485611649046
  81.05099780391240927 13.04686144288923622
  80.58277409901168653 14.08907703325069782
  80.11455720976826456 15.13128332665542253
  78.24336204631298131 16.79853794986827609
  76.37216859529901569 18.46578979546243460
  74.50097430504523288 20.13304212725999776
  72.31763199869321568 20.86227925695221685
  70.13428942584295100 21.59151659270107970
  67.95094687338539075 22.32075399366138058
  66.84231285938031419 22.69103830517543940
  65.73367881218204900 23.06132265351028465
  64.62504470534582879 23.43160702428392739
  62.65965571395208400 24.25650170783519854
  64.21105944400611065 29.19338356081054187
  68.47623815608423570 34.61537799276135274
  71.54306237218118270 34.86999103870663674
  74.60988664176655050 35.12460409532773298
  75.92777242894304379 35.54846397745892261
  77.24565824406315073 35.97232381541840596
  84.40140146758336925 38.27376138740120837
  87.29339128206598275 39.20388593274624611
  89.45762661368095792 39.89994912411407313
  90.80184803151577455 40.33227847428419466
  92.14606927700336314 40.76460747894816450
  91.05536510249851290 43.90571972384292820
  89.96465410290146281 47.04684841448137433
  89.74511696194684873 47.49840205101670421
  89.52558252123708371 47.94996418517314396
  89.30605545643268783 48.40153075707058861
  89.08654032433427972 48.85309770340965940
  88.86704151912631744 49.30466099745887476
  88.64756323062505317 49.75621668829684552
  88.53534076393839314 49.98714036423493923
  88.42314177632817973 50.21805400670113073
  88.31096738675947222 50.44895656101624581
  88.19881846023815797 50.67984709228743867
  87.87470014312691546 51.34717945328268485
  87.55060338246387630 52.01451143643674158
  87.22652592393539805 52.68184881206873627
  86.87039892550440356 53.41522822965637118
  86.41764238571636270 54.34764523309500106
  85.96490337025301187 55.28007265442050056
  85.51217840304225604 56.21251724684046991
  85.00196791857774770 57.26340575879568462
  84.49177213224179184 58.31430783705422982
  83.98159114602903230 59.36522149432521900
  83.47142491341831771 60.41614464767325643
  77.59874017811704050 72.51366785644422919
  75.02830227013885178 77.80868277274262823
  76.91860382295428167 79.45248116411644901
  81.46308817597676466 83.40434691971154280
  86.00757249427952900 87.35621289273740331
  77.26270205943724534 91.04391955667051661
  73.58153291758847558 91.40079876960675165
  66.59573357639960989 92.07805585221979072
  63.42848636563244469 92.38511699934240085
  57.38016912623285037 92.97149985550126416
  56.42493636713801664 93.06412309495097190
  54.66897371319281973 91.97195893873865202
  52.91325338733972927 90.87987359838149359
  51.15771557062245023 89.78784844748349769
  50.64383743792912185 89.74638503693155656
  50.14179695734328845 89.70593503219450326
  49.65435250310946458 89.66673259330543999
  49.18807722034743080 89.62931039980172443
  48.71673920714339090 89.59167138977802836
  48.24607309748958528 89.55427115784952719
  47.80119059529418735 89.51904246599475812
  47.40069734924367140 89.48740360400286420
  47.04662652059056427 89.45949057800922333
  46.72776603520493666 89.43442134197415783
  46.46277830823927957 89.41362459116501782
  46.25545309765807644 89.39738286644768550
  46.09734494807035077 89.38502706191746938
  45.97654994718769927 89.37561852411164409
  45.88077087616793648 89.36819776924760106
  45.79752184445764129 89.36180848584582748
  45.71432813239382398 89.35551337701430441
  44.89516856598707761 89.29369339362048663
  43.58302821595967202 89.19703057997922713
  42.66674712104260436 89.12934270738051623
  42.11968090024618050 89.08863875080575667
  41.79167800380891151 89.06411292130951551
  41.57308994166042737 89.04782078548481650
  41.35432840680744704 89.03174342504946992
  41.12390510809281352 89.01504343922033513
  40.43589007500068533 88.96540061615809236
  40.20303703082797853 88.94859669934911039
  39.74031811093507827 88.91547027991771301
  39.04768122498898464 88.86598843024995631
  38.23938032461099112 88.80831821005095605
  37.40127572059614636 88.74859186645308284
  36.56220015937403645 88.68885760122782358
  35.72254376416388055 88.62912064192968842
  34.88276266244955082 88.56938533647456779
  33.76522865206585067 88.67870124208440075
  32.22508114417428970 88.82935153775808601
  30.68492466376312677 88.98000183993153200
  29.62166600375834236 88.87755611188904936
  28.55840600173956645 88.77511033365981064
  26.80214790961419524 88.81251644749751506
  25.04588962769730287 88.84992249517701168
  17.39836456056772818 89.01280492915576303
  11.19770381668396197 91.35066644891431054
  5.53775030605391905 93.48466360238461448
  5.67185928035342002 92.29124202946090350
  5.84526759450405820 90.74811320137970938
  6.01867781551832604 89.20498432378674636
  6.19209030634903268 87.66185536340094586
  6.36550538989120351 86.11872628870686697
  6.53892334467432512 84.57559707040736896
  6.71234440129607890 83.03246768183528559
  6.88576873964033886 81.48933809931912720
  7.05919648690963797 79.94620830249759535
  7.10257274185254150 79.56028389708068005
  7.14595205055552718 79.17436161557616003
  7.18933416842589512 78.78844256082038555
  7.23271881184076193 78.40252776976478799
  7.30289807585766138 77.77829360318514773
  7.37307941013609991 77.15406188022497247
  7.44326254323286918 76.52983164893177559
  7.51344718045522875 75.90560194915600789
  7.58363300869943568 75.28137182728862342
  7.65381970149612290 74.65714035067375676
  7.72400692418259016 74.03290662148229728
  7.84037080244397444 73.71423043333329872
  7.95673496818717840 73.39555274634925297
  8.07309929548899419 73.07687396589413709
  8.18946365788485586 72.75819450780848285
  8.30582793030278488 72.43951479191797205
  8.42219199094647664 72.12083523558032994
  10.00469177720269620 72.00881987494945236
  11.58719143792573369 71.89680463356891948
  13.16969101844493650 71.78478948886794342
  14.75219056461830291 71.67277441714553277
  16.33469012212542992 71.56075939394858665
  17.91718973577410168 71.44874439445588621
  19.32337480720196510 71.34920957905835337
  19.90744700806918033 71.07241415892922021
  20.49151917276235579 70.79561874843494707
  21.07559130569978834 70.51882334648178130
  21.65966341175718313 70.24202795185033210
  22.24373549619168955 69.96523256321442830
  22.82780756455992233 69.68843717916165303
  23.41187962263124334 69.41164179821547009
  23.76461575361634004 69.36068309011088218
  24.11735187567809646 69.30972438571367888
  24.47008798976818156 69.25876568519227305
  24.82282409698722248 69.20780698862077429
  25.17556019856028016 69.15684829597724104
  25.52829629580997306 69.10588960714446216
  25.88103239012789913 69.05493092191315441
  26.23376848294500618 69.00397223998727725
  26.67419448140372396 68.94034527410113355
  26.91879511225609534 68.93877100851882744
  27.16339575874143364 68.93719673482533494
  27.40799640750559973 68.93562245091852958
  27.44076696020672657 68.93541152485175871
  27.47353747926850787 68.93520058903477832
  27.50630794852515493 68.93498964407639562
  28.80615283096656398 69.43837758695363505
  30.10599767992774645 69.94176552357870946
  31.40584250467258798 70.44515345560400021
  32.70568731485599301 70.94854138475889727
  34.00553212026031247 71.45192931280242021
  35.23995022700640334 71.56020828912819809
  36.47436833248587362 71.66848726459753038
  37.70878643845981060 71.77676623936638123
  41.34954645003089269 72.09612137409129673
  48.55643256349694070 72.72828500914744154
  53.02068564481552926 73.11987416523702166
  53.25680497282341008 69.67284568078281382
  53.53364159214214624 65.63139887356931013
  53.81047821444283130 61.58995206932548427
  54.01604252599143052 58.58898634496325286
  54.14414061966973435 56.71892449710213668
  56.26352059359803803 50.99198179158048561
  54.21600568785013508 46.38075863074900695
  52.16849100396712657 41.76953466474139276
  51.36440935769009997 39.95865454071610401
  48.01106871470437909 32.40656103063821547
  47.65842752179382558 32.07178108982098053
  47.30578584402733355 31.73700376430180370
  46.95314208837378089 31.40222834675989816
  46.60049471819748135 31.06745411142899371
  46.24784227600170539 30.73268032552655882
  44.36145558258302657 33.29481003058749877
  43.67160926124436315 34.23175023393359595
  42.98174050915390154 35.16869360303777370
  42.43733884932467504 35.90804135969173672
  41.89291374332498918 36.64738900335594707
  41.34846523048118172 37.38673492410392640
  40.80399370816089544 38.12607756467206599
  40.25949992005624978 38.86541544373810808
  39.71498493938455709 39.60474717758646079
  39.17045014734181052 40.34407149985189278
  38.62589720720911401 41.08338727907192123
  38.08132803457080229 41.82269353381970944
  37.53674476415346817 42.56198944523361405
  36.99214971383806017 43.30127436680469799
  36.44754534643093535 44.04054783133020123
  35.90293422980514038 44.77980955498664883
  35.35831899603859085 45.51905943852172243
  33.55200086387250025 47.97091391768745439
  33.01926427776665207 48.69403588821055706
  29.20041692899220820 51.23671331165856913
  26.74653301328018529 52.87056810799709439
  26.65429101755941588 52.93198680675770618
  26.56204949496981627 52.99340690919712671
  26.46980712816199599 53.05482922444987537
  24.62590164410725890 54.28264865561897778
  24.01591029702052538 54.46900318376204808
  23.40591972392622111 54.65535729197340231
  22.79592955832590917 54.84171112824304117
  22.18593943318473904 55.02806484218280758
  21.96657983624261590 55.09507972620203731
  21.74722017841954624 55.16209454938088896
  21.52786041088245739 55.22910934325838639
  21.30850048685587339 55.29612413934719228
  21.08914036220778598 55.36313896872223239
  20.86977999599624667 55.43015386161955149
  18.64949040473521436 55.92149680042324178
  17.61890887534152839 54.95071920369031915
  16.58832734865700331 53.97994160485490767
  15.46836929132670946 52.92497392903113962
  14.34841123664894091 51.87000625213640603
  13.22845318454440999 50.81503857470057284
  12.10849513490163432 49.76007089725365518
  8.94611505342012059 46.78120149100888625
  8.63612281271544191 38.06002487419064551
  8.32613057183963967 29.33884825744540237
  8.12199617160185738 23.59582658661278387
  7.91786177133555036 17.85280491580464357
  22.78601273034900743 20.68449596783746358
