Number of disks = 500
Depot = yes (node 501)
Tour length = 243.13584741898455377
Tour sequence = 501 265 408 205 80 335 122 464 234 73 390 417 68 78 394 263 204 113 305 171 252 382 79 81 192 139 150 26 442 318 124 163 96 66 53 355 407 461 324 193 45 437 251 270 392 125 272 56 155 138 48 238 473 289 453 279 74 474 169 148 97 444 182 98 200 224 319 498 462 310 494 406 157 459 132 6 250 423 196 380 307 65 323 366 207 188 110 413 363 99 28 255 112 458 13 410 471 316 259 280 308 25 420 104 297 291 405 91 215 340 115 198 42 347 496 164 237 183 426 52 491 430 477 268 439 119 242 278 229 486 435 135 23 428 429 161 60 449 299 247 470 306 210 93 490 414 31 293 191 16 303 346 451 127 482 383 377 409 8 20 221 321 359 384 3 17 216 219 213 130 14 260 133 147 436 69 179 481 499 136 44 404 281 427 452 118 375 400 71 18 36 332 144 344 292 142 313 285 326 333 283 63 152 431 418 211 212 227 286 197 22 374 489 341 330 21 386 209 223 51 34 62 469 287 85 276 248 401 331 370 487 201 226 432 12 267 102 159 94 39 32 309 140 277 468 43 334 314 500 177 369 186 320 208 358 361 190 117 337 5 329 371 393 395 455 100 476 440 217 480 109 275 92 475 253 30 298 172 107 202 165 472 77 76 301 240 244 19 24 311 4 348 189 246 262 302 145 116 425 419 412 325 282 67 103 222 101 368 372 47 173 143 29 398 295 245 2 49 58 108 82 446 271 33 195 206 95 327 315 106 397 456 454 365 233 339 114 312 483 86 170 184 402 479 167 261 187 300 352 137 424 59 399 1 89 304 273 342 153 123 463 493 232 416 376 357 158 181 362 11 274 447 367 351 457 445 381 241 391 484 364 178 9 105 353 141 126 495 465 379 174 131 385 15 421 199 168 90 231 50 443 185 10 258 35 336 373 72 236 225 120 388 396 162 54 356 343 38 64 488 415 194 230 7 290 146 478 422 345 441 294 350 166 354 220 288 328 160 203 37 83 257 235 151 134 349 389 46 338 111 450 70 87 40 154 75 284 433 378 121 438 460 387 264 228 214 317 41 175 57 239 218 128 27 88 266 269 403 243 256 322 149 55 360 180 129 434 61 156 254 249 296 467 176 485 466 497 492 448 411 84
Tour visit points:
  95.00000000000000000 50.00000000000000000
  92.15326726362823706 52.41789199962308743
  90.92886928320220363 53.45784283287199656
  89.70447130277617021 54.49779366612091280
  88.88020470530314299 55.19789016134959070
  88.05593810783010156 55.89798665657826859
  84.86825148180743383 58.60547018388301410
  81.68056485578478032 61.31295371118777382
  78.49287822976212681 64.02043723849253354
  75.30519160373948750 66.72792076579727905
  72.11750497771684820 69.43540429310202455
  71.23789706987321324 70.18250531035137385
  70.35828916202959249 70.92960632760072315
  69.47868125418598595 71.67670734485007245
  68.59907334634239362 72.42380836209942174
  67.71946543849880129 73.17090937934878525
  66.83985753065522317 73.91801039659817718
  66.58750588334325471 74.13234700127188148
  66.33515423603128625 74.34668360594557157
  66.08280258871933199 74.56102021061926166
  65.83045094140739195 74.77535681529296596
  65.57809929409545191 74.98969341996665605
  65.32574764678352608 75.20403002464034614
  65.07339599947158604 75.41836662931403623
  64.82104435215967442 75.63270323398772632
  64.56869270484776280 75.84703983866141641
  63.74916462271576023 76.30363016381407704
  62.92963654058377188 76.76022048896672345
  62.11010845845177641 77.21681081411936987
  61.29058037631979516 77.67340113927200207
  60.47105229418781391 78.12999146442464848
  59.65152421205583977 78.58658178957726648
  58.83199612992386562 79.04317211472989868
  58.01246804779189858 79.49976243988251667
  57.19293996565993154 79.95635276503510624
  57.19293996565993154 79.95635276503510624
  57.19293996565993154 79.95635276503510624
  57.19293996565993154 79.95635276503510624
  57.19293996565993154 79.95635276503510624
  57.19293358181447928 79.95635371486164900
  57.19292719798861668 79.95635466467014396
  57.19292081419207818 79.95635561445158146
  57.19291443043461953 79.95635656419702286
  57.19290804672592543 79.95635751389750112
  57.19290166307565215 79.95635846354413445
  57.19289527949341334 79.95635941312804107
  57.19288889598875159 79.95636036264045288
  57.19288251257114553 79.95636131207261599
  57.19287612924998854 79.95636226141587599
  57.19286974603461005 79.95636321066162111
  57.19286336293421869 79.95636415980138167
  57.19285697995792361 79.95636510882675907
  56.65393125905142568 80.03649236711193282
  56.11500561309690482 80.11661842746036655
  55.57608007933682615 80.19674269371253672
  55.03715469484338030 80.27686457244203666
  54.49822949647820991 80.35698347360325045
  53.95930452085433160 80.43709881114187965
  53.42037980430146860 80.51721000355310309
  52.88145538283514213 80.59731647437763513
  52.34253129212944344 80.67741765264041476
  51.80360756749146134 80.75751297326105771
  51.26468424383384814 80.83760187749599879
  50.29509987688336281 80.98168358162506308
  49.32551694020698818 81.12575674757496813
  48.35593594550957874 81.26982032937813472
  47.38635740143329400 81.41387329395281824
  46.41678181258784974 81.55791462381851886
  45.44720967855262472 81.70194331991419290
  44.33459009358549707 81.86720836973177029
  43.22197726885325864 82.03245823489496047
  42.10937283942777043 82.19769167576211544
  40.99677842782871551 82.36290747482740926
  39.70252984170823396 82.55508091449985386
  38.40828944726486327 82.74723475294801744
  37.11405632343411298 82.93936801878257370
  35.81982954858121104 83.13147973584653982
  34.52560820367609296 83.32356891725747516
  33.18926424260524755 83.52188706266846907
  31.85292050431665345 83.72018108944625681
  30.51657438235093522 83.91845019795894700
  29.18022327404433014 84.11669359733953399
  27.84386458852679169 84.31491052117348772
  26.50749575653686207 84.51310024550058131
  25.17111424063932645 84.71126210702593085
  23.83471754428342138 84.90939551915751338
  23.77945074740274123 84.91755868418461262
  23.72416704016156075 84.92569381474326917
  23.79806678592961688 84.82457676270695401
  23.87201271580184780 84.72334552845869382
  23.94601786587167780 84.62198243215449622
  24.02008216550843400 84.52048772283646372
  24.09419434438399676 84.41887693394143355
  24.16833519801149066 84.31717638448695595
  24.24248153430455233 84.21541775572674737
  24.31661012346622286 84.11363267276968259
  24.52386515540076672 83.82900158788994815
  24.73110106325403379 83.54434418379308624
  24.93831713709417741 83.25966048796642838
  25.14551266466884982 82.97495051775354113
  25.35268693917780425 82.69021429175545279
  25.55983926562567277 82.40545183973937071
  25.76696896561913164 82.12066321074765085
  26.02798841501965654 81.76172165913264678
  26.28898633519789740 81.40275037439516836
  26.54996329124342225 81.04374766295619281
  26.81091985441561221 80.68471190017828576
  27.07185659823462842 80.32564153699330234
  27.33277409473501152 79.96653510443447033
  27.59367291116720722 79.60739121624382619
  27.85455360737362795 79.24820856973576610
  28.11541673400044061 78.88898594510108353
  28.37626283163939789 78.52972220333575137
  28.63709243092981538 78.17041628297816658
  28.89790605359221942 77.81106719583905829
  29.15870421431442594 77.45167402190965333
  29.41948742336915501 77.09223590363552603
  29.68025618981053881 76.73275203974689873
  29.94101102507550394 76.37322167883657187
  30.20175244680486770 76.01364411287623568
  30.46248098269782290 75.65401867085779486
  30.60601382508046342 75.45597683733431893
  30.74955559602756594 75.25785725254910119
  30.89311718655160632 75.05964507610862313
  31.03670946654743901 74.86132554631484481
  31.18034327710649833 74.66288399051482827
  31.32402942288407743 74.46430583536401571
  31.46777866452447725 74.26557661698269897
  31.61160171114719120 74.06668199099166827
  31.75550921289431017 73.86760774242063121
  31.89951175353539270 73.66833979549126354
  32.03238474241959466 73.48441109519291103
  32.16531399737433361 73.30034354007612762
  32.29828008708510367 73.11616468214140241
  32.43126356858389414 72.93190213382997911
  32.56424500096530039 72.74758354818492023
  32.69720495908990188 72.56323659899545930
  32.82494132053998470 72.38607470345021966
  32.95265577437388771 72.20888659446299584
  33.08034812799262170 72.03167337491032640
  33.20801820496848933 71.85443616509022036
  33.33566584512094266 71.67717610186261368
  33.46329090458304023 71.49989433778031866
  33.59089325585874519 71.32259204021153209
  33.71847278787129198 71.14527039045445633
  33.84602940600246512 70.96793058284472977
  33.97356303212310991 70.79057382385636288
  34.10107360461458370 70.61320133119649256
  34.21011139956776503 70.46147843734644312
  34.31912575298512280 70.30974238533444520
  34.42811649605212665 70.15799447610433504
  34.53708347681374136 70.00623601816185726
  34.64602656023699012 69.85446832664720773
  34.75494562826338552 69.70269272240489045
  34.86384057985058149 69.55091053105137178
  34.97271133100337437 69.39912308204100100
  35.08155781479361224 69.24733170773079394
  35.19037998136891332 69.09553774244471924
  35.29917779795002986 68.94374252153794203
  35.40795124881663014 68.79194738046159330
  35.51670033528147030 68.64015365382876155
  35.62542507565283501 68.48836267448226067
  35.73412550518516895 68.33657577256454374
  35.84280167601791334 68.18479427459077158
  35.95145365710251184 68.03301950252522090
  36.06008153411769257 67.88125277286172832
  36.16868540937309007 67.72949539570893762
  36.27726540170126412 67.57774867388047824
  36.38582164633843519 67.42601390199106959
  36.49435429479397186 67.27429236555867931
  36.77907606860800627 66.87625415644657778
  37.06378366841875049 66.47822389771717155
  37.34848181672121825 66.08019894045747833
  37.63317523926954777 65.68217663393261319
  37.91786866181787730 65.28415432740773383
  37.91786866181787730 65.28415432740773383
  37.91786822384926126 65.28415384443866287
  37.91095365575502996 65.27652898431789197
  37.90405888820315283 65.26892629374276567
  37.89719334833836228 65.26135633749063913
  37.89036591682120303 65.25382908048746344
  37.88358473107681590 65.24635367244070494
  37.87685698686458835 65.23893823072295106
  37.87018875468066881 65.23158963950206157
  37.86358482648547152 65.22431338200837558
  37.85704860502794844 65.21711341934181405
  37.85058204331383536 65.20999212410606560
  37.84418563640408451 65.20295027133184362
  37.83785846256381546 65.19598708351998084
  37.83159826645999146 65.18910032194352766
  37.82540157371757772 65.18228641296252590
  37.81926382392765618 65.17554059628413654
  37.81317950935181926 65.16885708233003527
  37.80714231034875183 65.16222920852229095
  37.80114522385810716 65.15564958820984032
  37.79518011660848487 65.14911000985590306
  37.78923814956188210 65.14260169553847390
  37.78331038134105313 65.13611562773864705
  37.77738818456802505 65.12964279207935192
  37.77146345758736601 65.12317433121076249
  37.76552871826253011 65.11670164897699919
  37.76528373099215941 65.11670490237457898
  37.76503735814958418 65.11670396191817645
  37.76479006352467849 65.11669875057472723
  37.76454270374965461 65.11668947754350256
  37.76429776061053190 65.11667672832078324
  37.76405871702279882 65.11666128164783629
  37.76382879841262508 65.11664387044851310
  37.76355164827219824 65.11661714809335422
  37.76329292899790602 65.11659039326515597
  37.76309830744823159 65.11657016490869410
  37.76298067431618222 65.11655850253414712
  37.76293470971099708 65.11655488514594481
  37.76285427728615929 65.11654502738113592
  37.76273789852306351 65.11652880819872280
  37.76260132572853223 65.11650832638218844
  37.76245551582439930 65.11648488595055539
  37.76230446157561715 65.11645872368005428
  37.76214767942085615 65.11642940724001960
  37.76198289291096444 65.11639628128835966
  37.76180791325568720 65.11635880336982041
  37.76162168318094814 65.11631674421694527
  37.76142465890006861 65.11627026371409954
  37.76121872683980030 65.11621988772448333
  37.76100682401976627 65.11616641242108017
  37.76079241406770137 65.11611076743137971
  37.76057896498478783 65.11605387671295375
  37.66318890839428235 65.09008600192552763
  37.57955432808768137 65.06777404280578025
  37.50235155214860328 65.04717275686323319
  37.42297452588537254 65.02599498369066566
  37.33605156155279303 65.00281218122380267
  37.24008652678423914 64.97722538614461030
  37.13621805377313478 64.94953595143867631
  37.02671158647346772 64.92034505105840481
  36.91389000823990330 64.89026953492853522
  36.79960303580450898 64.85980084633533238
  36.68508855556338943 64.82926805972405759
  36.57104401302257202 64.79885674781320404
  36.45777323779481804 64.76864792245615376
  36.34533304647487029 64.73865694554382344
  36.23364814868608619 64.70886404011055504
  36.12258853059710617 64.67923484600446216
  36.01201511869228966 64.64973255557028153
  35.90180282204300255 64.62032404234015814
  35.79184934825374143 64.59098221065336531
  35.68207609291675908 64.56168623862664901
  35.57242518726742020 64.53242079898033978
  35.46285494961588114 64.50317485369973269
  35.35333470079153528 64.47394027692071461
  35.24383926121809907 64.44471038991025580
  35.13434344741988014 64.41547849299107042
  34.29723829867965890 64.19199632055976679
  33.46013283916789760 63.96851247902287696
  32.62302709861366878 63.74502712805255555
  31.78592110602126297 63.52154042342752405
  30.94881488993500085 63.29805251845574077
  30.11170847861005484 63.07456356489161209
  29.27460190012111596 62.85107371352003724
  28.43749518243099317 62.62758311452452631
  27.60038835343349461 62.40409191771784236
  26.76328144098032169 62.18060027268640511
  25.92617447289831389 61.95710832888300956
  25.08906747700189044 61.73361623569363132
  24.25196048110546698 61.51012414250426019
  24.25196048110546343 61.51012414250421045
  24.24286717640456956 61.41627683185431152
  24.23377387170367570 61.32242952120441259
  24.22468056700278893 61.22858221055451367
  24.21558726230189862 61.13473489990462184
  24.20649395760101541 61.04088758925473712
  24.19740065290013575 60.94704027860485240
  24.18830734819925254 60.85319296795497479
  24.17921404349837644 60.75934565730509718
  24.17012073879749678 60.66549834665522667
  24.16102743409662423 60.57165103600535616
  24.10620026711913511 60.00580810643821650
  24.05137310014164953 59.43996517687106262
  23.99654593316416751 58.87412224730391586
  23.94171876618668193 58.30827931773676198
  23.88689159920919636 57.74243638816960811
  23.83206443223170723 57.17659345860244713
  23.77723726525421455 56.61075052903528615
  23.72241009827672187 56.04490759946811096
  23.66758293129922563 55.47906466990094287
  23.61275576432172585 54.91322174033376058
  23.55792859734422962 54.34737881076657828
  23.50310143036672628 53.78153588119938888
  23.44827426338922649 53.21569295163219948
  23.39344709641171960 52.64985002206499587
  23.33861992943420915 52.08400709249779936
  23.28379276245670226 51.51816416293058865
  23.22896559547918827 50.95232123336337793
  23.17413842850167427 50.38647830379616011
  23.11931126152415672 49.82063537422894228
  23.06448409454663917 49.25479244466171025
  23.00965692756911452 48.68894951509448532
  22.95482976059159341 48.12310658552724618
  22.90000259361406876 47.55726365596000704
  22.84517542663654410 46.99142072639276790
  22.79034825965902655 46.42557779682551455
  22.73552109268150900 45.85973486725826831
  22.66829510033756989 45.16593005209137601
  22.60106910799363433 44.47212523692448372
  22.53384311564970233 43.77832042175759852
  22.46661712330576677 43.08451560659071333
  22.39939113096183831 42.39071079142383525
  22.33216513861791341 41.69690597625695716
  22.26493914627398496 41.00310116109008618
  22.19771315393006361 40.30929634592322230
  22.13048716158614582 39.61549153075635132
  22.06578706114363797 38.94775514392630100
  22.00108696070113723 38.28001875709625779
  21.93638686025863649 37.61228237026621457
  21.87168675981613575 36.94454598343617135
  21.80698665937364211 36.27680959660613524
  21.74228655893114848 35.60907320977609913
  21.67758645848865484 34.94133682294607013
  21.61288635804616831 34.27360043611604823
  21.54818625760367823 33.60586404928602633
  21.48348615716119170 32.93812766245601154
  21.41878605671870872 32.27039127562600385
  21.35408595627622574 31.60265488879599971
  21.28938585583374632 30.93491850196599913
  21.22468575539127045 30.26718211513599854
  21.15998565494879458 29.59944572830599796
  21.09528555450632226 28.93170934147599738
  21.03058545406385349 28.26397295464599679
  20.96588535362138472 27.59623656781599266
  20.90118525317891951 26.92850018098598852
  20.83648515273645785 26.26076379415598083
  20.77178505229399619 25.59302740732596959
  20.73169279803335030 25.17925591675956554
  20.69160054377270797 24.76548442619315793
  20.65150828951206918 24.35171293562675032
  20.61141603525143040 23.93794144506033916
  20.57132378099079517 23.52416995449392445
  20.53123152673015994 23.11039846392751329
  20.49113927246953182 22.69662697336109858
  20.45104701820890369 22.28285548279468387
  20.45104701820890369 22.28285548279468387
  20.82761804456191967 22.31558963810556762
  21.20418907091643490 22.34832379341508712
  21.58076009727319189 22.38105794872255316
  21.95733112363294381 22.41379210402728006
  22.33390214999642964 22.44652625932860346
  22.71047317636438834 22.47926041462583413
  23.08704420273755176 22.51199456991831127
  23.46361522911665887 22.54472872520535631
  23.84018625550243087 22.57746288048630490
  24.21675728189559962 22.61019703576050333
  24.59332830829686856 22.64293119102729790
  24.96989933470695533 22.67566534628603847
  25.34647036112655627 22.70839950153607845
  25.72304138755637481 22.74113365677679255
  26.09961241399709664 22.77386781200753774
  26.47618344044940031 22.80660196722769939
  26.85275446691395729 22.83933612243666644
  27.22932549339142838 22.87207027763383493
  27.60589651988247439 22.90480443281860445
  27.98246754638772771 22.93753858799038881
  28.35903857290782781 22.97027274314860890
  28.73560959944338933 23.00300689829269984
  29.11218062599503398 23.03574105342210032
  29.48875165256334796 23.06847520853626676
  29.86532267914892103 23.10120936363465916
  30.24189370575232516 23.13394351871676236
  30.61846473237412525 23.16667767378205411
  30.99503575901486840 23.19941182883004416
  31.37160678567508398 23.23214598386023866
  31.74817781235529779 23.26488013887216155
  32.12474883905601075 23.29761429386535454
  32.50131986577771670 23.33034844883936643
  32.87789089252088814 23.36308260379376733
  33.25446191928597273 23.39581675872813804
  33.78901934097653736 23.44228418242972367
  34.32357676268596691 23.48875160610975499
  34.85813418441273370 23.53521902976748947
  35.39269160615525323 23.58168645340220593
  35.92724902791197650 23.62815387701320091
  36.46180644968131901 23.67462130059978875
  36.99636387146171046 23.72108872416129444
  37.55764153700860675 23.76987885585473137
  38.11891920256351085 23.81866898752176098
  38.68019686812490221 23.86745911916175089
  39.24147453369126026 23.91624925077408648
  39.80275219926105734 23.96503938235816733
  40.36402986483275157 24.01382951391341791
  40.92530753040482239 24.06261964543929111
  41.48658519597574212 24.11140977693524690
  42.04786286154397601 24.16019990840078080
  42.60914052710800348 24.20899003983539544
  43.17041819266630398 24.25778017123862540
  43.73169585821736405 24.30657030261003015
  44.29297352375969155 24.35536043394917627
  44.85425118929175881 24.40415056525567650
  45.41552885481207369 24.45294069652914715
  45.97680652031917248 24.50173082776923295
  46.53808418581155593 24.55052095897561060
  46.92166383453987777 24.58386435124272396
  47.30524348325634065 24.61720774347617180
  47.68882313196236566 24.65055113567600031
  48.07240278065939521 24.68389452784229476
  48.45598242934885747 24.71723791997515818
  48.83956207803220906 24.75058131207471845
  49.22314172671090660 24.78392470414112125
  49.60672137538639248 24.81726809617454066
  49.99030102406010201 24.85061148817517207
  50.37388067273352021 24.88395488014323931
  50.75746032140807529 24.91729827207897685
  51.14103997008523095 24.95064166398265826
  51.52461961876642249 24.98398505585456419
  51.90819926745310653 25.01732844769500019
  52.29177891614671125 25.05067183950430376
  52.67535856484866486 25.08401523128281951
  53.05893821356040974 25.11735862303092759
  53.44251786228335277 25.15070201474902234
  53.82609751101890794 25.18404540643751588
  54.20967715976847501 25.21738879809684875
  54.59325680853343954 25.25073218972748279
  54.97683645731517998 25.28407558132988697
  55.36041610611504638 25.31741897290455867
  55.74399575493440295 25.35076236445201303
  56.12757540377458554 25.38410575597277941
  56.51115505263691574 25.41744914746741912
  56.89473470152267964 25.45079253893649707
  57.27831435043318464 25.48413593038060299
  57.66189399936968840 25.51747932180034084
  58.04547364833343437 25.55082271319633591
  58.42905329732564468 25.58416610456922413
  58.75164914134231253 25.61220836254860345
  59.07424498538086510 25.64025062050525250
  59.39684082943800547 25.66829287843938090
  59.71943667351040119 25.69633513635121247
  60.04203251759473403 25.72437739424098524
  60.36462836168765023 25.75241965210896566
  60.68722420578582444 25.78046190995542730
  61.00982004988590290 25.80850416778065082
  61.33241589398454607 25.83654642558494530
  61.65501173807842150 25.86458868336862338
  61.97760758216419674 25.89263094113201547
  62.30020342623855356 25.92067319887546972
  62.62279927029816662 25.94871545659934498
  62.94539511433973900 25.97675771430401426
  63.26799095835998799 26.00479997198986126
  63.59058680235564509 26.03284222965728745
  63.91318264632344892 26.06088448730670137
  64.23577849026018782 26.08892674493852937
  64.55837433416265014 26.11696900255320131
  64.88097017802766686 26.14501126015117194
  65.20356602185208317 26.17305351773290312
  65.38769190344260096 26.32029118763459863
  65.57181778499951008 26.46752885752621154
  65.75594366652636324 26.61476652741082916
  65.94006954802669895 26.76200419729153523
  66.12419542950411255 26.90924186717142419
  66.30832131096217097 27.05647953705359043
  66.49244719240445534 27.20371720694111062
  66.67657307383457521 27.35095487683706850
  66.86069895525614015 27.49819254674453717
  67.04482483667275972 27.64543021666657552
  67.22895071808804346 27.79266788660623533
  67.41307659950561515 27.93990555656655062
  67.59720248092908435 28.08714322655053408
  67.80317754057989532 28.25185275910976301
  68.00915260023620590 28.41656229169261749
  68.21512765989783134 28.58127182429905488
  68.42110271956457268 28.74598135692900414
  68.62707777923621677 28.91069088958239774
  68.83305283891257886 29.07540042225912913
  69.03902789859344580 29.24010995495908816
  69.24500295827859020 29.40481948768215048
  69.45097801796781312 29.56952902042816334
  69.65695307766088717 29.73423855319696685
  69.86292813735758500 29.89894808598838694
  70.06890319705770764 30.06365761880223175
  70.27487825676101352 30.22836715163829169
  70.48085331646727525 30.39307668449633937
  70.68682837617630810 30.55778621737613321
  70.89280343588782785 30.72249575027743163
  71.09877849560162133 30.88720528319995395
  71.30475355531746118 31.05191481614341953
  71.51072861503510580 31.21662434910752992
  71.71670367475432784 31.38133388209197605
  71.92267873447487148 31.54604341509642396
  72.12865379419652356 31.71075294812053968
  73.05002490788508851 32.44753441130524863
  73.97139602157037075 33.18431587450473330
  74.89276713525018181 33.92109733771653168
  75.81413824892231901 34.65787880093816398
  76.73550936258465072 35.39466026416715749
  77.99562376710470346 36.40232039269120179
  79.25573817161932766 37.40998052122407103
  80.51585257613069757 38.41764064976648996
  81.77596698064100167 39.42530077831917623
  83.03608138515244264 40.43296090688282618
  84.29619578966720894 41.44062103545815035
  86.43695663173109267 43.15249682835717238
  88.57771747379698013 44.86437262126320746
  90.71847831586421762 46.57624841417391082
  92.85923915793210881 48.28812420708695896
