400
0 0
68.792375 27.90175 5
17.272875 64.973225 5
77.750225 18.79385 5
0.00155 79.256375 5
54.870925 48.098925 5
91.08095 71.69145 5
36.110325 75.95995 5
22.27635 97.920025 5
76.1173 11.832075 5
92.480625 84.1266 5
33.324025 88.862275 5
92.049975 40.056175 5
2.125025 13.8908 5
2.404275 62.37445 5
91.03755 80.9252 5
16.4015 79.860725 5
83.1155 24.690275 5
80.003925 44.278875 5
14.358825 25.883825 5
55.5813 65.9389 5
74.44305 98.0205 5
34.098725 26.483975 5
72.88955 91.55335 5
33.240325 8.160175 5
40.4237 12.94705 5
39.658325 53.39295 5
94.404 75.185075 5
40.290225 96.689525 5
28.20205 68.6988 5
87.3023 11.937375 5
14.24105 46.110125 5
18.476575 32.50015 5
2.34935 1.70725 5
90.725625 70.444425 5
64.46975 94.91155 5
56.428075 90.20545 5
27.65685 28.081275 5
98.6909 7.723575 5
76.27055 23.463675 5
31.8731 36.0461 5
27.4824 83.15295 5
12.5519 14.734025 5
75.8385 89.39705 5
76.538875 22.08605 5
43.054225 52.07985 5
75.589675 88.707575 5
74.919425 66.332825 5
56.7601 13.3255 5
10.7326 2.49095 5
20.9401 75.2051 5
71.829525 5.85575 5
99.82775 8.49955 5
67.679475 96.828325 5
95.486225 52.746525 5
77.335225 0.00945 5
23.831575 88.204275 5
82.150425 71.4598 5
96.9141 16.74635 5
84.9479 97.513325 5
62.944875 12.9098 5
20.686175 21.9667 5
72.106325 71.513625 5
54.0981 10.209075 5
39.243575 59.34405 5
59.360575 77.3659 5
70.163125 48.595475 5
40.913925 82.729825 5
86.192975 99.203225 5
44.89855 41.381 5
61.491825 51.7088 5
57.24125 42.40615 5
37.32375 47.164775 5
28.87265 55.2137 5
84.25115 92.664475 5
12.1212 83.525275 5
32.733925 86.47665 5
61.33205 47.81805 5
76.5757 39.19325 5
42.31835 87.347525 5
60.2356 81.956375 5
69.349625 77.516575 5
8.347775 79.0334 5
98.93765 68.322275 5
91.825175 77.123475 5
80.128375 42.2928 5
44.6523 7.1683 5
49.100125 97.070175 5
13.3837 46.032275 5
30.732825 57.781 5
59.82755 37.21565 5
9.352575 52.2461 5
2.307925 97.449675 5
43.312375 33.022625 5
51.0767 59.931625 5
95.9689 41.808 5
47.99765 20.639375 5
61.732525 60.28975 5
45.110025 59.219325 5
53.08505 32.116125 5
89.0595 90.291 5
34.822 51.041775 5
58.980725 40.369175 5
95.640625 28.68455 5
19.028925 48.6519 5
30.46345 78.65395 5
19.9845 27.40155 5
87.858275 88.334025 5
72.419975 34.998125 5
77.464 15.628175 5
90.195175 89.03695 5
1.692025 67.9044 5
37.4986 37.94785 5
24.1584 82.49565 5
54.01775 81.8894 5
67.97015 74.943825 5
67.662425 58.9604 5
38.122975 58.912025 5
18.77905 36.01655 5
69.817575 1.306825 5
46.59205 4.24755 5
5.2982 16.16745 5
94.807975 43.25145 5
59.92645 35.207 5
26.6212 98.85125 5
81.52085 13.687775 5
74.4851 34.7013 5
82.33615 2.420325 5
40.4153 76.30845 5
64.181275 8.885925 5
28.471925 7.124375 5
94.377175 57.5521 5
58.66755 14.455925 5
66.508125 91.303225 5
91.5733 68.725 5
94.81355 7.137025 5
71.306475 97.9771 5
42.344525 27.231625 5
73.97555 66.71955 5
48.99045 98.5583 5
40.718225 8.45085 5
59.25755 30.092125 5
77.472675 18.057475 5
92.685275 90.310575 5
32.22375 93.28635 5
83.835575 49.221375 5
84.77555 95.283075 5
68.784175 11.8632 5
84.710775 44.260425 5
53.686425 15.19815 5
17.13825 10.254625 5
0.331025 69.303175 5
34.7277 67.482525 5
13.011825 10.0758 5
0.610975 22.331075 5
15.45105 94.471525 5
68.033375 62.578975 5
39.217825 28.48755 5
21.668825 63.73225 5
75.12385 56.355025 5
67.8084 64.88 5
59.205025 55.76 5
43.9034 88.387225 5
29.46595 31.229925 5
2.206275 60.72485 5
40.205375 70.4585 5
56.13655 83.451075 5
71.96685 79.285825 5
59.666825 17.15215 5
94.09005 9.358875 5
32.636425 9.71905 5
15.2685 27.387025 5
21.1268 22.989225 5
12.34295 3.720825 5
60.77085 76.3761 5
79.6523 4.144625 5
35.77655 45.5234 5
49.821325 32.088775 5
72.222075 99.2555 5
84.730325 97.611875 5
77.882675 4.11235 5
53.249925 71.4317 5
16.533825 6.314025 5
13.11545 76.27845 5
72.374675 95.981125 5
75.3053 17.780525 5
8.8531 66.09375 5
75.94035 77.0935 5
31.583525 68.6781 5
4.729125 38.22055 5
15.806625 40.87695 5
74.018375 45.692475 5
22.609375 83.218325 5
60.81405 45.86495 5
48.825175 33.4678 5
44.549375 51.8385 5
47.81055 52.508825 5
25.090375 4.2535 5
90.314475 71.662575 5
85.82305 42.253575 5
45.884675 65.715725 5
36.3513 83.686975 5
30.804475 50.3614 5
49.4347 86.0537 5
41.323875 57.06515 5
63.106325 74.44845 5
56.680125 15.845675 5
36.34605 45.558575 5
86.306375 44.08645 5
57.8987 27.066925 5
61.692525 66.479075 5
41.3638 51.811825 5
59.6161 30.5374 5
35.05695 38.887125 5
12.54795 14.295525 5
66.095725 55.876775 5
55.894525 37.29925 5
90.921925 35.308625 5
70.38585 48.289775 5
74.186175 37.664625 5
8.7059 46.626875 5
62.138225 61.218175 5
27.251975 44.47235 5
76.3481 68.05155 5
11.134375 51.580675 5
65.757275 28.49595 5
92.124775 61.791725 5
38.0514 44.25295 5
46.718325 46.79505 5
82.455325 37.974875 5
53.1029 58.71345 5
30.1798 54.1346 5
40.703325 55.537825 5
56.707375 20.9848 5
27.27955 90.9405 5
61.751375 53.5726 5
31.7652 39.5927 5
69.4258 42.661825 5
63.06625 46.073225 5
41.683175 67.299925 5
30.2641 36.115 5
75.41995 23.365625 5
22.793175 31.8095 5
24.44465 63.1281 5
57.767975 55.4125 5
56.708375 61.084725 5
19.322625 41.061025 5
74.97575 51.8098 5
46.228875 65.56925 5
35.60905 81.995775 5
75.70595 48.354275 5
78.897475 61.3791 5
44.541975 62.0002 5
32.800625 59.186225 5
83.247325 46.458225 5
45.015525 41.584025 5
62.8697 20.929125 5
52.0729 45.66175 5
55.9361 51.897075 5
28.216025 27.287675 5
40.468775 56.35765 5
62.1796 60.091575 5
63.9561 69.944325 5
87.349525 37.1432 5
67.096325 78.407125 5
63.564825 58.6141 5
52.726325 74.9715 5
66.273425 16.5814 5
50.5204 51.7746 5
39.7753 66.19835 5
53.51985 31.610925 5
33.276075 49.648225 5
31.916925 49.63125 5
40.529725 53.231175 5
38.966475 52.166125 5
29.5312 77.759375 5
64.2971 80.8087 5
60.964225 55.767775 5
43.5222 45.0811 5
65.024675 48.473875 5
58.59885 48.807625 5
79.556325 49.1563 5
32.5307 9.603625 5
64.04505 44.910675 5
61.5062 10.2838 5
26.5978 58.30075 5
17.095675 43.177 5
58.5251 25.335175 5
94.997925 34.851 5
85.3769 55.416 5
49.5023 72.1454 5
76.046775 40.829925 5
32.29465 34.1886 5
53.429725 29.230175 5
37.615325 65.262725 5
26.51415 33.575825 5
19.292975 43.870425 5
46.119125 55.3112 5
44.898775 67.784675 5
67.6691 30.587025 5
56.46315 20.9863 5
47.35915 48.071 5
45.616825 55.349625 5
44.4217 64.703925 5
49.014675 34.9475 5
47.802925 54.5327 5
64.48255 39.62755 5
22.467675 76.02705 5
18.3822 65.772725 5
30.688625 60.637275 5
21.4066 50.274675 5
28.231575 43.86655 5
51.332325 47.3944 5
39.430175 70.428325 5
51.8225 53.851 5
58.962525 15.549225 5
54.099275 51.121125 5
68.048425 58.486425 5
26.549225 47.5983 5
42.114525 60.87195 5
43.10885 48.272275 5
37.074525 51.14655 5
53.6353 62.58645 5
49.0937 40.0849 5
66.686275 83.4025 5
56.7604 48.090675 5
75.0516 36.4713 5
34.241775 45.041325 5
10.71515 57.182775 5
54.7913 22.79115 5
42.88515 65.09985 5
43.7645 63.186425 5
36.8297 55.690525 5
51.464375 46.273425 5
56.4549 49.1402 5
22.891175 56.122525 5
52.703075 49.56845 5
52.902425 64.80215 5
19.41455 76.0326 5
60.313175 36.907775 5
85.726975 46.8848 5
43.47965 52.4779 5
29.2116 52.625 5
77.267275 35.3236 5
20.9892 20.7572 5
41.89655 53.797625 5
21.0091 68.35155 5
13.92855 83.165725 5
50.075475 49.526025 5
56.145325 18.970525 5
56.18475 25.5187 5
74.7548 56.66355 5
50.9611 51.5263 5
20.995625 24.282225 5
70.20275 51.264575 5
64.881075 21.1972 5
48.801425 47.111675 5
25.49855 33.45475 5
53.3194 62.871025 5
12.50315 65.202575 5
43.242475 40.8624 5
55.460475 43.213925 5
56.281125 43.406775 5
44.413025 51.821425 5
51.731775 54.063975 5
39.47365 37.672175 5
59.0369 52.162425 5
62.481725 64.778425 5
33.989075 25.3104 5
82.166 45.384 5
11.458875 55.406825 5
52.727475 27.05645 5
17.219275 51.795125 5
31.60195 76.5275 5
42.80595 50.969325 5
64.627025 39.598675 5
41.765825 57.606275 5
8.9679 51.422725 5
50.03295 71.692275 5
40.7628 47.39015 5
43.2503 8.7931 5
54.125425 38.6935 5
65.789175 19.559925 5
50.342 58.1772 5
27.2689 42.18555 5
74.758025 68.76505 5
31.24645 46.9846 5
42.3891 68.379025 5
63.23165 61.378 5
65.721375 76.70655 5
75.320425 66.338125 5
83.98185 43.958725 5
55.289875 75.9977 5
36.0198 39.389875 5
37.4906 38.735475 5
49.48335 26.949275 5
29.23795 80.022375 5
55.262125 52.9866 5
77.736325 41.257125 5
14.259 13.428825 5
30.896 84.86835 5
