300
23.55 20.83
44.75 90.08 7
82.42 49.99 7
2.01 79.01 7
25.84 61.09 7
88.21 3.61 7
24.47 65.24 7
5.07 73.15 7
85.76 19.27 7
64.87 11.36 7
43.21 42.61 7
49.78 61.48 7
51.38 10.51 7
23.55 20.83 7
27.74 25.63 7
40.14 85.47 7
39.28 92.99 7
46.8 93.43 7
48.98 92.03 7
37.93 93.92 7
39.31 87.14 7
42.37 92.45 7
40.14 88.25 7
47.67 92.59 7
47.56 92.03 7
37.88 93.16 7
49.11 94.31 7
49.91 91.9 7
48.89 93.1 7
39.7 88.73 7
41.11 92.55 7
47.08 88.26 7
45.57 93.71 7
46.89 94.85 7
47.48 94.9 7
46.92 92.94 7
42.93 88.78 7
39.18 94.86 7
38.99 86.42 7
41.11 86.33 7
38.36 90.43 7
48.42 91.53 7
48.25 85.26 7
48.68 92.55 7
42.78 91.87 7
38.08 89.48 7
40.13 86.48 7
50.91 90.3 7
44.33 87.3 7
51.75 85.81 7
85.78 45.37 7
86.88 55.34 7
92.82 43.5 7
90.93 51.78 7
89.33 46.23 7
84.47 44.91 7
85.43 53 7
91.08 56.32 7
89.59 51.88 7
85.21 44.35 7
92.92 45.3 7
92.59 46.16 7
87.26 54.53 7
92 48.8 7
93.86 49.11 7
92.09 44.08 7
85.02 48.75 7
89.36 56.03 7
84.47 48.16 7
89.11 45.94 7
88.92 43.62 7
87.56 46.99 7
87.92 47.46 7
85.85 46.49 7
8.95 75.43 7
3.44 75.58 7
0.76 80.97 7
2.99 72.09 7
6.62 72.96 7
6.36 80.44 7
1.21 81.97 7
4.15 75.92 7
1.36 82.41 7
0.97 75.78 7
10.66 76.44 7
8.29 81.45 7
2.19 82.13 7
4.75 76.37 7
8.06 78.36 7
8.6 80.56 7
0.91 72.43 7
11.23 82.6 7
21.75 55.19 7
30.85 54.39 7
23.78 67.37 7
23.5 55.84 7
23.19 66.22 7
30.36 58.14 7
19.65 58.2 7
86.46 7.15 7
90.71 5.35 7
90.14 0.74 7
86.71 7.9 7
84.21 1.15 7
84.57 2.19 7
90.45 0.18 7
84.22 4.25 7
84.85 7.49 7
85.18 6.81 7
91.86 5.09 7
83.5 4.83 7
89.81 1.33 7
83.98 4.24 7
86.49 3.97 7
87.06 2.89 7
90.79 7.27 7
83.08 5.9 7
83.63 6.61 7
85.34 3.13 7
83.08 6.85 7
24.03 65.56 7
20.64 65 7
28.77 62.05 7
23.52 71.05 7
26.5 63.44 7
20.88 59.51 7
25.86 63.85 7
25.24 60.77 7
27.64 62.78 7
27.4 59.84 7
25.01 63.12 7
27.62 60.61 7
22.17 64.94 7
22.51 60.15 7
27.28 65.47 7
28.86 67.84 7
27.36 59.94 7
24.49 66.27 7
26.15 61.96 7
21.39 62.71 7
20.56 61.44 7
25.62 68.98 7
24.86 66.05 7
22.65 62.2 7
20.35 68.75 7
8.67 72.77 7
21.49 69.2 7
19.86 66.11 7
4.8 88.51 7
28.95 69.72 7
1.01 87.83 7
21.99 57.15 7
24.25 76.66 7
4.21 66.53 7
28.82 81.78 7
35.58 76.06 7
30.83 54.42 7
37.85 53.76 7
12.82 66.49 7
27.18 54.04 7
39.42 71.54 7
36.6 82.94 7
23.47 70.49 7
16.79 62.67 7
35.46 90.5 7
21.1 78.12 7
13.36 65 7
24.2 92.42 7
35.37 65.99 7
11.74 69.17 7
16.99 78.36 7
12.14 56.76 7
12.07 80.14 7
34.79 81.57 7
31.99 67.74 7
27.35 82.24 7
11.18 57.92 7
58.75 56.63 7
92.92 88.46 7
2.57 49.67 7
70.7 73.7 7
72.93 73.7 7
24.67 93.34 7
33.01 55.55 7
31.22 0.18 7
90.65 58.26 7
60.94 57.56 7
68.17 79.21 7
51.12 47.54 7
19.48 4.75 7
53.73 28.37 7
16.07 82.14 7
5.54 99.29 7
48.26 14.58 7
9.41 84.38 7
74.49 84.46 7
47.3 55.25 7
98.41 37.64 7
54.05 68.39 7
63.26 50.77 7
57.57 78.44 7
65.16 40.78 7
3.21 36.35 7
32.42 78.27 7
1.24 99.01 7
60.12 71.05 7
53.35 83.14 7
3.36 12.54 7
78.98 97.83 7
22.6 70.1 7
54.83 99.88 7
5.58 22.9 7
24.66 9.13 7
15.54 52.83 7
4.01 20.5 7
96.43 49.73 7
60.89 11.99 7
61.27 24.41 7
78.01 26.19 7
44.53 2.72 7
54.22 8.18 7
71.33 32.23 7
50.21 0.82 7
63.35 21.49 7
55.5 8.86 7
73.63 17.07 7
47.34 38.25 7
45.57 28.26 7
58.02 32.46 7
79.79 30.32 7
56.31 21.31 7
62.16 16.88 7
43.23 11.54 7
75.98 28.26 7
45.63 23.76 7
74.93 38.63 7
50.3 13.28 7
77.94 16.73 7
40 38.77 7
66.87 17.1 7
41.47 31.69 7
67 3.94 7
63.88 23.81 7
76.81 16.4 7
41.49 2.29 7
78.41 15.88 7
49.85 30.56 7
44.15 32.64 7
42.72 42.84 7
42.95 44.74 7
42.69 39.78 7
45.6 43.93 7
43.21 42.35 7
42.62 44.81 7
42.59 39.16 7
41.07 43.98 7
41.97 43.22 7
40.11 39.6 7
45.42 39.91 7
40.4 40.19 7
45.6 41.81 7
42.56 42.28 7
43.96 42.1 7
45.71 40.8 7
64.3 1.03 7
30.69 95.98 7
11.46 53.07 7
0.62 84.95 7
34.24 70.46 7
85.6 88.65 7
66.26 99.07 7
25.65 24.53 7
70.23 90.73 7
9.07 51.92 7
53.87 15.51 7
57.66 15.51 7
52.12 16.84 7
47.45 7.49 7
48 4 7
50.97 4.59 7
55.4 11.17 7
54.5 15.91 7
52.67 8.88 7
52.96 3.75 7
44.72 11.87 7
55.38 10.13 7
45.57 12.76 7
56.94 12.18 7
53.85 15.08 7
56.38 14.32 7
54.15 15.54 7
56.26 10.34 7
46.38 12.31 7
50.52 8.68 7
56.85 15.49 7
55.24 13.37 7
51.98 10.99 7
45.09 11.7 7
52.67 4.65 7
51.86 7.7 7
52.03 16.04 7
