Number of disks = 1000
Depot = yes (node 1001)
Tour length = 1012.83848346254603712
Tour sequence = 1001 249 156 786 409 604 728 103 178 784 510 827 24 587 299 839 967 6 561 55 211 873 165 881 793 425 254 293 942 265 473 943 427 261 861 193 592 842 161 384 830 716 795 311 832 223 358 923 608 907 647 667 288 910 708 445 258 649 480 250 64 632 111 26 579 891 710 314 341 659 291 524 413 675 368 355 8 494 213 371 352 729 889 635 820 594 680 688 367 418 61 652 189 971 461 335 303 262 74 4 802 520 86 906 133 717 578 679 748 407 272 844 951 993 87 287 10 706 998 622 231 429 777 332 46 966 334 505 389 871 214 738 123 316 658 154 224 849 345 469 917 57 495 756 378 128 116 158 47 857 122 715 167 216 220 307 100 533 944 813 683 511 980 340 571 697 540 548 356 184 176 765 805 502 957 778 669 482 148 78 32 125 65 837 121 492 555 877 618 282 207 670 535 685 819 151 693 11 37 420 514 38 393 306 661 713 755 444 402 541 549 531 921 730 481 639 916 396 142 964 328 946 283 408 516 551 704 866 59 763 419 428 694 273 609 937 89 499 796 965 646 137 21 312 363 507 651 395 911 727 353 740 605 909 387 736 79 513 742 712 236 989 457 34 905 854 333 779 771 198 130 709 131 530 595 81 636 488 276 97 119 342 887 978 3 194 746 114 381 792 754 767 933 537 237 351 947 77 376 807 741 259 724 14 523 386 974 673 700 613 302 692 671 433 281 686 508 956 221 509 163 403 979 558 607 132 935 532 279 343 593 331 577 886 973 737 337 270 610 580 16 664 880 543 797 962 584 437 614 556 703 894 449 405 169 954 330 186 493 932 733 896 485 417 641 606 99 958 222 707 366 113 435 506 833 804 557 566 788 48 329 31 350 325 900 442 963 379 463 439 868 663 562 226 209 999 451 735 645 90 560 838 898 952 75 432 766 180 576 621 243 205 552 913 450 634 304 800 170 726 743 153 108 406 553 267 961 977 684 591 876 215 996 239 718 202 441 411 106 757 385 39 138 835 201 574 699 453 922 811 369 305 643 725 308 1 452 251 990 823 320 95 705 93 391 448 17 981 13 468 719 941 563 760 783 15 230 879 599 447 462 497 721 527 775 436 617 816 637 968 150 28 20 275 44 415 92 96 310 72 794 616 803 73 120 867 893 702 768 657 36 841 185 373 292 50 115 501 365 924 475 701 88 253 247 404 260 58 430 496 424 76 257 780 644 926 434 2 234 678 174 41 168 300 814 141 927 764 225 274 124 731 229 460 256 60 191 80 695 668 597 620 410 918 173 164 370 295 177 56 722 602 104 772 54 682 416 689 465 812 582 564 286 162 806 218 799 750 623 459 976 474 972 84 631 818 653 290 297 544 401 801 35 491 583 190 85 629 266 525 188 931 504 101 603 285 627 477 268 739 539 817 920 30 271 847 240 127 930 375 212 49 528 899 785 147 182 467 884 625 791 478 196 7 698 486 798 925 870 360 572 997 155 458 856 280 69 518 346 953 851 498 883 63 878 914 723 852 66 199 19 687 758 27 836 789 829 45 362 640 382 359 464 938 600 219 986 43 681 318 612 361 650 143 934 850 117 70 192 774 950 102 589 858 338 426 662 949 656 68 398 210 611 601 175 484 67 241 915 995 521 588 912 446 769 674 344 855 840 515 466 677 319 9 438 112 109 776 929 94 865 642 91 863 238 994 519 490 787 529 227 134 902 144 984 546 354 298 567 815 217 848 655 296 244 233 455 399 129 545 822 443 323 422 665 570 195 536 762 834 568 82 569 252 232 648 638 948 869 810 903 126 181 790 808 284 888 140 421 339 374 40 895 412 263 248 824 859 761 696 118 204 744 62 624 781 955 904 414 874 522 324 309 753 542 157 720 347 242 770 208 394 313 554 476 22 397 146 53 575 454 745 619 759 139 565 5 714 885 183 269 982 882 773 380 166 105 547 969 538 517 630 440 890 23 348 919 864 590 960 372 317 988 626 179 470 825 992 1000 187 149 322 42 52 357 550 277 135 901 289 586 862 255 159 828 821 672 853 831 628 487 145 471 483 945 573 12 383 400 939 321 581 809 51 18 301 970 734 660 294 875 751 845 152 860 983 110 908 203 388 585 71 534 336 390 83 782 826 423 654 747 160 749 872 732 500 991 936 326 691 897 479 25 666 377 456 206 315 503 107 171 512 690 985 245 200 959 846 136 392 975 940 928 892 197 235 431 29 598 676 327 559 615 472 228 278 843 752 526 364 33 596 98 172 349 633 489 246 987 264 711
Tour visit points:
  80.00000000000000000 20.00000000000000000
  78.16036359450131954 17.89876480395456326
  76.32072718900265329 15.79752960790912297
  73.80095210953621176 17.09878944921922184
  71.28117703006978445 18.40004929052932070
  70.24193891208703633 17.88801455867422163
  66.92463213463612703 12.34569765123987573
  63.60732535718524616 6.80338074380553248
  62.75145106243792270 9.73759087716152116
  61.89557676769059924 12.67180101051751073
  61.03970247294326867 15.60601114387350030
  60.18382817819591679 18.54022127722948809
  60.05015073305053619 18.99851020651965783
  59.91647328790514138 19.45679913580982756
  59.78279584275974656 19.91508806509999729
  59.43683203025887707 20.86941612215052189
  59.09086821775800757 21.82374417920104648
  57.95633226118687276 22.99216101730260675
  56.82179630461573083 24.16057785540417058
  55.68726034804458180 25.32899469350573796
  54.69855331944151544 26.34722768425250550
  53.70984629083844908 27.36546067499927659
  52.72113926223537561 28.38369366574604413
  51.73243223363230925 29.40192665649280812
  50.74372520502924289 30.42015964723957211
  49.66227110173785064 30.85432829868026516
  48.58081699844645840 31.28849695012095466
  47.49936289515506616 31.72266560156164061
  46.41790879186368102 32.15683425300232301
  45.33645468857229588 32.59100290444300896
  45.13245019697171045 32.67290407319025292
  44.92844570537111792 32.75480524193749687
  43.84872656701582372 32.33241610540201094
  42.76900742866052951 31.91002696886653567
  41.68928829030523531 31.48763783233106039
  40.60956915194994110 31.06524869579558867
  39.52985001359463979 30.64285955926012051
  37.26508744635037829 29.75687813015132832
  36.20215575217569892 28.62698572312901391
  35.13922405800102666 27.49709331610670304
  34.07629236382634730 26.36720090908438863
  32.53368192330121644 26.47222541190405565
  30.99107148277607848 26.57724991472372267
  29.44846104225094408 26.68227441754339324
  27.90585060172580967 26.78729892036306381
  26.43785295752733333 26.88724361065694524
  24.96985531332884989 26.98718830095083021
  24.87846390282011910 26.20484245314377247
  24.78707249231138476 25.42249660533671474
  24.69568108180265043 24.64015075752966055
  24.60428967129391964 23.85780490972260637
  24.51289826078518885 23.07545906191555218
  24.42150685027646162 22.29311321410849800
  24.12482703594083944 21.08079973998678369
  23.82814722160522081 19.86848626586507294
  24.11047700918667402 19.63191062928555297
  24.39280679676812369 19.39533499270602945
  24.67513658434957691 19.15875935612651304
  26.17215849537272021 19.12556445131473026
  27.70431042635523156 19.09159057482590782
  29.23646235733774290 19.05761669833708893
  30.76861428832025425 19.02364282184826649
  32.31556036926858866 18.84145276578879447
  33.86250645021691241 18.65926270972932244
  35.40945253116524327 18.47707265366985396
  36.95639861211358124 18.29488259761038549
  38.68525150448848393 18.09126864541157431
  40.41410439686339373 17.88765469321275958
  42.14295728923829643 17.68404074101395196
  43.87181018161319201 17.48042678881514433
  42.92706505597867306 11.89692571820192413
  41.98231993034415410 6.31342464758870481
  37.90682755565290307 7.26836613209703142
  33.83133518096164494 8.22330761660535714
  33.55563654129427675 8.28790743523728857
  30.45946853035355417 8.38789522790094644
  27.36330051941283159 8.48788302056461319
  24.26713250847210546 8.58787081322828350
  21.34431226476711174 8.68226050509515979
  18.42149202106210737 8.77665019696204496
  15.49867177735709234 8.87103988882893901
  12.57585153365206487 8.96542958069584195
  9.65303128994702320 9.05981927256275554
  8.79926619798697196 10.47691854870341466
  7.94550110602628568 11.89401782484496017
  7.09173601406470944 13.31111710098775447
  6.65055210550394982 14.04340447529425617
  6.20936819694245035 14.77569184960172599
  5.76818428838033448 15.50797922390996852
  5.32700037981774788 16.24026659821875995
  4.88581647125484864 16.97255397252786224
  4.44463256269180551 17.70484134683702493
  4.00344865412878281 18.43712872114602064
  4.40225917153488844 19.74727278230392358
  4.80106968894121344 21.05741684346162401
  5.19988020634783510 22.36756090461912194
  5.59869072375482002 23.67770496577642447
  5.75529831689358673 24.19218113710807927
  5.91190591003277444 24.70665730843977315
  6.06851350317238225 25.22113347977161979
  6.22512109631239152 25.73560965110372223
  6.38172868945276495 26.25008582243615862
  6.66151746016462010 26.31003474748810333
  7.75362215038127189 26.54403449685681338
  8.84572684059824255 26.77803424622586448
  9.93783153081550985 27.01203399559523533
  11.02993622103304894 27.24603374496489039
  12.12204091125081185 27.48003349433479059
  13.21414560146875417 27.71403324370488264
  14.30625029168681728 27.94803299307510613
  15.39835498190493901 28.18203274244539713
  16.49045967212306252 28.41603249181569524
  15.35720140756211727 29.97372118301489508
  14.22394314300117202 31.53140987421409491
  13.09068487844022677 33.08909856541330186
  11.95742661387928685 34.64678725661250525
  11.27194828884529088 35.58899246116163795
  10.58646996381129668 36.53119766571077065
  9.90099163877729893 37.47340287025991046
  9.00255993765145668 38.07811726596317214
  8.10412823652561087 38.68283166166643383
  7.20569653539976862 39.28754605736969552
  6.30726483427392548 39.89226045307295010
  5.40883313314808234 40.49697484877620468
  5.76193224409422378 40.86815014155031633
  6.11503135504036521 41.23932543432442088
  6.46813046598650665 41.61050072709853254
  6.82122957693264986 41.98167601987262998
  7.17432868787879219 42.35285131264673453
  7.52742779882493362 42.72402660542082486
  7.88052690977107595 43.09520189819492231
  8.23362602071721739 43.46637719096900554
  8.58672513166335705 43.83755248374308877
  8.76992724017731184 44.52519158534672528
  8.95312934869126487 45.21283068695036178
  9.13633145720521789 45.90046978855399828
  9.31953356571916913 46.58810889015762768
  9.50273567423312038 47.27574799176125708
  8.96029421087977340 47.31845666576541021
  8.41785274752642820 47.36116533976957044
  7.87541128417308300 47.40387401377373067
  6.92844598282037971 47.47843253313673983
  5.98148068146767731 47.55299105249974900
  5.03451538011497401 47.62754957186276528
  4.08755007876227072 47.70210809122578155
  3.14058477740956699 47.77666661058880493
  3.04731813486275893 48.71879197545821683
  2.95405149231595043 49.66091734032762872
  2.86078484976914194 50.60304270519704062
  2.76751820722233344 51.54516807006645962
  2.67425156467552450 52.48729343493587862
  3.57816140636343683 52.39879328094990285
  4.48207124805134960 52.31029312696391997
  5.38598108973926148 52.22179297297793710
  6.28989093142717337 52.13329281899195422
  7.19380077311508437 52.04479266500596424
  8.09771061480299537 51.95629251101996715
  9.00162045649090459 51.86779235703397006
  9.90553029817881381 51.77929220304798008
  10.89717241625506183 52.72932552006525242
  11.88881453433130631 53.67935883708251765
  12.02608511506300282 53.81086961376716715
  13.26601078271201040 54.99876862835992597
  14.99642382000054752 54.67604054173090589
  14.97540102278534668 53.85870409229005418
  14.95437822557014940 53.04136764284919536
  14.86502537070242269 49.56745575579540031
  15.05989694052255246 49.46597442811658851
  15.25476851034268577 49.36449310043776251
  15.88950072924579970 49.03394992087460480
  16.52423294814891364 48.70340674131143999
  17.15896516705202757 48.37286356174826096
  17.35300565277772122 47.65729013620858012
  17.54704613850341843 46.94171671066889218
  17.74108662422911564 46.22614328512919712
  17.93512710995481285 45.51056985958950207
  18.12916759568051361 44.79499643404979992
  18.32320808140621438 44.07942300851010486
  19.25478656849265491 43.09105641307940715
  20.18636505557909544 42.10268981764870233
  21.11794354266553242 41.11432322221800462
  22.04952202975196940 40.12595662678730690
  22.98110051683840638 39.13759003135660919
  23.91267900392483980 38.14922343592592568
  24.84425749101126968 37.16085684049524218
  25.77583597809769955 36.17249024506455868
  26.70741446518412943 35.18412364963388939
  27.63899295227055575 34.19575705420321299
  28.68294688470191289 34.59463344422169229
  29.72690081713326293 34.99350983424017869
  30.22240562720861590 35.20566306443355842
  30.71791043728397241 35.41781629462693104
  31.21341524735932538 35.62996952482029656
  30.84870433510411658 36.18996553113829862
  30.48399342284891489 36.74996153745629357
  30.11928251059370965 37.30995754377428852
  29.75457159833851506 37.86995355009227637
  29.38986068608331692 38.42994955641027133
  29.02514977382812944 38.98994556272825207
  28.66043886157294551 39.54994156904623281
  28.29572794931776158 40.10993757536420645
  27.93101703706258121 40.66993358168218009
  27.56630612480741149 41.22992958800015373
  27.20159521255223822 41.78992559431812026
  26.83688430029707206 42.34992160063608679
  26.47217338804190234 42.90991760695404622
  26.10746247578673618 43.46991361327200565
  25.74275156353157357 44.02990961958995797
  25.80228763965145333 44.73445926241431181
  25.86420818002529742 45.46722664392669344
  25.92612872039913796 46.19999402543907507
  25.98804926077297850 46.93276140695146381
  26.04996980114681904 47.66552878846385255
  25.39617769594316243 48.04008042584232641
  24.74238559073950938 48.41463206322080026
  24.08859348553585633 48.78918370059928122
  23.43480138033219617 49.16373533797775508
  23.23954015205636026 49.83170481992888767
  23.04427892378052434 50.49967430188002027
  22.84901769550468487 51.16764378383114575
  22.65375646722884539 51.83561326578227124
  22.45849523895300237 52.50358274773339673
  22.77243343430869160 52.88849371324746329
  23.25738943759779076 53.48308489781599917
  23.74234544088688992 54.07767608238453505
  24.22730144417599263 54.67226726695306382
  24.71225744746509534 55.26685845152159260
  25.19721345075420160 55.86144963609012137
  25.68216945404330431 56.45604082065863594
  26.36260326241614393 56.15745905670460303
  27.04303707078898000 55.85887729275057723
  27.72347087916181607 55.56029552879655853
  28.59857947790284527 55.17628834713069352
  29.47368807664386736 54.79228116546482852
  30.34879667538488945 54.40827398379896351
  31.02708216411803122 56.30683131392198248
  31.70536765285117653 58.20538864404499435
  32.38365314158431829 60.10394597416801332
  32.21636007280270775 60.75809525758412377
  32.04906700402109010 61.41224454100022712
  31.88177393523947956 62.06639382441632335
  31.71448086645787257 62.72054310783241249
  31.33932661696816524 63.50178813630214592
  30.96417236747845436 64.28303316477189355
  30.58901811798873993 65.06427819324163409
  29.63619961294801897 65.55890212504419878
  29.54088704741659299 65.29506607824129105
  29.44557448188517768 65.03123003143839753
  28.95606174093381213 64.49864179537280506
  28.46654899998217303 63.96605355930736891
  27.97703625903015379 63.43346532324213172
  27.48752351807770111 62.90087708717710058
  26.99801077712477948 62.36828885111230392
  26.50849803617141021 61.83570061504774173
  26.01898529521763948 61.30311237898336429
  25.52947255426353834 60.77052414291915028
  25.03995981330919918 60.23793590685502863
  24.55044707235472501 59.70534767079097094
  24.06093433140022597 59.17275943472692035
  23.84851743335671515 59.42159538341710601
  23.63610053531320077 59.67043133210727746
  23.42368363726969704 59.91926728079743469
  23.20589726611991921 60.81203896324742431
  22.98811089497014493 61.70481064569740681
  22.77032452382037775 62.59758232814738221
  22.41366410724376479 64.05964039215473349
  21.68327319146141718 64.19568460611262140
  20.95288227567906958 64.33172882007050930
  20.22249135989672197 64.46777303402839721
  19.49210044411437437 64.60381724798627090
  18.79570578860935015 64.73352924394005470
  18.09931113310432949 64.86324123989385271
  17.40291647759931237 64.99295323584762230
  16.70652182209430237 65.12266523180139188
  16.07174252542671056 65.27276363286240723
  15.43696322875895532 65.42286203392349364
  14.76733880775689478 65.58119983011738441
  14.09771438675510780 65.73953762631130360
  13.65771861824542910 65.65406672562210133
  13.21772284973950562 65.56859582493302696
  12.77772708123883660 65.48312492424410891
  12.33773131274469215 65.39765402355538981
  11.89773554425807767 65.31218312286691230
  11.45773977577970903 65.22671222217871900
  11.01774400731000014 65.14124132149079571
  10.57774823884904336 65.05577042080317085
  10.13775247039662730 64.97029952011583021
  9.69775670195224393 64.88482861942875957
  9.25776093351510454 64.79935771874193051
  8.81776516508420016 64.71388681805531462
  8.37776939665831044 64.62841591736885505
  7.93777362823608801 64.54294501668255180
  6.97015898756638563 64.66208093755702180
  6.00254434689196881 64.78121685843498767
  5.03492970620912672 64.90035277931782787
  4.77844907594502466 65.24233400784885362
  4.52196844567223799 65.58431523637783300
  4.26548781539116106 65.92629646490159701
  4.00900718510249909 66.26827769341741714
  3.75252655480721797 66.61025892192301967
  3.49604592450649321 66.95224015041671350
  3.23956529420165396 67.29422137889743283
  2.98308466389412041 67.63620260736473710
  2.72660403358534653 67.97818383581879687
  2.47012340327676050 68.32016506426042213
  2.21364277296971013 68.66214629269089187
  1.95716214266541422 69.00412752111191139
  2.02597237219815351 69.92484580837111707
  2.09478260174610043 70.84556409564322621
  2.61435975544369414 70.79946745405537456
  3.13393690959458837 70.75337081253960037
  3.96773381773363099 70.67939674194816746
  4.80153076355718245 70.60542266824640478
  5.63532776226794940 70.53144859012728318
  6.46912482597602079 70.45747450654373267
  7.73531672724585029 70.35690459634376737
  9.00150838191535385 70.25633451705809307
  10.26769965806247775 70.15576420211159814
  11.53389044694911725 70.05519359865667184
  12.80008066690698598 69.95462266935011542
  14.19460439115360373 69.84385806898281146
  15.58912773000560037 69.73309308923924732
  16.98365079731873095 69.62232773041954204
  18.37817371411077616 69.51156201002775958
  19.38239236083765960 69.43179747425978121
  20.38661118090709934 69.35203263613817626
  21.39083031708630500 69.27226754452674129
  22.39504989130041679 69.19250225758347028
  22.93345343785102841 69.14973667771361931
  23.47185711555641774 69.10697101438827872
  24.01026076901020545 69.06420532669073964
  24.26539754890892553 69.04393967300852353
  24.71038651208781189 69.88227274035810410
  25.15537546994756468 70.72060580500226479
  25.60036442332234330 71.55893886748563659
  26.04535337321212651 72.39727192842627801
  26.49034232072976991 73.23560498848424061
  26.93533126704531711 74.07393804832967987
  27.38032021333026833 74.91227110861197502
  27.02753271841396909 75.39834626324666544
  26.67474522360923217 75.88442141816790354
  26.32195772897630803 76.37049657328446983
  25.96917023456488849 76.85657172850041263
  25.61638274041236585 77.34264688371956709
  25.12156546617828923 78.02441250031645836
  24.62674819193776798 78.70617811712052969
  23.55265220086012690 80.18608141474433637
  23.20942497381150105 79.60887874143035958
  22.86619774676918482 79.03167606811646806
  22.52297051973171094 78.45447339480250548
  22.17974329269747713 77.87727072148834395
  21.83651606566479941 77.30006804817385557
  21.49328883863200446 76.72286537485894087
  21.49274496097138965 76.49896969496161603
  21.49220108331072154 76.27507401506416329
  21.49165720565004634 76.05117833516673898
  21.77564584818406601 75.72599680967178415
  22.05963449071808569 75.40081528417684353
  22.34362313325210181 75.07563375868190292
  22.62761177578611438 74.75045223318697651
  22.91160041832012695 74.42527070769205011
  23.37173582785196402 73.89839212173637861
  23.20892685131532929 73.78536273873824314
  23.04611787477869100 73.67233335574012187
  22.88330889824205272 73.55930397274201482
  22.72049992170541799 73.44627458974392198
  22.55769094516877615 73.33324520674582914
  21.48770922145045859 73.37425567206773280
  20.41772749773214102 73.41526613738965068
  19.34774577401381990 73.45627660271156856
  18.27776405029549522 73.49728706803347222
  17.20778232657717410 73.53829753335540431
  16.13780060285884588 73.57930799867733640
  15.06781887914052120 73.62031846399928270
  14.95276525415741098 75.72918629049986805
  14.93875030942686699 75.98607229506308158
  14.19128933832251427 76.18387510297050369
  13.44382836721816510 76.38167791087792580
  12.69636739611381593 76.57948071878536211
  11.94890642500946853 76.77728352669279843
  11.20144545390512114 76.97508633460024896
  10.45398448280077552 77.17288914250769949
  9.70652351169642813 77.37069195041516423
  8.95906254059208429 77.56849475832262897
  8.54392747093070248 77.56574062837432848
  8.12879240126931002 77.56298649842601378
  7.85748483144331100 77.54839109831851829
  7.58617726161729156 77.53379569821103701
  7.31486969179124902 77.51920029810354151
  7.04356212196517806 77.50460489799607444
  6.77225455213908223 77.49000949788859316
  6.50094698231296242 77.47541409778114030
  6.22963941248682218 77.46081869767367323
  5.95833184266066862 77.44622329756622037
  5.68702427283450884 77.43162789745876751
  5.41571670300834729 77.41703249735132886
  5.19723232395931412 77.61177049441170084
  4.97874794491028183 77.80650849147207282
  4.76026356586125310 78.00124648853244480
  4.11269619930612151 78.57843178879736001
  3.46512883275098993 79.15561708906227523
  2.81756146619585790 79.73280238932720465
  2.16999409964072498 80.30998768959213407
  1.52242673308559029 80.88717298985707771
  1.73961156145133788 81.35990738856504834
  1.95679638981696669 81.83264178727333160
  2.13362811464146640 82.21754178114809974
  2.31045983946591349 82.60244177502364948
  2.48729156429034193 82.98734176890016556
  2.66412328911478635 83.37224176277777588
  2.84095501393927741 83.75714175665657990
  3.01778673876384529 84.14204175053663448
  3.19461846358851309 84.52694174441788277
  3.37145018841330080 84.91184173830029636
  3.54828191323822395 85.29674173218378996
  3.72511363806328877 85.68164172606817885
  3.71017369408597864 85.80338827315665640
  3.69523375010893895 85.92513482024561711
  3.68029380613221502 86.04688136733477677
  3.62510438891304254 86.49662341407950805
  3.56991497169425998 86.94636546082436723
  3.51472555447587798 87.39610750756928326
  3.45953613725789388 87.84584955431422770
  3.40434672004028860 88.29559160105915794
  3.32928852277413112 88.90724559136158689
  3.22790695431752050 89.73341039611794656
  3.12652538586109285 90.55957520087420676
  3.02514381740475846 91.38574000563039590
  2.92376224894842762 92.21190481038658504
  2.65957658126625107 93.67500273507725694
  2.39539091358407630 95.13810065976792885
  2.13120524590190241 96.60119858445858654
  1.86701957821972853 98.06429650914925844
  3.14267596899381640 98.21980449048584205
  4.41833235976790384 98.37531247182241145
  5.69398875054199216 98.53082045315898085
  6.96964514131608137 98.68632843449553604
  7.23063305021324787 97.87492003812998576
  7.49162095911041437 97.06351164176443547
  7.75260886800758175 96.25210324539891360
  8.01359677690475003 95.44069484903339173
  8.27458468580191919 94.62928645266785566
  8.53557259469908836 93.81787805630233379
  8.17572755639423931 93.20300020216397741
  7.81588251808939027 92.58812234802563523
  7.45603747978454212 91.97324449388729306
  7.09619244147969574 91.35836663974896510
  6.73634740317484937 90.74348878561063714
  6.37650236487000388 90.12861093147230918
  6.01665732656515750 89.51373307733400964
  6.37511585543342374 89.33300861530868531
  6.73357438430168820 89.15228415328337519
  7.09203291316996154 88.97155969125805086
  7.45049144203822244 88.79083522923272653
  7.87133763693704047 88.64487812106834497
  8.29218383183585672 88.49892101290394919
  8.71303002673467475 88.35296390473955341
  9.13387622163348922 88.20700679657514343
  9.55472241653230547 88.06104968841074765
  9.97556861143112172 87.91509258024632345
  10.89547516970752561 88.15636463471133766
  11.81538172798393305 88.39763668917635187
  12.73528828626033871 88.63890874364136607
  13.65519484453674615 88.88018079810638028
  14.52227328875460621 89.79235429649961020
  15.38935173297246273 90.70452779489285433
  16.25643017719032102 91.61670129328608425
  15.84430772225593387 93.41455824953374076
  16.31952533242835202 93.52284041670496606
  16.79474294260077016 93.63112258387620557
  17.26996055277318476 93.73940475104740244
  17.57397171554311655 94.29663661866655389
  17.58379373081833918 94.34740797028818804
  17.90355326447900097 96.00028910139431559
  18.22331279813974803 97.65317023250054262
  18.42617745207204649 97.71440307066826847
  18.84456027689962099 97.84068809523175503
  19.56379854931591211 97.98598706496883892
  20.28303682175368294 98.13128603468911137
  21.00227509422675354 98.27658500438597855
  21.72151336674798472 98.42188397405368505
  22.44075163932901162 98.56718294368735656
  23.15998991197993107 98.71248191328311350
  23.87922818470903863 98.85778088283814213
  24.59846645752260130 99.00307985235066610
  25.31770473042469050 99.14837882182003170
  25.40000068793744958 98.98389587309590354
  25.48229664617329604 98.81941292548151523
  25.56459260541557654 98.65492997949912990
  25.64688856591642718 98.49044703561888525
  25.72918452789141952 98.32596409424866124
  25.81148049151521917 98.16148115572572408
  25.89377645691838836 97.99699822031037399
  25.97607242418524720 97.83251528818129827
  26.05836839335299260 97.66803235943343964
  26.14066436441190788 97.50354943407756991
  26.33166488258236626 97.12180142145193429
  26.42967886970964386 96.92590329577389241
  26.52769285930284937 96.73000517145891308
  27.12470712828831054 95.53676759779436622
  27.72172139736942498 94.34353002489073958
  27.49707640999419667 94.08428865512867389
  27.27243142239143836 93.82504728545249861
  27.04778643441173358 93.56580591552975079
  26.65207658017003922 93.44262345169346418
  26.25636672584062126 93.31944098775693419
  25.86065687156776960 93.19625852379516573
  25.59707203735379721 93.11420590620271298
  25.33348720313450642 93.03215328860703437
  24.33665046486099470 92.03335587875587009
  23.33981372658578124 91.03455846890372527
  22.34297698831069212 90.03576105905169413
  21.93118690008219573 89.60502065823632734
  21.74047197464811987 89.14446796238239301
  21.54975704921404045 88.68391526652847290
  21.35904212377996458 88.22336257067453857
  21.16832719834588161 87.76280987482060425
  20.97761227291180219 87.30225717896665572
  20.78689734747771922 86.84170448311270718
  20.71771622466041407 86.67464072266923836
  20.64853510184310537 86.50757696222579796
  20.57935397902579666 86.34051320178234334
  20.58841332947138625 86.22340572746784915
  20.59747267991697939 86.10629825315336916
  20.60653203036257253 85.98919077883888917
  20.89223035478510226 86.01136891091888970
  24.27977974502748637 86.27433691381554581
  24.69841834336703812 86.30683490674751113
  25.52495805795433270 86.37099736551071771
  26.35149777254163084 86.43515982427391009
  27.17803748712892897 86.49932228303710247
  28.00457720171623066 86.56348474180028063
  28.83111691630353945 86.62764720056344458
  28.90647639585321826 86.36013030487326603
  28.98183587540290418 86.09261340918307326
  29.05719535495259720 85.82509651349288049
  29.13255483450228667 85.55757961780267351
  29.20791431405198679 85.29006272211246653
  29.28327379360168337 85.02254582642225955
  29.44163778143622068 84.46037312210206949
  29.60000176927075799 83.89820041778189363
  29.75836575710529885 83.33602771346170357
  29.91672974493983972 82.77385500914151351
  30.07509373277439124 82.21168230482133765
  32.22724499916164831 80.86786893000288501
  32.06877087108271240 80.40963301741200553
  31.91029674300376939 79.95139710482111184
  31.75182261492483349 79.49316119223021815
  31.59334848684590114 79.03492527963931025
  31.43487435876696523 78.57668936704838814
  31.27640023068802577 78.11845345445746602
  31.11792610260908276 77.66021754186654391
  30.95945197453013620 77.20198162927560759
  30.80097784645118963 76.74374571668468548
  30.85210998961770201 76.55309053121342799
  30.90324213278421439 76.36243534574217051
  31.19738321228153666 75.26567861712902641
  31.49152429177885537 74.16892188851586809
  31.78566537127615987 73.07216515990272399
  32.07980645077346082 71.97540843128960830
  32.37394753027073335 70.87865170267652104
  33.39173939944654990 70.06267223366251073
  34.40953126862223854 69.24669276464889833
  35.22890971441030672 68.58978440316197123
  36.04828816019938387 67.93287604167470306
  36.86766660598992473 67.27596768018675277
  37.68704505178226327 66.61905931869785036
  38.00969486790233987 66.51866840090296762
  38.33234468402545048 66.41827748310534218
  38.65499450015187222 66.31788656530440562
  38.97764431628168325 66.21749564749983108
  39.23081168449522238 65.13206251018908688
  39.48397905274162412 64.04662937283630697
  39.61689516734564620 63.47676305771768313
  39.74981128198503910 62.90689674256580588
  40.19297690005472390 62.83219795466315816
  40.63614251825982393 62.75749916665292005
  41.07930813663435998 62.68280037851044284
  41.52247375519947781 62.60810159022103250
  41.96563937396295074 62.53340280178018418
  42.40880499291949945 62.45870401319328380
  44.15335511983207795 62.16464739964970931
  45.89790524684613615 61.87059078602709405
  47.64245537390917207 61.57653417236433313
  49.38700550096885422 61.28247755870038560
  49.90670902577669210 61.87157504314567547
  50.42641255058171623 62.46067252759002741
  50.94611607538445952 63.04977001203362619
  51.46581960018554014 63.63886749647671337
  51.98552312498564731 64.22796498091952344
  52.50522664978550580 64.81706246536232641
  52.91965205345784540 64.41320133396075676
  53.33407745713010684 64.00934020255915868
  53.74850286080237538 63.60547907115753929
  54.40565906691469422 62.23313077269751403
  55.06281527302702727 60.86078247423746745
  55.71997147913937454 59.48843417577739245
  56.37712768525172180 58.11608587731731745
  57.03428389136409038 56.74373757885722824
  57.69144009747646606 55.37138928039713903
  58.34859630358882754 53.99904098193704982
  58.09875190349132623 54.07486673306499370
  57.84890750339381782 54.15069248419293757
  57.59906310329630230 54.22651823532088855
  56.59875493512657840 54.53010365961411310
  55.59844676695684740 54.83368908390734475
  54.59813859878711639 55.13727450820057641
  53.59783043061738539 55.44085993249380806
  52.59752226244766149 55.74444535678703261
  51.59721409427793049 56.04803078108025005
  50.59690592610821369 56.35161620537346749
  49.59659775793849690 56.65520162966667783
  48.61580620796440400 57.07354318410415317
  47.63501465799031820 57.49188473854162140
  46.65422310801622530 57.91022629297908253
  45.67343155804214661 58.32856784741654366
  44.69264000806806081 58.74690940185399768
  43.71184845809398212 59.16525095629144460
  42.73105690811991053 59.58359251072888441
  41.75026535814583184 60.00193406516632422
  41.01965232816733931 59.54210887410765451
  40.28903929818884677 59.08228368304898481
  39.55842626821034713 58.62245849199030090
  38.82781323823186170 58.16263330093160278
  38.87197794628655600 57.47436598775576755
  38.91614265434125031 56.78609867457992522
  38.96030736239595171 56.09783136140406157
  39.00447207045063891 55.40956404822819792
  39.04863677850532611 54.72129673505233427
  39.09280148656000620 54.03302942187646352
  39.13696619461468629 53.34476210870058566
  39.18113090266935927 52.65649479552470780
  39.22529561072403226 51.96822748234882283
  39.26528268883478034 51.34506478015300956
  39.30526976694551422 50.72190207795719630
  39.34525684505625520 50.09873937576137592
  39.38524392316698908 49.47557667356556266
  39.00442929104110590 48.25467982673882261
  38.62361465891522982 47.03378297991208257
  38.24280002678934665 45.81288613308534252
  37.86198539466346347 44.59198928625859537
  37.48117076253758739 43.37109243943184822
  37.10035613041170421 42.15019559260509396
  36.52960867988596050 40.32037156827255586
  37.55944389948545137 40.28112853345029265
  38.58927911908494224 40.24188549862802233
  39.24366840977011606 40.91027554004302402
  39.89805770045528277 41.57866558145802571
  40.55244699114045659 42.24705562287301319
  41.20683628182561620 42.91544566428800067
  41.86122557251078291 43.58383570570298815
  42.51561486319593541 44.25222574711796852
  43.17000415388109502 44.92061578853294890
  43.70003823756801609 45.16058728716387805
  44.23007232125493715 45.40055878579481430
  44.76010640494185822 45.64053028442574345
  45.29014048862877218 45.88050178305667259
  45.82017457231569324 46.12047328168759464
  46.86005349077043292 46.59127565107575464
  47.89993240922517259 47.06207802046392175
  48.93981132767991227 47.53288038985208885
  49.97969024613465194 48.00368275924024886
  51.81293136085662354 45.13827957117385381
  51.30272459867662604 44.29756600419108992
  50.79251783649662855 43.45685243720832602
  50.28231107431663105 42.61613887022556924
  49.77210431213664066 41.77542530324279824
  49.26189754995665027 40.93471173626002013
  48.75169078777666698 40.09399816927724203
  48.24148402559668369 39.25328460229446392
  50.87443768771799313 36.92138702029853903
  52.70523670585964737 36.96131305440957959
  54.07086657130891894 36.99109468748383023
  55.43649643675819050 37.02087632055807376
  56.80212630220746206 37.05065795363232439
  58.16775616765674073 37.08043958670656792
  58.85946400080084828 37.44349946971683352
  59.55117183394494162 37.80655935272710622
  60.24287966708902076 38.16961923573737892
  60.09614255930839732 38.75641600514879315
  59.94940545152778100 39.34321277456022159
  59.80266834374716467 39.93000954397165003
  59.65593123596654834 40.51680631338308558
  59.50919412818594623 41.10360308279452113
  59.36245702040534411 41.69039985220595668
  59.91023962391603419 42.56276213216524695
  60.45802222742671717 43.43512441212454434
  61.00580483093740014 44.30748669208384882
  61.55358743444806890 45.17984897204315331
  62.10137003795872346 46.05221125200246490
  62.64915264146937801 46.92457353196177650
  63.19693524498002546 47.79693581192108809
  63.74471784849065870 48.66929809188040679
  64.37727982210513744 49.67667437944663078
  65.00984179571960908 50.68405066701284767
  65.64240376933409493 51.69142695457907166
  66.27496574294855236 52.69880324214528855
  66.90752771656300979 53.70617952971151254
  67.54008969017746722 54.71355581727774364
  67.62048566562016561 54.84158912097756655
  67.62048566562022245 54.84158912097763050
  70.15727418936552340 54.92800440422303865
  72.69406271311082435 55.01441968746844680
  73.85852974058599330 57.21827821840879835
  75.02299676806113382 59.42213674934913570
  72.66729682243412469 58.72809826716542858
  70.96160327346917995 58.22556526673312760
  69.19574472553021849 59.79961345585827814
  67.42988617759125702 61.37366164498342158
  65.66402762965228135 62.94770983410857212
  65.21428333470551308 63.34860218975991586
  64.76453903975874482 63.74949454541126670
  64.42761006422003334 64.04982576074527856
  64.09068108868129343 64.35015697607929042
  63.75375211314257484 64.65048819141330227
  63.41682313760383494 64.95081940674731413
  63.07989416206508082 65.25115062208134020
  62.74296518652632670 65.55148183741536627
  62.71709792643412129 65.60577931230538695
  62.36003757580479601 66.35527791994330471
  62.00297722517547783 67.10477652758123668
  61.64591687454614544 67.85427513521915444
  61.28885652391679884 68.60377374285708640
  60.93179617328745223 69.35327235049498995
  60.57473582265809142 70.10277095813289350
  60.21767547202872350 70.85226956577079704
  59.86061512139934848 71.60176817340868638
  59.50355477076996635 72.35126678104657572
  59.14649442014057001 73.10076538868445084
  58.78943406951118078 73.85026399632234018
  58.43237371888177023 74.59976260396021530
  58.07531336825235968 75.34926121159810464
  57.45934712147848700 74.52247801523998305
  56.84338087470460721 73.69569481888187568
  56.22741462793072031 72.86891162252376830
  55.61144838115682631 72.04212842616564672
  53.62829482362034383 70.91563858114145091
  53.03788172369662135 71.77402599562651631
  52.44746862377290597 72.63241341011158170
  51.85705552384919059 73.49080082459664709
  51.66269797051866419 73.39462971148600445
  51.46834041718810226 73.29845859837536182
  51.27398286385750481 73.20228748526469076
  49.09783409530572840 72.10197137005853563
  46.92168532674585890 71.00165525485020623
  46.47764375040791407 70.77713655037463525
  46.03360217406540045 70.55261784589831109
  45.58956059772071967 70.32809914142195851
  44.81166009841192732 70.69956773222969559
  44.03375959915904048 71.07103632295759610
  43.25585909997555945 71.44250491358769750
  43.13730060102852804 72.52312185921834953
  43.01874210232033136 73.60373880472380392
  42.90018360388158669 74.68435575011517358
  42.77255014631001018 75.84768760016540057
  42.64491668899893284 77.01101944988987213
  42.51728323189441738 78.17435129926008130
  42.38964977491941966 79.33768314830552981
  41.41944896702089807 80.61487881237387398
  41.04765004207898471 81.10432385178694403
  40.67585112018536364 81.59376888503085468
  40.30405220353457452 82.08321390919358862
  39.89080665604944187 83.06740512241927377
  39.47755963876321061 84.05159991790561946
  39.06431065310070494 85.03579950903677798
  38.85646405163439709 85.55399298688014653
  38.64860992086595104 86.07218303652446423
  38.44074902919661696 86.59036807977312833
  39.10502806360165096 86.05586283617570587
  39.77508254692254752 85.51665576816402847
  40.45243670389768198 84.97152465156474932
  41.13757865248115309 84.42008917745215513
  41.83002983461566515 83.86274737728636808
  42.52851696264627179 83.30053294271688458
  43.23121388236984330 82.73492027380051184
  43.93601787276656978 82.16760437736793676
  44.64082568570078280 81.60028125675057709
  44.67422586452388344 81.18546062985458889
  44.70763948206107585 80.77062263740353387
  44.74106349529024129 80.35577127554651611
  44.77449226188245746 79.94091385360461288
  45.15517157843569862 79.81437222354546179
  46.31198763258097983 79.43012018479797121
  47.42900529038201540 79.05908990799338198
  48.31430375376152142 78.76494589611112929
  48.92668359980362425 78.56144738308589126
  49.27250292192120185 78.44652156212990235
  49.41952565533892283 78.39764730338011134
  49.50241906551197246 78.37010988150480273
  49.58020381448733360 78.34441550337919580
  50.28606007029679148 78.11147649698051509
  50.95530195079156499 77.89085118640998928
  51.60630716927065009 77.67640188770165821
  52.25741320519409072 77.46197996083138548
  52.79346610402660644 78.06967511512854685
  53.32909527329707089 78.67653438377108444
  53.86427942396871771 79.28253252889157920
  54.39912127501174410 79.88785699886003044
  54.93378699725403180 80.49281121601512723
  55.46844490400624039 81.09771289946397133
  55.10468237832380112 81.89314209269718958
  54.74093612153799882 82.68770443780809387
  54.37721539178524921 83.48129846650363106
  54.01352359303831463 84.27399635488428942
  54.31357923892478823 85.05572458769454158
  54.61398648959138313 85.83648389237772847
  54.91478111911870030 86.61638217338155243
  55.21592174614624327 87.39558756218346502
  55.51731144292713793 88.17430810279056175
  55.81882553322100193 88.95277378282575853
  56.12033938295724766 89.73121806259368327
  55.99784126981882793 90.06976091295128128
  55.20316007697431360 90.28835837822515487
  54.40847530484843730 90.50695878827959007
  53.61378864671088706 90.72556045680045145
  52.81910155324931111 90.94416197295227278
  52.02441511570129506 91.16276231189682733
  51.22973002200494363 91.38136087284732412
  50.43504656942996434 91.59995746024507923
  49.64036471819142804 91.81855222320035637
  48.84568417272847540 92.03714556679989300
  48.05100447904101912 92.25573804763425301
  47.25632512716775580 92.47433026536818090
  46.92137214644901633 93.04965908723642087
  46.63577645893377621 93.54021001677307368
  46.35018093702917241 94.03076076836600805
  46.06458542721449589 94.52131151422292987
  45.17069133954409921 94.37927274699984537
  44.27679725778121878 94.23723397646467959
  43.38290317835399890 94.09519520424757388
  42.48900909790240377 93.95315643198752298
  41.76613308858101448 94.00659454542254423
  41.04325708379923299 94.06003265374525313
  40.32038108525953390 94.11347075581112165
  39.59750509368956273 94.16690885148533141
  38.87462910881948375 94.22034694152473833
  38.15175312949868669 94.27378502735436427
  37.96037328623601326 94.80364991991575607
  37.76899344712346362 95.33351481145272999
  37.57761361070595996 95.86337970355185689
  37.38623377535903813 96.39324459750618246
  37.10863701737886089 97.16181447578458119
  36.85329020344050832 97.45133663561421145
  37.05513751609542794 98.00367243478285673
  37.25698482876495632 98.55600823395991483
  38.06459192707195172 98.41369480799542657
  38.87219902537441385 98.27138138206012741
  39.40634486761862831 98.17725625005824952
  39.94049070986513783 98.08313111808875817
  40.47463655211709721 97.98900598615053070
  41.00878239437724204 97.89488085424081021
  41.54292823664774659 97.80075572235556081
  42.40747287078038141 97.64840898246099243
  43.27201750491826004 97.49606224257711062
  44.56932920835787826 97.26745494941033598
  45.90625125702706555 97.52989204234773979
  47.24317331114205132 97.79232913629722646
  48.58009537301147418 98.05476623168792116
  49.31151025224998108 98.18309238646850190
  50.04292501102970192 98.31141854241458589
  50.77433959502980088 98.43974469932642535
  51.50575395935521783 98.56807085697468551
  52.23716807029589404 98.69639701511059116
  52.96858190663953536 98.82472317347628632
  53.69999546043774075 98.95304933181530771
  53.94008218072332994 98.91097268830391442
  54.90414896943850920 98.34635949191010695
  55.86823579385166738 97.78174133166452009
  56.83235036121552497 97.21711635615542946
  57.79649878718898037 96.65248310124754028
  58.76068540480998337 96.08784053548146176
  59.72491267445384011 95.52318808118091908
  60.68918119733609728 94.95852561064273800
  61.65348982860125204 94.39385341834554310
  62.61783587938246143 93.82917217171366531
  63.08599608430898797 93.85487899581713123
  63.55626059320967869 93.88066502623901499
  64.02938494785068713 93.90656140425970477
  64.50588446376670504 93.93258794977737125
  64.98601576987243789 93.95875231635478997
  65.46977684517860041 93.98505008233156843
  65.95692433086074402 94.01146571387883455
  66.44700581530214833 94.03797427947539234
  66.93940393518924736 94.06454375079295005
  67.43338855132263632 94.09113769469793453
  67.92817296554670747 94.11771814613896936
  68.42297014510043596 94.14424845207228998
  69.13670003541481890 94.18247585749331563
  69.85044534265200866 94.22067223822641324
  70.56420677666064023 94.25884809053641789
  71.27798462138265734 94.29701416453283969
  71.72040940570637702 93.36368819894079252
  71.74424099150236600 92.56249642347546569
  71.76807179181187735 91.76130699441013405
  71.79190214135405768 90.96011810860568403
  71.82369565731507066 89.89120142614592623
  70.99219751066699757 89.27023473919769003
  70.16069933279064230 88.64926798816159703
  69.32920113631060133 88.02830119945215870
  68.49770293400072774 87.40733439976499142
  68.40158146678093942 85.36490796608083542
  68.38593433333967653 85.03243159486581249
  68.37028719934721721 84.69995522300992263
  67.22522273899777190 84.47115408398515513
  66.08015827842865519 84.24235294464985202
  64.24888356960015301 83.87643665408259608
  63.70325874650761477 83.51345192545093710
  63.15763392329839832 83.15046719677283704
  62.61200910003128683 82.78748246807349176
  62.06638427676510616 82.42449773937796920
  62.10462164547003283 82.35495420974147862
  62.14285901417567715 82.28541068010929393
  62.89649361528188365 80.91475124438476030
  63.65012821638930518 79.54409180866231566
  64.40376281749817622 78.17343237294078051
  65.42129214041074192 76.32281913740254709
  66.43882146332383343 74.47220590186455524
  67.45635078623698178 72.62159266632647814
  68.11552663575075428 71.78747500507110146
  68.77470248526454100 70.95335734381569637
  69.43387833477829929 70.11923968256027706
  70.19091824139157154 70.14173819075553240
  70.94795814800485800 70.16423669895078774
  71.70499805461818710 70.18673520714605729
  71.96965405943026894 70.34153110624265537
  72.23431006424239342 70.49632700533926766
  72.49896606905457475 70.65112290443587995
  72.76362207386681291 70.80591880353252066
  73.38843199341894774 71.17136682474853160
  74.01324191297105415 71.53681484596451412
  74.42208955004386439 72.02289830021420869
  74.83093718711666043 72.50898175446390326
  75.23978482418945646 72.99506520871359783
  75.54805332365488368 73.36156901959378729
  75.65635905629514468 74.78689030653150382
  75.76466478893540568 76.21221159346920615
  75.86822764033507838 77.57511578180272238
  75.97179049173476528 78.93801997013625282
  76.07535334313448061 80.30092415846978326
  77.80859916001878673 83.33385268724616424
  77.51353391023189943 84.36085353255319319
  77.21846866044502633 85.38785437786022214
  76.92340341065815323 86.41485522316725110
  78.91721387126038678 87.95099569564513331
  80.91102433186260612 89.48713616812301552
  80.16440746314538046 93.17438205596693024
  81.50835448026796826 95.39395604331339484
  83.73853526931326030 93.36077313150765633
  85.96871605835856656 91.32759021970193203
  87.48944742604913927 89.67686596662181842
  89.01017879373969777 88.02614171354170480
  90.53091016143024206 86.37541746046160540
  92.12993357776687731 84.63970871487400416
  92.52083365195187525 81.07592306854954245
  92.91173372613690162 77.51213742222506653
  93.30263380032191378 73.94835177590060482
  93.69353387450695436 70.38456612957615732
  94.13230994793971718 66.38430116234539469
  95.02950112735899779 58.20472469669889648
  91.16500107823870280 57.25558019148716937
  90.00390205679214262 56.97040727333347121
  88.84280303534555401 56.68523435517978726
  87.68170401389896540 56.40006143702610331
  87.09601001252242725 55.71042513036570654
  86.51031601114588909 55.02078882370530977
  85.92462200976936515 54.33115251704491300
  85.33892800839284121 53.64151621038452333
  83.55050233623218503 53.82151606957794598
  81.76207666407154306 54.00151592877136153
  79.97365099191091531 54.18151578796477708
  79.49619811151461590 52.94435235950643914
  79.03612252328660759 51.75221651646850773
  78.57604693505859927 50.56008067343056922
  78.01136557355546586 49.34448499616487993
  77.02630661929075018 47.22393792609941698
  76.79780980194526308 46.97663880408263282
  76.56931298459977597 46.72933968206584154
  76.34081616725428887 46.48204056004905738
  76.11231934990877335 46.23474143803225189
  73.40586114384564098 43.48396478328563575
  70.69940293778250862 40.73318812853901250
  72.18658365766870588 39.13896408146055705
  73.67376437755488894 37.54474003438210161
  75.16094509744108620 35.95051598730364617
  76.64812581732729768 34.35629194022519783
  79.37030867300236991 34.81916453592749150
  82.09249152867742794 35.28203713162977095
  84.81467438435248596 35.74490972733206462
  87.53685724002755819 36.20778232303435118
  88.48232094274293047 34.61876992324998525
  89.42778464545831696 33.02975752346561933
  90.37324834817370345 31.44074512368124630
  91.31871205088908994 29.85173272389687682
  91.02209321466693837 20.44006772203863420
  90.93682656241760753 17.73457141229102163
  90.85155991016829091 15.02907510254341084
  90.76383994983214620 12.24573574630011485
  88.66033182184686723 12.04976729785188816
  86.55682369386160246 11.85379884940366146
  85.59493937907787142 13.04884441989343991
  82.79746968953892861 16.52442220994672084
