Number of disks = 492
Depot = yes (node 493)
Tour length = 140.78000072126556574
Tour sequence = 493 51 48 1 12 2 5 4 7 3 6 8 10 9 16 11 17 18 55 64 54 14 53 49 82 118 56 58 61 74 63 83 79 19 68 77 73 67 66 65 70 69 71 62 95 81 75 72 104 88 144 115 121 120 76 112 80 106 84 96 78 111 107 89 59 197 123 94 110 90 133 105 108 109 93 101 103 131 116 102 117 87 91 122 114 119 138 97 134 85 137 99 141 151 154 130 147 200 146 149 125 320 336 187 124 100 129 143 266 135 311 444 165 136 216 330 156 408 348 211 317 272 181 230 249 275 168 171 150 152 148 196 243 166 57 159 170 92 145 127 98 128 52 369 175 126 219 221 86 179 160 44 153 132 185 178 233 46 172 288 398 158 180 254 256 189 113 184 15 367 173 174 188 436 406 373 341 289 258 447 281 217 446 237 430 246 352 162 298 228 403 220 396 418 227 358 328 222 205 271 232 25 139 207 191 210 260 186 291 242 331 322 439 404 349 321 385 201 345 244 477 236 255 363 290 212 412 140 248 415 194 247 206 375 199 262 284 319 163 198 245 442 190 204 157 239 329 334 263 335 182 177 195 176 213 142 238 399 250 449 294 202 161 301 383 183 278 253 441 377 273 192 287 355 392 252 257 459 364 282 279 302 422 374 226 438 264 411 293 365 387 203 306 340 310 307 344 414 448 461 484 337 280 487 360 313 362 465 343 167 339 164 386 473 488 347 434 482 431 400 286 361 435 366 393 268 323 314 285 251 458 274 338 492 372 346 429 491 476 490 470 318 324 426 432 451 371 225 474 350 486 489 420 440 413 455 342 409 453 452 417 481 475 478 454 437 283 450 315 480 472 466 214 471 296 468 467 443 433 469 297 424 388 464 460 376 316 416 327 370 401 395 483 326 423 402 382 381 356 457 354 359 485 312 425 308 405 261 353 270 269 479 407 378 410 419 351 394 265 292 295 303 155 277 24 309 380 333 241 332 462 299 231 305 397 357 445 389 379 368 235 427 391 325 390 463 30 384 456 428 240 304 23 20 234 218 224 33 259 276 40 300 208 215 21 421 223 209 37 13 60 229 34 32 42 50 45 36 41 43 35 27 169 47 193 39 29 267 26 22 31 28 38
Tour visit points:
  0.00000000000000000 0.00000000000000000
  10.16540498000688153 13.19546140573149273
  11.19678918228857967 14.53427579261094849
  11.63726853327909971 15.10605117071429682
  11.87386241376615992 15.31270031938255016
  12.11045629425322012 15.51934946805080351
  12.17250444340623261 16.39549485592508660
  12.23455259255924688 17.27164024379936791
  12.29660074171226114 18.14778563167364922
  12.35864889086527718 19.02393101954793053
  12.42069704001829500 19.90007640742221540
  13.28938366969184415 20.33270482791467870
  14.15807029936539330 20.76533324840714201
  15.02675692903894067 21.19796166889960531
  15.89544355871248804 21.63059008939206862
  16.76413018838603364 22.06321850988452837
  17.63281681805958101 22.49584693037698813
  17.88872329991598775 22.43136780223129634
  19.45794479051773962 22.03598104669669411
  19.66944435872485997 22.30748589230451984
  19.71869198520601429 22.51648251988170912
  19.76794040981025447 22.72548253452635691
  19.81718990489990162 22.93448709208720615
  19.86644063625111301 23.14349689608359384
  19.91569265835577696 23.35251217776769295
  19.96494591892930970 23.56153271525467119
  20.01420027153584513 23.77055788710132589
  20.06345549468441192 23.97958675334631096
  20.11271131536675938 24.18861815539970550
  20.16196743481600251 24.39765082535730656
  20.21122355426524209 24.60668349531491472
  19.89457644814035575 24.95948960211259404
  19.57792934201546942 25.31229570891027336
  19.26128223589057953 25.66510181570795268
  18.94463512976568964 26.01790792250562845
  18.66410883557183098 26.33046846007099617
  18.38358254137797232 26.64302899763636034
  18.22658665801133537 26.81795277026037638
  18.06959077464469843 26.99287654288438532
  18.37618944469638649 27.26907005015329943
  18.68278811474807810 27.54526355742222066
  18.98938678479976616 27.82145706469113833
  19.29598545485145422 28.09765057196005245
  19.86715095404970555 28.11045853085390434
  20.43831645324795332 28.12326648974775978
  21.00948195244620464 28.13607444864161522
  21.58064745164445242 28.14888240753547421
  22.05763878677603529 27.81514257659465272
  22.53463012190761816 27.48140274565383478
  23.01162145703920103 27.14766291471301685
  23.48861279217078035 26.81392308377220246
  23.96560412730235612 26.48018325283138807
  24.44259546243393544 26.14644342189056658
  24.91958679756550765 25.81270359094974509
  25.07605319195755911 25.94904721250893687
  25.23251958634961056 26.08539083406813219
  25.38898598074166202 26.22173445562732752
  25.54545237513372058 26.35807807718652640
  25.86526307232717059 26.85400859508660076
  26.18507376952061350 27.34993911298667157
  26.32408440485057710 27.34989360155559268
  26.46309504018054071 27.34984809012451379
  26.60210567551050787 27.34980257869343134
  26.74111631084047147 27.34975706726234890
  26.88012694617043863 27.34971155583126645
  27.15193127202346446 27.34962256836772099
  27.42373559787649384 27.34953358090417908
  27.69553992372951967 27.34944459344064072
  27.96734424958254195 27.34935560597710591
  28.23914857543556067 27.34926661851356755
  28.48146050727821077 27.23440741617901750
  28.72377243912086797 27.11954821384446390
  28.96608437096352162 27.00468901150991030
  29.20839630280618238 26.88982980917536025
  29.70366746701282068 26.84325944534042563
  30.19893863121945898 26.79668908150549811
  30.69420979542610439 26.75011871767056348
  30.60686086951495000 26.55552134711172130
  30.51951194360380626 26.36092397655288977
  30.43216301769266963 26.16632660599408666
  30.34481409178155431 25.97172923543530132
  30.09423840841621356 25.61738620680716849
  29.84366272505085504 25.26304317817905698
  29.59308704168547166 24.90870014955096323
  29.38741572520632062 24.61785709485254259
  29.16754077135616896 24.16133908815063336
  28.94766581750661771 23.70482108144763700
  28.72779086365778412 23.24830307474298152
  28.50791590980993462 22.79178506803563664
  28.81047482806378923 22.65855266658509137
  29.11303374632413110 22.52532026512290031
  29.09253519976207158 22.37931043296734757
  29.07203665214062482 22.23330058999978576
  29.05153810335220044 22.08729073513846330
  29.03103955390227853 21.94128087352130052
  29.01054100459013796 21.79527101326702265
  28.99004245598772656 21.64926116018859048
  28.96954390328506079 21.50325126550758625
  28.94904534048025369 21.35724126835553704
  28.92871433805918002 21.00129375684312194
  28.92707166956947162 20.96073312357673402
  28.92508684263106389 20.91161509767976767
  28.92265685870537695 20.85133028715901560
  28.91974272757907372 20.77884378107610885
  28.91637014849263920 20.69471705608725998
  28.91262142339807895 20.60088600720519736
  28.90861873375790481 20.50026177204736300
  28.90450336534811271 20.39624298993213714
  28.90041535016852237 20.29222812066891279
  28.89643868023657092 20.18983983908185209
  28.89251277698798859 20.08748102030989102
  28.88997394305322786 20.02058366164515490
  28.88795219794062064 19.96667657616420399
  28.88631704424130575 19.92217429980495425
  28.88489405062360404 19.88224022270374647
  28.88355798084548809 19.84340286706138912
  28.88342759134879500 19.83945136922070063
  28.88287558411257550 19.82212735440660367
  28.88181595316040884 19.78861719792055140
  28.88046903328006110 19.74522428417130016
  28.87898719035717576 19.69601747405607028
  28.87746953356085555 19.64393146136494295
  28.87599753143590320 19.59188546879683201
  28.73531542489912738 19.60649252348457239
  28.59467836706871324 19.62113939968338272
  28.45408074602704218 19.63582134522216904
  28.31351625664614602 19.65053300675574732
  28.17297874093225829 19.66526917116394912
  28.03246251014029156 19.68002505366765220
  27.89196239669237798 19.69479635234931436
  27.75147367327320325 19.70957919167063466
  27.61099190310975970 19.72437001597897677
  27.47051275361531708 19.73916545963766467
  27.33003181862482123 19.75396221085993176
  27.20902445688402338 20.03118552754714798
  27.08801600967003864 20.30840934007886744
  26.94426969307013664 20.63772275785580490
  26.80052267526264842 20.96703648016801935
  26.65677511955546564 21.29635042410171408
  26.51302717774600382 21.62566451149669433
  26.36927899493604244 21.95497866648851826
  26.22553071412700731 22.28429281303167642
  26.18872110390323371 22.13360153267330332
  26.15191064362561590 21.98290710493191469
  26.11509907774311046 21.83220845939288068
  26.07828625264613365 21.68150494551937868
  26.04147212136690470 21.53079635117433099
  26.00465673937745947 21.38008288486839348
  25.96784025254211414 21.22936512602411696
  25.93102287881603374 21.07864394974497557
  25.89420488564837086 20.92792043408670111
  25.85738656523165702 20.77719575858319345
  25.82056820973826206 20.62647110277968565
  25.76756478091348868 20.40948915661176599
  25.71456132766385494 20.19250722613193361
  25.66155785533691969 19.97552530934311221
  25.60855436929486473 19.75854340424553257
  25.55555087491052646 19.54156150882946008
  25.50254737756284484 19.32457962106934346
  25.56843278291385246 19.28021667986996590
  25.63431818672810536 19.23585374566715345
  25.70020358971389385 19.19149081810659396
  25.76608899257193386 19.14712789681836824
  25.83197439599269174 19.10276498141771384
  25.89785980065421356 19.05840207150583510
  25.96374520722032386 19.01403916667061367
  26.02963061633937514 18.96967626648727645
  26.09551602864327080 18.92531337051900309
  26.16140144474680085 18.88095047831750151
  26.22728686524715513 18.83658758942356215
  26.29317229072354323 18.79222470336774364
  26.49246694016803616 18.65803287914563668
  26.69176159404470638 18.52384105758514465
  26.89105625205922934 18.38964923858481626
  27.09035091390400751 18.25545742203517463
  27.28964557925947076 18.12126560781930351
  27.48894024779543699 17.98707379581343346
  27.68823491917242308 17.85288198588752095
  27.88752959304307311 17.71869017790583101
  28.08682426905349416 17.58449837172750563
  28.28611894684465256 17.45030656720712159
  28.48541362605376648 17.31611476419525175
  28.56343436346668696 17.26358078281504760
  28.64145510203663036 17.21104680279342247
  28.71947584162904121 17.15851282405057887
  28.79749658210710095 17.10597884650385936
  28.87551732333214360 17.05344487006801657
  28.95353806516397910 17.00091089465546190
  29.03155880746126627 16.94837692017649289
  29.10957955008188591 16.89584294653953833
  29.18760029288326763 16.84330897365137503
  29.26562103572274864 16.79077500141733026
  29.32475451441097647 16.75095845555038920
  29.38388799315523059 16.71114191003324834
  29.44302147196428976 16.67132536471295623
  29.50215495084680128 16.63150881943646553
  29.50630885027080552 16.62871186037501303
  29.51046274979627881 16.62591490131736549
  29.59546857849048607 16.69293206619452619
  29.68047440725508324 16.75994923107420576
  29.76548023607437798 16.82696639595574695
  29.85048606493259626 16.89398356083849251
  29.93549189381393205 16.96100072572179229
  30.02049772270256156 17.02801789060498905
  30.19016133500146992 16.88620628781221100
  30.35982494730675185 16.74439468501869399
  30.52948855961793839 16.60258308222411827
  30.69915217193455703 16.46077147942816765
  30.86881578425613171 16.31895987663051883
  31.03847939658217925 16.17714827383085918
  31.07616906123100264 16.14564575140257929
  31.11385872588348533 16.11414322897265450
  31.15154839053922231 16.08264070654126598
  31.18923805519780501 16.05113818410859849
  31.22692771985883553 16.01963566167483322
  31.26461738452189820 15.98813313924015667
  31.30230704918659868 15.95663061680474293
  31.33999671385253549 15.92512809436877674
  31.37768637851930720 15.89362557193243397
  31.41537604318651589 15.86212304949589935
  31.49786320653493377 15.85032306874298591
  31.58035036988371047 15.83852308798993214
  31.66283753323282824 15.82672310723677356
  31.74532469658230838 15.81492312648356346
  31.82781185993223971 15.80312314573038179
  31.91029902328279633 15.79132316497734756
  31.99278618663429086 15.77952318422464195
  32.07527334998716384 15.76772320347249767
  32.15776051334199792 15.75592322272121493
  32.25136852830893019 15.89241084933922643
  32.34497654331691052 16.02889847600352269
  32.43858455838541488 16.16538610273661547
  32.53219257353178762 16.30187372955854386
  32.62580058876873323 16.43836135648397345
  32.71940860410131791 16.57484898351879821
  32.81301661952404203 16.71133661065677956
  32.90662463501855228 16.84782423787692096
  33.00023265055257582 16.98431186514227775
  33.09384066608067343 17.12079949240079912
  33.18744868154697514 17.25728711958849715
  33.28105669689009716 17.39377474663503520
  33.37466471204979968 17.53026237347141247
  33.46827272697503020 17.66675000003912999
  33.67407053667658090 17.85346734133391777
  34.12182940730784964 18.25971241174710613
  34.18808652035180273 18.24884074375290766
  34.25434363423006090 18.23796907635250975
  34.32060074873888311 18.22709740951690804
  34.38685786375675235 18.21622574310266884
  34.45311497926567057 18.20535407682541162
  34.51937209536918516 18.19448241022998047
  34.58562921231067122 18.18361074265602184
  34.65188633049528022 18.17273907319796322
  34.60203981046851851 17.97053469986045471
  34.55219340403453998 17.76833063560487602
  34.45517417900173029 17.57382789529168932
  34.35815232785469675 17.37932048316747213
  34.26112675362551130 17.18480654864569601
  34.16409662187336238 16.99028485790524101
  34.06706140196296673 16.79575489849578673
  33.97002088390591723 16.60121693467054982
  33.87297516701843136 16.40667200518183932
  33.77592462087711311 16.21212186356158824
  33.67886982297123666 16.01756886861833351
  33.58181148030705288 15.82301583852927962
  33.48475034364125236 15.62846588475009391
  33.38768712300625907 15.43392224200928453
  33.35792268017593898 15.37427666286245120
  33.32815501429723071 15.31463680276023531
  33.29838350636973843 15.25500252224159858
  33.26860751315373932 15.19537376959689468
  33.23882637622366332 15.13575056549447773
  33.20903943291683902 15.07613298565538962
  33.17924602899153541 15.01652114189413290
  33.14944553273088701 14.95691516185103431
  33.11963735015669386 14.89731516776064346
  33.08982094094670856 14.83772125463374003
  33.05999583457906255 14.77813346828007646
  33.03964744881915294 14.73750323768739179
  33.01931056444550450 14.69692012216398957
  32.99899245330471587 14.65639854422376942
  32.97869798140199293 14.61594780167146901
  32.95842948843874609 14.57557180829120469
  32.93818687694276548 14.53526926208668080
  32.91796788673273966 14.49503419397239945
  32.89776851781899580 14.45485682415044693
  32.87758355610167627 14.41472463538130633
  32.85740715176317650 14.37462356275861275
  32.83723340007709623 14.33453919851637615
  32.84216236846026504 14.30227188071465783
  32.84708788457310646 14.27007055553745118
  32.85200684193860354 14.23795889297710282
  32.85691617980106116 14.20595937327253999
  32.86181297256521106 14.17409273086554400
  32.86669453022143728 14.14237734723113427
  32.87155849864054602 14.11082865928169916
  32.87640294943996366 14.07945864493420274
  32.88122645134714617 14.04827543354431540
  32.88602811802408610 14.01728306996394657
  32.89080763054370493 13.98648144090954126
  32.89556523557862278 13.95586635457440217
  32.90030172249169027 13.92542975139305561
  32.90501838372166787 13.89516001671347212
  32.90971696315058637 13.86504236475380480
  32.91439959669138204 13.83505926651684881
  32.91906874841246378 13.80519090059958565
  32.92372714441747661 13.77541561317264573
  32.92837770568812772 13.74571038012008728
  32.93302348036794314 13.71605126920117002
  32.93766757560988623 13.68641390251246470
  32.94231308913103362 13.65677391949180830
  33.00866553521363755 13.59706018718732423
  33.07501702900586338 13.53734670215628633
  33.10389264615147908 13.54394662989136577
  33.13276762729846325 13.55054681975537179
  33.16164212862973670 13.55714728096223709
  33.19051630453090240 13.56374802428386594
  33.23928347786288384 13.57489669778674646
  33.28805041008127574 13.58604559716815885
  33.33681714067024870 13.59719469774135803
  33.38558370759629668 13.60834397723724543
  33.43435014760071056 13.61949341580599970
  33.48311649654436195 13.63064299595287743
  33.53188278978544901 13.64179270241563025
  33.58064906257013860 13.65294252198959235
  33.62941535041629493 13.66409244330524153
  33.72087537297695548 13.68500392063608295
  33.81233533762584642 13.70591541278028025
  33.88997032249934449 13.63704816467769909
  33.96760526748889930 13.56818092725219849
  34.04524018043159117 13.49931369876910736
  34.12287506857315833 13.43044647767723454
  34.20050993872148837 13.36157926257716788
  34.27814479740418108 13.29271205218802621
  34.35577965102793740 13.22384484531289672
  34.72719643057421024 13.02641156559735514
  35.09861320844042609 12.82897828715721111
  35.47002998629531589 12.63154500889454823
  35.37953157266142767 12.56748033523082242
  35.28903315901969506 12.50341566169021412
  35.19853474537146809 12.43935098825152785
  35.10803633171789784 12.37528631489689879
  35.01753791805995775 12.31122164161134691
  34.92703950439844363 12.24715696838237378
  34.83654109073404470 12.18309229519961256
  34.74604267706732941 12.11902762205451545
  34.65554426339878091 12.05496294894008358
  34.56504584972881133 11.99089827585063261
  34.47454743605778305 11.92683360278159554
  34.38404902238600869 11.86276892972935748
  34.29355060871377958 11.79870425669110112
  34.20305219504137995 11.73463958366470727
  34.03183816278962581 11.61343556971684698
  33.86062413053812747 11.49223155577358924
  33.75307365433755535 11.41609556828932703
  33.64552317813680560 11.33995958080505595
  33.43289919982193936 11.45793580996512873
  33.22027522150703760 11.57591203912520506
  33.10166149672497937 11.54748938169966088
  32.98304777194289272 11.51906672427412026
  32.86443404716078476 11.49064406684858319
  32.74582032237866258 11.46222140942304790
  32.62720659759653330 11.43379875199751439
  32.50859287281438981 11.40537609457198087
  32.38997914803223921 11.37695343714644736
  32.27136542325008861 11.34853077972091917
  32.09389292760290147 11.29062427757270548
  31.91642043195570722 11.23271777542449179
  31.73042304529604962 11.17202973454867632
  31.54442565863638492 11.11134169367285907
  31.35842827197672023 11.05065365279704359
  31.17243088531705197 10.98996561192122634
  30.98643349865738372 10.92927757104540909
  30.80043611199770837 10.86858953016959184
  30.69392291269825535 10.87775141973630788
  30.58740971339880232 10.88691330930302392
  30.48089651409934930 10.89607519886973996
  30.37438331479988918 10.90523708843645423
  30.26787011550042550 10.91439897800316849
  30.16135691620096182 10.92356086756988098
  29.97172648717022270 10.93987220795487403
  29.78209605813947647 10.95618354833986352
  29.59246562910873024 10.97249488872485301
  29.40283520007798046 10.98880622910984250
  29.21320477104723068 11.00511756949483022
  29.35635048321680429 11.20972333659728193
  29.49949619538638146 11.41432910369973364
  29.64264190755595862 11.61893487080218712
  29.78578761972553934 11.82354063790464238
  29.92893333189512717 12.02814640500709764
  30.07207904406471499 12.23275217210955645
  30.21522475623430637 12.43735793921201171
  30.29413824013829171 12.48899268676892049
  30.37305172404228415 12.54062743432582749
  30.45196520794627304 12.59226218188273627
  30.53087869185026548 12.64389692943964683
  30.60979217575425437 12.69553167699655738
  30.56322787372565841 12.79285036720147239
  30.51666357169706245 12.89016905740638741
  30.47009926966846649 12.98748774761130065
  30.42353496763987764 13.08480643781621566
  30.37697066561128523 13.18212512802112713
  30.33040636358269992 13.27944381822604036
  30.28384206155411817 13.37676250843095183
  30.23727775952553998 13.47408119863586506
  30.19071345749695112 13.57139988884077297
  30.17474394601105914 13.59648992919830235
  30.15877443452516360 13.62157996955583172
  30.14280492303926451 13.64667000991335932
  30.12683541155337252 13.67176005027088515
  30.11086590006748054 13.69685009062840919
  30.09489638858159211 13.72194013098593324
  30.07892687709570367 13.74703017134345551
  30.06295736560981879 13.77212021170097422
  30.04698785412394102 13.79721025205849294
  30.03101834263806325 13.82230029241600988
  30.01504883115219258 13.84739033277352327
  29.99907931966631836 13.87248037313103843
  29.98310980818044769 13.89757041348855005
  29.96714029669457346 13.92266045384605988
  29.95117078520869569 13.94775049420356972
  29.93520127372281792 13.97284053456107955
  29.91923176223693659 13.99793057491858583
  29.90326225075104816 14.02302061527609212
  29.85982909098789406 13.98005138946954062
  29.81639593122473642 13.93708216366298736
  29.77296277146157877 13.89411293785643942
  29.72952961169841402 13.85114371204989148
  29.68609645193524926 13.80817448624334531
  29.64266329217208096 13.76520526043680093
  29.59923013240891265 13.72223603463025299
  29.55579697264574079 13.67926680882370682
  29.51236381288256894 13.63629758301715711
  29.46893065311938997 13.59332835721060562
  29.42549749335621101 13.55035913140405235
  29.38206433359302849 13.50738990559750086
  29.20139005954477085 13.43859077501963917
  29.02071578549651321 13.36979164444177393
  28.84004151144825201 13.30099251386390691
  28.65936723739999437 13.23219338328603811
  28.47869296335172962 13.16339425270816932
  28.29801868930346487 13.09459512213029697
  28.11734441525519657 13.02579599155242462
  27.93667014120692471 12.95699686097454872
  27.75599586715865996 12.88819773039667460
  27.55853184863315519 12.81300521687181515
  27.36106783010765042 12.73781270334695570
  27.16360381158214565 12.66262018982209980
  26.96613979305663733 12.58742767629724213
  26.76867577453112901 12.51223516277238268
  26.21770091342987286 13.28208686514791736
  25.66672605232861670 14.05193856752345027
  25.58681131151575272 14.10784263582335640
  25.50689657070289229 14.16374670412325898
  25.42698182989003186 14.21965077242316333
  25.34706708907717498 14.27555484072306413
  25.26715234826432166 14.33145890902296316
  25.18723760745147189 14.38736297732286218
  25.10732286663861501 14.44326704562276298
  24.81694048703660727 14.64640299047146854
  24.52655810743460663 14.84953893532017766
  24.23617572783260599 15.05267488016888677
  23.94579334823060179 15.25581082501759411
  23.65541096862859405 15.45894676986630145
  23.36502858902658275 15.66208271471500524
  23.07464620942456790 15.86521865956370725
  22.65651998052092253 16.15771735280665311
  22.23839375161727716 16.45021604604959720
  21.82026752271363534 16.74271473929253773
  21.46826246658705983 16.98895860493546195
  21.17385132756757926 17.19491285388359358
  20.87944018854809869 17.40086710283172522
  20.58502904952861812 17.60682135177985330
  20.29061791050913399 17.81277560072798138
  19.99620677148964631 18.01872984967610947
  20.00559813356017713 17.94509207859837474
  20.01498949563070440 17.87145430752063291
  20.09718014164262812 17.22699656749256647
  20.17937078765455183 16.58253882746450358
  20.26156143366647200 15.93808108743644247
  20.34375207967838861 15.29362334740838314
  20.41910876651217777 14.70275075485248983
  20.47015167141839953 14.30252278808895738
  20.52119457632462129 13.90229482132542671
  20.57704127658932691 13.46440024345094599
  20.63288797685403253 13.02650566557646528
  20.68873467711873460 12.58861108770198278
  20.74458137738344021 12.15071650982750207
  20.80042807764814228 11.71282193195301780
  20.80985826227866298 11.63887975276447584
  20.81928844690918368 11.56493757357593033
  20.82871863153970082 11.49099539438738482
  14.35886285066997914 7.92164077898880858
