Number of disks = 99
Depot = yes (node 100)
Tour length = 141.82887497199268978
Tour sequence = 100 30 2 51 48 19 92 87 9 26 55 10 95 56 21 28 12 47 82 20 25 18 83 59 3 6 40 85 96 86 65 14 33 68 31 45 99 57 78 72 76 80 61 7 74 67 75 36 29 58 22 42 23 11 70 89 49 98 90 94 17 97 32 50 1 79 13 24 88 27 81 34 38 66 52 8 46 69 15 84 41 73 39 91 63 77 54 16 64 43 71 4 44 93 53 60 5 37 62 35
Tour visit points:
  2.77999999999999980 1.64999999999999991
  2.81677543206021630 1.98038589435354062
  2.89475385840103261 2.68093433597278530
  2.97273228590869110 3.38148277234706685
  3.05071071429435481 4.08203120370868788
  3.16193836425996366 5.08128646975491893
  3.27316601426430154 6.08054173611008952
  3.78226773765788149 9.73121648381889948
  3.92764522089331347 10.77369165638313575
  3.44718411909027145 11.38767406652887360
  3.02116622344177577 12.13123944605697169
  2.59514832970922615 12.87480479860191096
  1.25529709544600543 15.21336143485780035
  2.33719652267792810 15.87509755492896524
  3.41909592122573480 16.53683364143905266
  4.24412474473058143 18.52944624560515052
  4.67043420761296257 18.27763073056459220
  5.84420767265162855 17.38052811183064605
  9.30348197683373002 14.73668843737651635
  9.46117436855326055 13.49495830581602540
  9.62512789834457294 12.18812649979226315
  9.79341015272166082 10.84887112838916856
  9.96212820151750833 9.50965508791279390
  9.99401484603978396 9.25859190203623683
  10.02596082791263399 9.00750442728690892
  10.97185549239707747 9.75288116912041936
  11.91731356752230298 10.49853997098569991
  12.86244210553028466 11.24441183151461843
  15.68037587173154712 13.46826433328268813
  15.85861530587657953 13.69469773678159186
  16.55515480763718728 14.94087481866632672
  17.25169357678523596 16.18705118286859701
  17.59008720043850360 16.36715148629942362
  17.92848030571981610 16.54725083436792232
  18.94269364033130287 17.08703406026531013
  19.95690664984491036 17.62681654337301396
  20.97111951683818276 18.16659861064875159
  22.33147535180865262 18.89060407685175491
  22.59935469256208762 18.87442854241797718
  23.23041818438856509 18.83632262490785081
  23.85505117185552137 16.15596723205141316
  24.17868258715976282 16.23242554195573106
  27.82296227125608823 17.09339098686887937
  29.26908706517630421 17.51000160279338402
  30.24080535603645359 17.22265618056920289
  31.85983533607974749 17.41071970883789888
  33.47886531612302718 17.59878323710658776
  35.46736099413630683 17.82976321756638072
  37.45585667214958647 18.06074319802617012
  37.84021116007632912 16.19941502222417284
  37.01027958039161803 13.45168377563829054
  35.51694036224409246 11.92328815498457395
  34.02360114409704295 10.39489253433436744
  35.55094893103725440 7.63255467271446708
  38.24693868322232504 6.78735855916361697
  38.03352475865939653 6.36595044011461830
  38.02541002593955000 6.34992705015624548
  37.93701365779462975 6.25976423529068704
  36.35096313944592339 4.96764683942166485
  36.34810189258216440 4.20899254743238238
  36.34524064495241191 3.45033825451478338
  36.34237939684421548 2.69168396104981822
  34.28891075374112063 2.40655707022966459
  31.41766557239042612 2.00788080327020291
  28.89690029845488795 1.65786914384813855
  25.84220742330449028 1.23372091659454797
  26.26582466489778867 2.13552920593446816
  26.68944190648276305 3.03733749526115249
  26.87747241168091605 3.26793818340649755
  27.71437974548313576 4.29432167835781264
  29.00548642070330629 5.87773543053193315
  29.42082439321103493 6.38710608910268451
  29.31035659816237882 7.29142512970961754
  28.77377071535142861 8.00748663513914671
  28.23718483248962841 8.72354814104045850
  27.70059894962234637 9.43960964717227391
  27.08209123867543155 10.26499394668695686
  22.40721991054607187 9.69630144009826189
  21.67979670699084949 6.96026352759112132
  22.03449225208647633 5.81356620887244890
  21.75524022358377962 5.68546362721185972
  19.82079217316486819 4.79806525271905926
  18.87884487006845191 5.90406277176169070
  17.93689335067877977 7.01006536538531488
  17.66777933837648717 7.34208251850975557
  17.39863795352433939 7.67411559424259249
  17.12947860106464404 8.00615842172136460
  16.86031411577706152 8.33820339577921388
  14.41507227323127260 8.09928125189448345
  14.21605506923603279 6.28022625618527641
  14.01703622550279427 4.46116878091829516
  13.53556648466239132 4.19108524995435072
  13.05409784046887367 3.92100081960748525
  12.57263032373778167 3.65091652877872530
  11.10582020418094729 4.04895460295797793
  9.63901080644653163 4.44699278145628885
  8.17220153725411791 4.84503098505372520
  5.00765475975732333 2.43608207241171337
  4.92876308247408534 1.79124314628010262
  4.84987140481809664 1.14640421989062413
