Number of disks = 317
Depot = yes (node 318)
Tour length = 2049.17682441980878139
Tour sequence = 318 247 248 244 223 226 245 215 224 214 228 227 222 243 219 218 213 225 234 235 229 236 237 241 233 238 240 211 239 110 232 231 313 139 212 242 109 119 220 230 217 221 114 216 140 118 130 121 122 108 138 127 4 113 112 133 132 129 13 125 117 208 135 128 106 107 123 115 116 111 8 14 126 26 120 134 17 5 9 11 28 15 2 10 33 1 3 6 12 23 20 29 30 21 32 31 103 27 37 19 22 7 25 50 36 104 18 42 43 41 16 47 24 44 40 64 45 55 316 317 49 105 59 48 68 67 56 76 82 71 86 84 85 83 72 91 102 97 101 96 98 92 93 89 81 99 73 80 75 74 58 90 69 54 88 62 51 77 79 63 57 78 70 38 53 164 60 52 65 182 161 61 39 160 46 136 35 34 153 145 151 149 209 137 152 150 142 148 141 146 124 147 131 155 169 163 162 154 158 210 157 167 181 194 156 175 159 168 174 180 191 184 185 183 173 187 176 66 188 95 172 197 94 87 179 202 190 178 189 206 196 100 207 177 204 198 203 201 186 306 303 195 312 192 294 289 205 300 301 278 281 308 309 305 304 310 298 297 285 273 280 290 291 286 279 296 307 274 287 283 293 282 311 284 299 199 272 200 277 170 302 193 171 288 292 266 255 295 166 165 269 261 260 262 250 257 144 258 264 259 251 315 143 265 314 267 254 253 246 252 263 271 268 270 275 256 276 249
Tour visit points:
  169.30000000000001137 405.50000000000000000
  120.33678176236396951 397.44020423422006161
  104.82863265318928825 394.88742034819262017
  89.32048354407001511 392.33463646217728638
  77.07579164805383698 388.97895030027660823
  64.83109975676644865 385.62326413782852796
  57.47364834693195235 383.60693754227276031
  50.11619693654654384 381.59061094395610780
  45.91409009542891084 380.43901382969914948
  41.71198325242621507 379.28741671227129473
  50.49857946798102404 341.86217383551769444
  50.72955219355716849 340.87837867937014380
  48.00918121016395901 336.72831602012382746
  45.28881010122213979 332.57825304002835765
  42.56843881647643713 328.42818961823451218
  39.84806731473473462 324.27812565644688902
  37.64519757366832664 312.43919426853102550
  42.98232098289667391 308.49813367575535494
  48.31944355263140523 304.55707900059752546
  53.65656531994960687 300.61603174010997463
  58.99368635259768467 296.67499303553171330
  64.33080674500807561 292.73396364155763649
  69.66792661339584924 288.79294391247873364
  75.00504609017312418 284.85193380503159233
  72.50003661370078589 282.66638538276191639
  69.99501315516538114 280.48085932069460569
  67.48997001751519065 278.29536040877360392
  64.98490250590786843 276.10989217527207984
  62.47980707197725536 273.92445679964129113
  59.76005348362662772 271.55181496374103745
  57.04028959086550543 269.17922535329262246
  54.32052448202509964 266.80669421893321669
  51.60076695047015249 264.43422529657203768
  48.88102516179088752 262.06181976770795927
  46.16130635845464525 259.68947632088156752
  46.62444217811914626 256.50314424868224705
  47.08761107510014199 253.31685404868483147
  47.55081601583043494 250.13059359485245636
  48.01405849001204729 246.94435009420385541
  48.86141468514565389 241.11638151357411175
  49.70880219906337771 235.28843389584764623
  51.25004158285300093 224.68867315556593667
  52.79131596983553010 214.08880235117564439
  53.17260227060010891 211.46667916879414406
  53.55390727688480013 208.84451960649738567
  53.93522219266082374 206.22236112381750672
  54.51639097747369078 202.22591641628778802
  48.13618657279239699 194.57811121080936800
  41.75597260774465269 186.93031456588167316
  29.88569936823454753 172.70169854698161771
  32.71980337961025498 170.97660278541653156
  34.03564207563863420 170.17563757761425336
  36.41424463119329857 168.72790848573859535
  40.23507173596887299 166.40299485357761000
  44.77683205555727142 163.64052691856741717
  49.31830135760570499 160.87974682193859621
  51.26321635180475056 159.69884414726163868
  53.20961956115065306 158.51745658428094998
  55.15919732640192308 157.33387771918822295
  57.11071357278282790 156.14874577715130499
  57.20874283904626623 156.04705776931828609
  57.30678316892503688 155.94541285980551493
  57.31820079902707477 155.93363016605030680
  53.62934355373691631 152.73852059751206411
  49.84827877293137277 149.46366473767773186
  45.99262053690970475 146.12429437675203303
  42.09966679692320923 142.75267073243804816
  38.20671492442856731 139.38105314276938884
  39.23285402542044409 135.50310526883473017
  40.48859206051007220 130.75747067444609684
  41.74433085883892858 126.01183583501523344
  43.00006965618345589 121.26620123439229815
  40.91577146315876234 113.11828058175515821
  38.83147385378759253 104.97035978143382806
  36.74717691197029268 96.82243877494424567
  33.94391017040126712 85.86392248779492320
  31.14064406842064514 74.90540604175446049
  28.33737851664905705 63.94688948473699242
  25.53411340527118867 52.98837286745326480
  22.34505182174545013 40.52170047212145221
  20.32317667145036921 32.61778979554720337
  18.30130166657705715 24.71387916155447684
  16.27942670201113629 16.80996849900432011
  23.85303212985843402 21.86370222951832432
  28.09369394218117932 24.69342126450268182
  32.33435563764031428 27.52314020299437303
  36.57501725768919698 30.35285907914360237
  40.81567884024185844 33.18257792415467122
  45.05634042325782929 36.01229676923907874
  50.93667439463385449 34.35659682205913867
  56.81700836606049165 32.70089687485946683
  62.69734233737445095 31.04519692761029148
  63.83435013206872100 33.29333725650896270
  64.97135792649636699 35.54147758518904965
  66.10836572064607708 37.78961791362237221
  67.35885438978542084 40.26213747074202587
  69.47055186352329770 44.43747582572616039
  71.58224933722463845 48.61281418068504223
  73.19303474073450388 48.78567794122951540
  74.80382014396313650 48.95854170156483320
  76.41460554684823592 49.13140546164377298
  78.02539094937215225 49.30426922145253599
  79.63617635155902974 49.47713298100863710
  89.53877093274024901 50.53984420632759367
  99.44136551397990331 51.60255543164778658
  107.01000269163840528 51.11324957847938322
  114.57863986932441946 50.62394372530874165
  122.14727704701964228 50.13463787213468947
  123.25318693943096093 49.30154840034549579
  124.35909683184630126 48.46845892855881743
  125.46500672426270739 47.63536945677688550
  128.32559339607175275 45.48046998825768128
  131.18618006788528874 43.32557051973906681
  134.04676673970411116 41.17067105121910942
  139.33889775230767327 37.18407263113133610
  146.67237651090658801 32.37248184279400220
  149.81889277125506510 30.30801160267853334
  152.96540903160357061 28.24354136256308223
  145.98230945648265333 -1.98799308872876401
  149.76180159909966960 0.29840351791303210
  161.68790509148692536 7.51307721653074356
  173.61400858386568302 14.72775091515012491
  174.35141434309022657 15.17384313125090323
  191.03714083237744603 16.09837448566494800
  207.72286732170326218 17.02290583978536986
  213.05968065665831546 17.31861075004826489
  218.39649399165833188 17.61431566003449944
  223.73330732669933241 17.91002056979342072
  229.07012066177364318 18.20572547939225672
  234.40693399687108922 18.50143038890756841
  239.74374733198007448 18.79713529841662378
  239.95919809871222128 18.80907310576751001
  247.67592479211108980 17.19658915629382179
  255.39265148551868378 15.58410520681884215
  263.10937817892579460 13.97162125734297078
  275.96884182882143932 11.28451316628330403
  280.31227625417471927 11.45026584349225907
  284.65571067957739615 11.61601852079590813
  279.68929774366364427 19.34124998250947414
  274.72288480914056663 27.06648144308935855
  269.75647187648382896 34.79171290208508793
  265.28932530603498208 36.72354446159351937
  259.19759198480812756 39.35793365983388270
  253.10585866081351014 41.99232285650386842
  247.01412533382671199 44.62671205138578756
  242.97563872116478478 46.37316825791619834
  238.93715211003754462 48.11962446096373469
  234.89866550238545528 49.86608066011046247
  230.51372199682521114 64.40639258232761222
  225.94498155364115632 65.74736781702813460
  221.37624139474021945 67.08833295290058629
  216.88892132259198320 68.40538722844253527
  212.40160691754473987 69.72242432917337851
  207.91430007928454415 71.03944278975751558
  205.55758318758984160 71.73112029477320561
  203.20087336055769356 72.42278180372692020
  200.84416961525653278 73.11443024245109257
  198.48747060806795162 73.80606925437747634
  196.13077475525045656 74.49770289204251128
  193.77408036196021612 75.18933530147613453
  192.72334455407761311 77.32540949759226123
  191.67260941261542939 79.46148411674592182
  185.52266570692171399 91.96391179935038451
  179.37272220327020023 104.46634000311790658
  177.31256741522417997 108.65449909117162974
  175.25241282096226314 112.84265826416176992
  173.19225839622825447 117.03081731031306845
  170.62194348151524537 117.47475964722208630
  168.05162868730110404 117.91870185147730865
  165.48131397812898058 118.36264393430771236
  151.67112188177728171 120.74792587355740636
  137.86092982590869838 123.13320776790874334
  124.05073778543047069 125.51848965769697486
  121.44067430126494855 126.63876541411563892
  118.83061085003119217 127.75904118303407131
  114.46333693899036632 129.63353632050217357
  110.09606302165381919 131.50803151315045625
  105.72878908068111059 133.38252677417790437
  109.05905718116638070 139.48217157360986107
  112.38932517952835610 145.58181650173136745
  115.71959305154442177 151.68146157118721362
  119.04986078474277633 157.78110678253372612
  122.38012837845673175 163.88075212513925294
  125.71039584295350267 169.98039757889341672
  129.04066319777800231 176.08004311652743468
  132.37093046950226949 182.17968870631557365
  135.70119768910257108 188.27933431491581473
  139.03146488919875878 194.37897991011516297
  140.71344752014036317 194.60393570381756945
  142.39543013703448082 194.82889147811422959
  144.07741274403389298 195.05384723248101864
  145.75939534573709011 195.27880296796979565
  147.44137794679619446 195.50375868700447768
  153.67393453308704920 196.33732809037294942
  159.90649111852746955 197.17089749220852468
  160.89318517543719622 197.30286227458850590
  165.18414557195893622 191.50204507424993494
  169.47510596078188883 185.70122787393776775
  173.76606633954264680 179.90041067372735029
  178.05702670721004210 174.09959347367512805
  180.86743597826279029 177.68066153729046164
  183.67784523672821706 181.26172966134109288
  186.48825448397124660 184.84279786293231496
  189.29866372242582884 188.42386614890460805
  190.88864142616552044 190.44984119089542673
  192.47861910790138040 192.47581627470685817
  194.06859676565036921 194.50179137470007618
  195.65857440056882410 196.52776646637954627
  219.96025365782534777 191.42566209398748356
  223.24762523535889613 189.09866058565614821
  226.53499701492680174 186.77165843726442063
  229.82236914098757552 184.44465534065665224
  233.10974174343846244 182.11765102494271673
  230.25069799807820914 168.68824752802996159
  227.39168737769631434 155.25878922626026224
  231.01253711614012332 154.24202571945059503
  234.65696527481915723 153.21843956212077842
  238.33548787772474498 152.18500989685108493
  242.05736114672720305 151.13907884601778164
  245.83028613001317808 150.07843602232264857
  249.66015031105681032 149.00139237093685551
  253.55082375239163639 147.90683834488743287
  257.50402551004395946 146.79428193725595975
  261.51927230293966886 145.66386316535624701
  265.59391624615966521 144.51634307846299521
  269.72327249375132396 143.35306706086316808
  273.90083155906404500 142.17590393440517005
  278.11854551658382206 140.98716395043484795
  282.36717275611209743 139.78950005276610113
  286.63666281789113555 138.58579768858263037
  290.91656126591789189 137.37905889160833794
  295.19641455618130976 136.17228636150898069
  295.34219304691504249 147.56662641430949634
  295.48795604713052398 158.96095496710515249
  295.63371556636059267 170.35528100727381684
  295.77948089794756470 181.74961147669404227
  295.92525833062967422 193.14395105555351506
  295.99189379124112520 198.35141370475932376
  296.21873905040814634 216.07827270326859548
  296.44559037864979700 233.80513185874525561
  296.67244344648639753 251.53199156546088489
  296.80450711966813060 261.85184782992672581
  296.93656792431278291 272.17174044540632849
  296.70762485150146404 273.50320799995381549
  296.47869480458729186 274.83470037951116183
  296.24978338368293862 276.16620919476758900
  296.02089412479358543 277.49772537081247492
  295.09125591425265611 282.90587175962946276
  294.16165717135095292 288.31396999646165114
  292.50348740119579816 297.96084258450144944
  290.84537082660489204 307.60758526063938234
  287.59116494290827859 326.54035009128824640
  284.33698959440306453 345.47304260392365904
  281.08283049557371669 364.40569842515992605
  277.82867319245178805 383.33835327293138562
  270.79698744433716229 380.30676455342216968
  263.76530121467254730 377.27517546348741462
  254.54887697639014732 365.55683668387212037
  245.33245257073011203 353.83849780392989715
  236.11602816284280948 342.12015896002958470
  232.39015752574306362 337.38285383984356258
  233.15236118738198456 334.42040112565956633
  233.91456484900672308 331.45794841154400956
  235.45936691795668594 321.69145968270908043
  237.00416896678055423 311.92497116738667273
  238.54897098768554997 302.15848294829851284
  238.67006843222850421 298.26129724359640250
  238.79116559923883756 294.36411136048076287
  238.91226255559044489 290.46692532304155066
  239.03335957122573063 286.56973943122147830
  239.15445713855720555 282.67255428604465806
  236.78105132810202349 282.02333066879123180
  234.40768020062134269 281.37413019629485689
  232.03436818232083283 280.72496909822518774
  229.66114170345502998 280.07586498892993632
  227.28802395189504182 279.42683334576327070
  224.91502756599325608 278.77788261350468701
  223.98762291092285182 278.52430656386917462
  223.06037743512874272 278.27080907813376598
  215.99564765962688284 272.89862864080492955
  214.51011964042842806 271.76868041288662425
  213.02504659216606342 270.63877957881095426
  211.54045641595692473 269.50898931729409469
  206.83515235177392810 270.46480232827553891
  202.11381775511728165 271.42440782601869387
  197.36552382521958293 272.39009112565031501
  192.58495404245348936 273.36292125418736987
  187.77422762361771902 274.34238762005958279
  182.94148680359873538 275.32670402185470948
  178.09786844105650516 276.31344634126747906
  173.25447980639020784 277.30019026189131637
  168.18387765373267939 276.19299802685969780
  163.11367632346178880 275.08563485186652997
  158.04387581984943267 273.97805113415836331
  152.97442740230414415 272.87022617128201318
  147.90524696848009967 271.76216725395488538
  142.83623080465275734 270.65390584267930763
  144.85515147058990237 275.13866865510158277
  146.87431512852558058 279.62337621619178663
  148.47854001441100991 283.18595562224209061
  150.08289421007813758 286.74842384014982599
  151.68730687268370616 290.31077270013116731
  152.79472775609241353 292.76949722165971934
  153.90214928361885427 295.22821099481666351
  142.49284352070819182 314.13673103390487995
  142.46415140693895296 314.24742040752613548
  142.43545949029180520 314.35811063360267781
  143.17652358362514065 315.22357378693772034
  143.91758789961630782 316.08903769969231234
  148.39204226067042214 321.31460145181608823
  155.92314224490070274 327.48145209513603504
  160.14794042697178611 330.94093336713467579
  161.14418176695465945 331.75670683342337952
  173.58498238733128005 388.84777723832229412
  174.16863431214389379 391.52616700990483878
  173.80709712295598024 392.56384204923023162
  173.44555993377031200 393.60151708857091535
  171.37277996688516168 399.55075854428542925
