Number of disks = 441
Depot = yes (node 442)
Tour length = 223.72934987520864070
Tour sequence = 442 67 35 103 66 441 114 1 102 127 136 149 401 405 161 228 227 186 234 185 400 240 267 406 235 238 277 239 269 274 270 279 266 281 426 271 440 276 339 341 428 282 342 346 273 283 309 285 433 348 343 340 347 350 351 352 349 354 294 353 291 312 355 318 320 288 292 317 357 286 249 289 290 315 287 311 280 308 314 316 313 247 310 424 284 421 241 248 229 242 407 425 211 246 245 244 221 243 187 403 212 175 399 396 174 162 151 150 70 126 386 115 389 152 387 392 137 172 104 173 138 393 116 153 139 177 140 201 176 163 188 397 222 189 200 390 213 128 202 154 141 203 129 143 164 119 130 131 394 108 178 167 395 439 118 155 142 190 107 391 166 109 398 204 132 233 191 181 179 205 193 165 225 156 192 216 412 402 257 232 224 255 215 254 214 223 250 253 231 230 251 415 256 293 417 252 298 429 418 297 295 278 359 301 319 356 321 324 434 358 435 322 360 296 323 305 344 361 365 326 325 304 300 299 362 302 431 363 364 332 345 430 366 329 328 432 307 303 370 306 272 423 331 420 369 368 337 371 374 372 427 373 334 336 338 333 268 375 335 437 367 438 330 275 265 220 210 416 414 411 226 410 219 409 262 237 327 260 419 261 236 422 258 263 259 218 408 206 207 264 404 195 158 194 180 196 168 183 145 208 197 182 209 184 198 159 169 217 170 413 157 146 133 113 199 135 147 112 124 171 134 148 125 64 160 384 380 98 383 94 33 377 376 32 31 63 30 65 95 60 62 29 101 93 436 96 59 91 97 61 28 27 26 379 381 56 86 120 388 22 58 23 89 123 25 378 110 111 92 385 144 121 21 90 122 88 57 50 85 54 382 24 87 55 19 13 15 83 100 17 84 20 80 49 16 82 18 51 81 11 53 48 45 79 52 47 42 12 77 14 117 99 43 46 76 40 106 105 78 73 74 41 9 5 10 75 7 34 39 71 72 44 69 6 8 37 36 4 68 3 2 38
Tour visit points:
  0.00000000000000000 0.00000000000000000
  2.31356718390623461 1.37288760074876470
  4.35030926401096618 2.58150517068589069
  6.38705134411569730 3.79012274062301602
  6.94352567205784954 4.34506137031150796
  7.50000000000000000 4.90000000000000036
  7.71320738414629581 4.91840367050319749
  7.92641476829271774 4.93680734100559970
  8.37773072049819589 4.97576410655002643
  8.82904667271236399 5.01472087209294504
  9.93733592296533352 4.50683975082557353
  11.04562517333978455 3.99895862955265313
  11.58324801621298228 4.18817865419757052
  12.10900016034119275 4.37322070516037353
  12.63475230457408749 4.55826275570744777
  13.16050444893830473 4.74330480574880475
  13.53184619392530053 4.87400106287119428
  13.90318794030869931 5.00469731985775823
  14.47588557901094042 4.66733762379128869
  15.04858322785376323 4.32997792649754931
  15.62128089053704372 3.99261822751274398
  16.46777166434628370 4.24447023106556376
  17.31426263121364073 4.49632223508829032
  18.16075386773081135 4.74817424060025051
  19.00724543860301807 5.00002624853476796
  19.36635529056712457 4.89882319763682084
  19.72546805901342992 4.79761990957462015
  20.08458484063340066 4.69641628084602392
  20.79760096738828778 4.77178091359028134
  21.51061116995191469 4.84713268728589242
  22.22361095625337768 4.92246621979320942
  22.93659634684176751 4.99777694000878636
  23.64956399397000908 5.07306121700559043
  24.36251127485683554 5.14831645247684033
  24.62751947535627650 5.17626262296769113
  24.89252036683443947 5.20418222723543167
  25.58784533080484636 5.27741697568374235
  26.28316023823954950 5.35063239921737743
  26.97846428025946608 5.42383298916827705
  27.67375704878171305 5.49702359177930333
  27.83714379935342720 5.51421525218070663
  28.00052477095009351 5.53140053187434866
  28.16390291416788116 5.54858150083924162
  28.01093605593306179 6.03498204038325436
  27.85796315276469670 6.52139091927899184
  27.53885253128883548 7.53606124221525597
  27.21973974681078801 8.55073412164243329
  26.90062678506924598 9.56540663371855615
  28.60746164794982604 10.22138105806821962
  28.68396144981969798 10.39849988181040885
  28.76046123186523573 10.57561868300808428
  28.83696100507957638 10.75273747069967989
  29.22464067203907945 11.16849165017047341
  29.61232033601953972 11.58424582508523670
  30.00000000000000355 12.00000000000000000
  30.00000000000000355 13.33333333333333215
  30.00000000000000355 14.66666666666666785
  30.00000000000000355 16.00000000000000000
  29.63018681267390875 16.04755917056210279
  29.26037362744429515 16.09511833603825437
  28.89056044490882869 16.14267749497855320
  28.52074726531142801 16.19023664679125574
  28.15093408855408441 16.23779579171413445
  27.70885745723692040 16.29464824001097867
  27.40850135181306513 16.33327497753558433
  27.10814524404213444 16.37190171246882642
  26.80778913545306708 16.41052844628091734
  27.00000000000000000 16.00000000000000000
  27.00000000000000000 16.00000000000000000
  27.00000000000000000 16.00000000000000000
  27.00000000000000000 15.99999981299180618
  26.99999999999996803 14.00000026798795538
  26.99999999999996447 13.83333355665662978
  26.99999999999996447 13.66666684532530596
  26.99999999999996803 13.50000013399398213
  26.99999999999997513 13.33333342266265653
  26.99999999999998579 13.16666671133132738
  27.00000000000000000 12.99999999999999822
  27.00000000000000000 13.00000000000000178
  26.36664779380643253 13.02373108186031914
  25.73330307998382693 13.04746722835950834
  25.09996873583784804 13.07121038435972338
  24.46664687540957672 13.09496197869938605
  23.83333877673819146 13.11872287504490053
  23.20004486254806508 13.14249335886691661
  22.44238485412541806 13.17094177393652998
  21.68473979893636994 13.19939874880511255
  20.92710881979937909 13.22786308761140006
  20.79734981368248370 13.02506161125555550
  20.66761045857267121 12.82226714967095660
  20.53789177431353252 12.61947896462540264
  20.40819359214499684 12.41669601631958386
  20.27851462800228077 12.21391703593932831
  20.14885261263000515 12.01114060670223616
  19.94850549224896241 11.69780130764281445
  19.74816956027384407 11.38446524947477023
  19.54784115989584947 11.07113247991286364
  19.34751641054524640 10.75780285397472547
  18.45539860998189141 10.35966227727153210
  17.56328172032086599 9.96152527574086299
  16.67116445358198007 9.56339169417791624
  15.77904568500836824 9.16526114955778937
  14.88692450934540545 8.76713306642213652
  13.99480027475508415 8.36900672500406628
  13.22607159845550484 8.02595037787703802
  12.45734097364601745 7.68289495827834745
  11.68860913836430804 7.33983998345647404
  10.91987686722998951 6.99678497360018348
  10.61590190599645744 7.07742801200774618
  10.31192663916887042 7.15807102585580513
  10.00795116266975704 7.23871402285386800
  9.70397558133487870 7.31935701142693418
  9.40000000000000036 7.40000000000000036
  9.40358015827626836 7.41039258546364099
  9.40716031655605534 7.42078517091969392
  9.46588370469691398 7.59124909497348277
  9.52460709291850272 7.76171301907963951
  9.58333048123500930 7.93217694325154810
  9.95642630280414132 9.01521012033587610
  10.32952212456971530 10.09824329761273276
  10.70261794653032972 11.18127647509272293
  11.07571376865546497 12.26430965275454099
  11.44880959089456240 13.34734283055301063
  11.82190541318769839 14.43037600842945700
  11.94436203253043871 14.53153838315812685
  12.14545953159234415 14.69766660616502030
  12.34655703070040467 14.86379482929800666
  12.54765452985698282 15.02992305255330940
  12.74875202905698224 15.19605127590975435
  12.94984952828968972 15.36217949933444871
  13.15094702754116618 15.52830772278930560
  13.50000000000000000 17.00000000000000000
  13.29554899032125803 17.19442887948051535
  13.09109797371615969 17.38885779073304150
  12.88664694678542944 17.58328674935044944
  12.68219590620340398 17.77771577058797448
  12.47774484874694068 17.97214486923055787
  12.27329377132856081 18.16657405944090797
  12.06884267103294484 18.36100335459197552
  11.73175531850574238 18.68156742427918715
  11.45056689647897841 19.02275621937096162
  11.16937561215126173 19.36394507853593083
  10.88818048792418836 19.70513359993467617
  10.60698058959321166 20.04632138839572875
  10.39830318100410800 20.29945283930085509
  10.18962223383712207 20.55257422962629477
  9.98094774881552738 20.80572824679395438
  9.98739864458606696 20.80919220519895063
  9.99077673837878422 20.81100545004265001
  9.99415385706513071 20.81280309772328962
  10.07442331346311271 20.85551627669336128
  10.15086979805598233 20.89618136617182387
  10.22540476565194112 20.93581607628018659
  10.29993967028492108 20.97543796606295530
  10.49011948970574082 21.07652574764489728
  10.68032615954621889 21.17762074862864452
  10.87061690964557492 21.27875538948870826
  11.06105743377087514 21.37996625072988977
  11.25167043341527240 21.48126696437830674
  11.44241147037646833 21.58263557045054881
  11.65969124305576621 21.69760709522840259
  11.87474943757055890 21.81141696220236170
  12.08799184924971470 21.92428828869807589
  12.30384519977970292 22.03857689716909718
  12.52953206143033960 22.15812131327575685
  12.77265740774776148 22.28696221215145457
  13.03903898705844178 22.42819094682180037
  13.33138387974290495 22.58324670159416669
  13.64887520442262137 22.75169641541406307
  13.98751984526554182 22.93141869112769271
  14.34102960697845930 23.11907121675948318
  14.70196900769502513 23.31070023820626602
  15.06290296741728874 23.50235043820047665
  15.37526988687022822 23.66822879147949621
  15.68763494343511589 23.83411439573974633
  16.00000000000000000 24.00000000000000000
  16.39290557807624893 23.47589994420719961
  16.78581115615250141 22.95179988841440277
  17.17871673422875389 22.42769983262160949
  17.57162231230500282 21.90359977682881620
  17.77849234886172525 21.62765409483548495
  18.18658448306801390 21.15648108322913501
  18.25791205151707786 20.70588018268700736
  18.32923961996613826 20.25527928214487972
  18.40056718841520222 19.80467838160275207
  18.47189475686426618 19.35407748106062442
  19.05326819984340148 19.21160526761485343
  19.63464164282253677 19.06913305416908244
  19.89077639752341398 18.92663084577055344
  20.14691115222429119 18.78412863737202798
  20.40304590692516840 18.64162642897350253
  20.65918066162604561 18.49912422057497707
  21.00612044108402898 18.66608281371665257
  21.35306022054201591 18.83304140685832451
  21.69999999999999929 19.00000000000000000
  21.99638535709388165 19.12018945869393960
  22.46610379893003895 19.31066852222259556
  22.93582224076619624 19.50114758575124796
  23.40554068260235354 19.69162664927990036
  23.87525912443851084 19.88210571280854921
  24.05518358149566893 19.95506823468053881
  24.23510803855283058 20.02803075655253195
  24.84508734327554080 20.08271212002146910
  25.45506664799825458 20.13739348349040625
  26.06504595272097191 20.19207484695934340
  26.67502525744369635 20.24675621042828411
  27.28500456216641723 20.30143757389722481
  27.89498386688914522 20.35611893736616551
  28.50496317161187321 20.41080030083510977
  29.11494247633460475 20.46548166430405402
  29.50000000000000000 20.50000000000000000
  29.24076819847832098 21.07119474895296563
  28.98153639695663841 21.64238949790592770
  28.72230459543495940 22.21358424685889332
  28.46307279391328393 22.78477899581185895
  28.20384099239161202 23.35597374476482457
  28.15232604571881225 23.46948245341620520
  27.95884149265386753 23.70278128673587759
  27.76535693958892637 23.93608012005554642
  27.57187238652398875 24.16937895337521169
  27.37838783345905469 24.40267778669488052
  27.18490328039412418 24.63597662001454580
  26.99141872732919012 24.86927545333420753
  27.49284893944099650 25.22439621111184849
  27.99427915155279933 25.57951696888948590
  28.49570936366460572 25.93463772666711264
  28.99713957577640500 26.28975848444474295
  29.49856978788820427 26.64487924222236970
  30.00000000000000355 27.00000000000000000
  29.84255671131078458 27.30377868896639626
  29.68511342262140218 27.60755737793283160
  29.52767013393184925 27.91133606689930247
  29.36292963127520039 28.22919435310005554
  28.52467034848083216 28.47820405523329867
  27.68641106568529153 28.72721375736765381
  27.54174365727774187 29.12792365684303419
  27.39707624886825954 29.52863355631699704
  27.25240884045709677 29.92934345578893840
  27.10774143204478648 30.33005335525873747
  26.96307402363196459 30.73076325472673531
  27.34197789425180503 31.03662355471188050
  27.72088176487119426 31.34248385469427234
  28.09978563549027797 31.64834415467433715
  28.47868950610923733 31.95420445465284232
  29.11708478209378015 32.46953244615213663
  29.19679937595837060 33.39571534418305987
  29.27651396982263421 34.32189824221372021
  29.35622856368665978 35.24808114024430239
  29.43594315755054325 36.17426403827498405
  29.10011771316452922 36.00868561880758989
  28.76429226877844769 35.84310719934037337
  28.42846682439235551 35.67752877987331317
  28.09264138000627753 35.51195036040635955
  27.75681593562025284 35.34637194093946988
  27.37840796781012642 34.17318597046973849
  27.00000000000000000 33.00000000000000000
  26.48488010017706884 33.06166760378453517
  25.96976020035413057 33.12333520756906324
  25.45464030053119231 33.18500281135359842
  24.93952040070825760 33.24667041513813359
  24.42440050088531933 33.30833801892267587
  23.90928060106237751 33.37000562270721105
  23.45464030053119231 33.68500281135360552
  23.00000000000000355 34.00000000000000000
  21.15544171416940245 34.09733564682047557
  19.31088342834034677 34.19467129364318225
  17.46632514251314205 34.29200694046857478
  17.55306011400832134 34.09360555237169166
  17.63979508550510289 33.89520416427712490
  17.72653005700302487 33.69680277618420661
  17.81326502850151172 33.49840138809209833
  17.89999999999999858 33.29999999999999716
  17.99561714439504456 33.13233371829042540
  18.69128305413143920 31.91171875200963726
  19.23151511946171510 30.96287379756621405
  19.77143944667733066 30.01368510474042850
  20.31123917289369629 29.06409268148700065
  20.75561958644684779 28.28204634074350210
  21.19999999999999929 27.50000000000000355
  20.96594717554064502 27.50993582828464668
  20.71656550885063908 27.52054179479777574
  20.42720459324001325 27.53287571590607286
  20.08727986719464909 27.54739521052162843
  19.69989275133533724 27.56397355878120692
  19.27582539508702553 27.58215524724225531
  18.82752567834570101 27.60141228318132889
  18.36521579776848156 27.62131028291965151
  17.89548972111639102 27.64156829905269674
  17.42186823654883909 27.66203476423738294
  16.94633273751864522 27.68262146467078111
  16.47085936977138232 27.70323768714939661
  15.85434574210013992 27.72999316144183624
  15.23784896807852363 27.75676227949400854
  14.62134603974743285 27.78353627796687064
  14.53259307301351200 28.10016542393743322
  14.44383493608690117 28.41679867037711205
  14.35507245660930487 28.73343536100440332
  14.26630661697546820 29.05007471671594743
  14.17753850282314332 29.36671587646484838
  14.08876925141157166 29.68335793823242952
  14.00000000000000000 30.00000000000000355
  13.75105979682119539 30.05494062042248871
  13.50212029945387826 30.10988309415226638
  13.25318178014669535 30.16482813572724098
  13.00424443969491328 30.21977627184996607
  12.75530840003463773 30.27472782199919976
  12.50637370176399443 30.32968289201017953
  12.25744030645383909 30.38464138024813721
  12.00850810334490149 30.43960299530058222
  11.75957691980016229 30.49456728351617585
  11.21997906852578275 30.61371282973698982
  10.68038047562263415 30.73285906448069937
  10.54430504701330484 31.18628663279331903
  10.40822912261253741 31.63971466139745559
  10.27215286085921164 32.09314300319913116
  10.13607643042960582 32.54657150159956558
  10.00000000000000000 33.00000000000000000
  9.96914687486487594 33.12031062811306015
  9.93829374972973767 33.24062125622614161
  9.90744062459457986 33.36093188433926571
  9.87658749945940428 33.48124251245241823
  9.44377831042097782 35.16896604639650548
  8.49502264833678566 35.03517283711720154
  7.54626698625259085 34.90137962783790471
  6.59751132416839425 34.76758641855860077
  5.64875566208419677 34.63379320927929683
  4.70000000000000018 34.50000000000000000
  3.75535983832910514 35.03038606069341654
  3.58626268553380978 35.02745891365739084
  2.81043660265070638 35.01402901858558891
  2.03461051976759499 35.00059912351378699
  2.02307367984506437 35.00039941567585799
  2.01153683992253196 35.00019970783792900
  2.00000000000000000 35.00000000000000000
  2.00000000000000000 34.00000000000000000
  2.27088761776287207 33.59366857335568568
  2.54177523552574458 33.18733714671137847
  2.81266285328861709 32.78100572006707125
  3.08355047105149005 32.37467429342276404
  3.35443808881436345 31.96834286677845682
  3.56962539254290867 31.64556191118564143
  3.78481269627145389 31.32278095559281894
  4.00000000000000000 31.00000000000000000
  4.00000000000000000 31.00000000000000000
  3.90512490491393738 30.80451081556232396
  3.81024990013413367 30.60902162251800718
  3.71537502227036454 30.41353241737796509
  3.62050030020254043 30.21804319738981803
  3.52562575409005108 30.02255396063228332
  3.39369318534947606 29.75070615761900328
  3.26176069135028568 29.47885807141493331
  3.12982821855850135 29.20700959485522574
  2.99789571494195028 28.93516064389204345
  3.10474759500658282 28.61493534502550773
  3.21159873143130037 28.29471000366332945
  3.31844883531743129 27.97448482883130083
  3.35861033189674485 27.85411951753499338
  3.39877060356935301 27.73375488709810455
  3.43892964029967096 27.61339113959110847
  3.47908748629021414 27.49302843107881245
  3.51924423445291135 27.37266686773723379
  3.55940001883291846 27.25230650452031966
  3.87697712007984885 27.06211736212990004
  4.19455491320345963 26.87192869038199561
  4.51213419162953588 26.68174010490654879
  4.82971569702739334 26.49155122809903418
  5.11997231931193486 26.31772738597635808
  5.34139388479803401 26.18512737945031432
  5.56281516483587524 26.05252863237118532
  5.78423627314356548 25.91993105981070045
  6.00565732393915486 25.78733456745611718
  6.01173099682511225 25.78369842577101778
  5.84671869048957937 25.62806249308501449
  5.68170603463596269 25.47242738708477816
  5.51669291963839825 25.31679295847898103
  5.00742734804939360 24.83647297014789146
  4.49816125752802787 24.35615330144344881
  3.98889462232229652 23.87583377171184296
  3.70476760795136695 23.60785731734767978
  3.42064020023231263 23.33988096334403650
  3.13651247676790446 23.07190468990104648
  2.85238451597154352 22.80392847701200765
  2.56825639677956730 22.53595230453674603
  2.28412819838978365 22.26797615226837479
  2.00000000000000000 22.00000000000000000
  2.09295966174244841 21.79898219747328980
  2.18591932216955254 21.59796439779089994
  2.27887898083244567 21.39694660192347797
  2.37183863745792189 21.19592881046180466
  2.46479829195617572 20.99491102360007844
  2.55775794441337423 20.79389324115197368
  2.65071759507085147 20.59287546259561807
  2.74367724429363413 20.39185768714167324
  2.83663689253165252 20.19083991381720011
  2.92959654027729011 19.98982214155746817
  3.02255618802292769 19.78880436929773268
  3.02012994553108483 19.46782599409426595
  3.01770370303924196 19.14684761889079923
  3.01527746054739909 18.82586924368733605
  3.01261145102187911 18.47317102466947958
  3.00994544149635868 18.12047280565162310
  3.00727943197083913 17.76777458663376308
  3.00461342244531959 17.41507636761590661
  3.00194741291980005 17.06237814859804658
  2.99459840938943378 17.00000291771896599
  2.93557636662338028 16.49904880478714020
  2.87655432385732635 15.99809469185531974
  2.82546330817807378 15.56445577935894420
  3.55030887211871571 15.37630385290596280
  4.27515443605935808 15.18815192645298318
  5.00000000000000000 15.00000000000000178
  5.00000000000000000 15.00000000000000178
  5.32915619758885128 15.00000000000000000
  5.65831239517770257 14.99999999999999645
  5.98746859276655297 14.99999999999999645
  6.31662479035540159 15.00000000000000000
  6.65831239517770168 15.00000000000000178
  7.00000000000000000 15.00000000000000178
  6.00000000000000000 14.00000000000000000
  5.00000000000000000 12.99999999999999822
  4.00000000000000000 12.00000000000000000
  3.47030253420451551 11.83024863381754166
  2.94060506825313439 11.66049726720316748
  3.05216442264513388 11.48563896380321836
  3.16372377622398471 11.31078066054656261
  3.27528312886349582 11.13592235765510274
  3.45646234720043921 10.85194176802640165
  3.63764156498456526 10.56796117861262552
  3.81882078249228218 10.28398058930631365
  4.00000000000000000 10.00000000000000000
  4.00000000000000000 10.00000000000000000
  3.33333333333333304 9.66666666666666785
  2.66666666666666696 9.33333333333333393
  2.00000000000000000 9.00000000000000000
  2.21667654412050386 8.47995317707507645
  2.43335308824100682 7.95990635415015113
  2.65002963236151023 7.43985953122522581
  2.86670617648201320 6.91981270830029871
  3.08338272060251573 6.39976588537537072
  2.00000000000000000 6.00000000000000000
  1.56101330809702499 4.68303992429107474
  1.12202661619404997 3.36607984858214948
