Number of disks = 194
Depot = yes (node 195)
Tour length = 68.22401256077382925
Tour sequence = 195 181 153 182 169 156 104 11 98 129 130 101 62 50 164 36 43 27 70 117 177 30 91 131 17 88 93 85 61 26 63 1 46 33 35 8 78 72 40 68 25 20 102 22 38 13 37 55 75 47 3 12 9 10 45 106 150 16 41 65 121 105 44 14 19 80 18 56 174 42 6 57 21 67 2 54 151 143 15 79 107 69 122 53 115 76 171 139 155 48 128 74 81 127 66 84 124 82 152 83 29 162 52 5 193 141 73 119 118 89 180 184 120 95 138 39 49 24 161 165 116 183 92 4 110 7 77 109 112 179 97 194 137 136 31 135 159 108 94 134 148 146 34 60 175 96 168 99 90 111 23 172 123 103 142 147 191 113 173 132 133 51 157 144 189 126 145 86 170 58 87 158 28 185 163 166 125 178 154 187 160 114 167 32 188 140 176 71 186 64 190 59 192 149 100
Tour visit points:
  12.69999999999999929 29.00000000000000000
  11.69584465358464165 27.07147277827687759
  11.57085053766351379 25.80685457943468109
  11.50519403216424230 25.14252035368400939
  11.43954512761171571 24.47818338511108038
  11.37390578506183481 23.81384392162072672
  11.30827792056077996 23.14950221986246248
  11.24266339783541646 22.48515854419137838
  11.17706402121769749 21.82081316560317319
  11.11148152882989315 21.15646636064764863
  11.04591758605636187 20.49211841032497006
  10.98037377932630676 19.82776959896913382
  10.91485161023069850 19.16342021312307509
  10.84935248999505930 18.49907054040988186
  10.81172124912836452 18.11714021851790690
  10.77411250713505986 17.73519076384286564
  10.73652585871736420 17.35321290463396338
  10.69896081429419610 16.97119751858603109
  10.66141680234172640 16.58913566841673060
  10.62389317204137029 16.20701863655145658
  10.58147209309558079 15.77476500271622939
  10.53906950196968850 15.34243527004550067
  10.49668434669709782 14.91001945561512265
  10.45431551058457664 14.47750793915783341
  10.41196181650303032 14.04489149545991644
  10.36962203140827832 13.61216132522459255
  10.32729487107542887 13.17930908431257464
  10.28497900502953399 12.74632691127579420
  10.24871285824676370 12.37500672355960596
  10.21245937598339815 12.00358325667510151
  10.17621916471857269 11.63207035909719700
  10.13999277596341742 11.26048215715225176
  10.10378070463500144 10.88883300138929755
  10.06758338765936855 10.51713741236815736
  10.03140120280599135 10.14541002605921705
  9.99523446775500091 9.77366553905008040
  9.95908343939774809 9.40191865375418168
  9.92294831337029493 9.03018402381561280
  9.88682922381870100 8.65847619990302420
  9.85072624339404435 8.28680957608341906
  9.78897304917612665 7.65098272859764705
  9.72722987713979848 7.01518217402678079
  9.66549363821104457 6.37940033755454738
  9.60376122868707327 5.74362960204535877
  9.54202954208954424 5.10786233700835268
  9.44630992599307007 4.81305796083000814
  9.35059079894223188 4.51825603929059039
  9.25487204166251232 4.22345605234550625
  9.15915353394606946 3.92865747456720138
  9.06343515512192965 3.63385977719044018
  8.96771678452656396 3.33906243016316262
  8.87199830197318207 3.04426490419523432
  8.40031975350066240 2.59000698470079849
  7.52845658533681394 3.14463755131381850
  5.94948923342844704 4.14908840142061486
  5.61684508443426012 4.36069821152091830
  5.28420109536347749 4.57230811262002934
  4.95155724364435468 4.78391813068842353
  4.61891350570988468 4.99552829045715097
  4.41215018527881586 5.12706027755737548
  4.20538680621056571 5.25859252219746409
  3.99862328418449220 5.39012507796294393
  3.79185953724733826 5.52165799475390262
  3.58509548662666377 5.65319131821085907
  3.46456798360681839 6.07450021290069131
  3.34404008482976645 6.49580913424530237
  3.22351175096766296 6.91711789623281881
  3.10298294775315364 7.33842631883852725
  2.98245364638368304 7.75973423040550081
  2.86192382389132582 8.18104146990861203
  2.74139346347334723 8.60234788908050874
  2.62086255477842212 9.02365335437851357
  2.50033109414318844 9.44495774877198535
  2.37979908477369539 9.86626097333040342
  2.25926653686621570 10.28756294859315545
  2.13873346766196759 10.70886361570302014
  2.01819990143039263 11.13016293728644790
  1.89766586937592030 11.55146089806493315
  1.77713140946347226 11.97275750518334192
  1.65659656615848427 12.39405278824264656
  1.70933833024673376 12.44110256565972961
  1.76207908721725892 12.48815007428392043
  1.81481856225866345 12.53519491342747649
  1.86755651318119931 12.58223674084988808
  1.92029273554928692 12.62927527946881590
  1.97302706705045749 12.67631032289290971
  2.02575939101513436 12.72334173966786786
  2.07848963901387318 12.77036947614394435
  2.13121779247276111 12.81739355789242829
  2.18394388326319611 12.86441408961998079
  2.23666799323934340 12.91143125355318411
  2.28939025271604946 12.95844530629256219
  2.34211083789746910 13.00545657415934997
  2.39482996728801423 13.05246544708792555
  2.44754789714552823 13.09947237115603080
  2.50026491602979517 13.14647783983533103
  2.55298133855677545 13.19348238412474039
  2.60569749852054722 13.24048656180094419
  2.80553707540586617 13.71262648373690496
  2.84537819473577036 13.80675204576503923
  2.88521696447645493 13.90086863337052492
  2.92505202405102782 13.99497244800158491
  2.96488219038407186 14.08906009583215813
  3.00470648279006269 14.18312865484056218
  3.04452417030269284 14.27717585529073752
  3.08433471416022664 14.37119982765010562
  3.12413782224880299 14.46519934864481449
  3.16393364915830766 14.55917472800136458
  3.20372195217347855 14.65312421929956344
  3.24350337982534231 14.74704962331399294
  3.28327998860788428 14.84095857193950962
  3.32303886805736681 14.93479378571397831
  3.36280896989015776 15.02867921014597918
  3.40258866239195035 15.12260600153522461
  3.40270675068387085 15.12469040936052522
  3.40288050154183574 15.12783967105001182
  3.40313835700785638 15.13265400921025083
  3.40349120120486193 15.13939487488548430
  3.40393308210299317 15.14800325550669946
  3.40444747625101574 15.15821921469013134
  3.40450405089519181 15.15945521421620690
  3.40484728079698984 15.16674854957532936
  3.40545998694681940 15.17981367725685260
  3.40620125552826591 15.19586340645943245
  3.40698519458787619 15.21341383547313519
  3.40776645196661843 15.23166151130663337
  3.40851331736403518 15.24983314184384042
  3.46205772090520192 16.55320859138892331
  3.46591614196773889 16.64771461432670918
  3.46975438976371464 16.74227509494040333
  3.47357424428378625 16.83688519372947212
  3.47737778174261392 16.93153928502250594
  3.48116734026508068 17.02623104841189772
  3.48494548069790300 17.12095357272099605
  3.48871493856587023 17.21569948340038536
  3.49247856839139503 17.31046109022013368
  3.49623928419569774 17.40523054511006507
  3.50000000000000000 17.50000000000000000
  3.54756735484788388 17.59776472758577626
  3.59513470335727270 17.69552945341669314
  3.64270204279742371 17.79329417673672964
  3.69026937084576279 17.89105889690285878
  3.73783668565410299 17.98882361340340097
  3.79613465289926433 18.10864297948566204
  3.85443260610832539 18.22846234538799948
  3.91273054562527989 18.34828171280228304
  3.97102847225584021 18.46810108330957334
  4.02932638722359648 18.58792045832925766
  4.08762429211323663 18.70773983907552207
  4.14592218880324204 18.82755922652248159
  4.20422007939074494 18.94737862137877116
  4.26251796611142808 19.06719802407222275
  4.32081585125739487 19.18701743474477084
  4.08071387322667523 19.40114023829316636
  3.84061189382218204 19.61526304880247196
  3.60050991321219449 19.82938586542002568
  3.36040793160086571 20.04350868711138389
  3.12030594921992543 20.25763151270236051
  2.88020396631970943 20.47175434092451596
  2.64010198315985489 20.68587717046225904
  2.40000000000000036 20.90000000000000213
  2.17324971901834729 21.60612085107348790
  1.94649943803669490 22.31224170214697722
  1.71974915705504228 23.01836255322046654
  1.49299887607339032 23.72448340429395586
  1.26624859509173815 24.43060425536744873
  1.03949831411008620 25.13672510644094515
  0.81274803312843436 25.84284595751444158
  0.58599775214678262 26.54896680858793445
  0.63788645259329857 26.55888876148812017
  0.68977515303981463 26.56881071438830944
  0.74166385348633068 26.57873266728849870
  0.79355255393284663 26.58865462018868797
  1.20129506179561352 26.66662153636900001
  1.60903756965838052 26.74458845254930850
  2.01678007752114752 26.82255536872961699
  2.42452258538391430 26.90052228490992192
  2.83226509324668063 26.97848920109023041
  3.24000760110944697 27.05645611727053890
  3.64775010897221286 27.13442303345085094
  4.05549261683497786 27.21238994963116653
  4.46323512469774286 27.29035686581147857
  4.87097763256050698 27.36832378199179772
  5.27872014042327109 27.44629069817212041
  5.68646264828603432 27.52425761435244311
  6.09420515614879665 27.60222453053277292
  6.50194766401156077 27.68019144671310272
  6.94010585266613678 27.77349251836124466
  7.37826404132071278 27.86679359000938661
  7.81642222997528791 27.96009466165753565
  8.25458041862986391 28.05339573330568470
  9.14366433490389063 28.24271658664455131
  10.03274825117791735 28.43203743998341793
  10.92183216745194585 28.62135829332228099
  11.81091608372597257 28.81067914666114049
