Number of disks = 399
Depot = yes (node 400)
Tour length = 1269.32700501823296690
Tour sequence = 400 289 348 87 278 312 187 356 389 243 340 381 174 331 200 25 163 29 197 369 95 53 398 190 308 159 359 85 156 192 204 210 180 296 152 83 50 394 365 18 305 233 182 217 140 188 134 172 267 364 70 81 241 235 94 333 61 324 33 194 105 171 294 150 138 177 144 198 208 78 277 322 351 374 292 325 302 46 86 183 372 283 131 376 43 12 126 27 218 321 63 297 176 221 388 262 125 31 242 146 10 189 353 52 14 141 255 266 135 373 393 16 361 207 3 93 330 387 314 195 390 116 332 132 272 209 265 73 382 212 281 5 260 280 226 228 80 377 337 250 223 269 28 378 37 82 326 106 274 20 368 166 371 147 290 352 133 249 239 55 168 40 109 246 264 112 104 111 99 386 270 75 220 291 231 170 318 355 248 370 143 310 334 303 380 97 219 74 399 338 193 335 8 149 91 319 175 229 259 313 349 181 145 44 128 38 375 121 79 90 232 383 102 162 261 225 287 315 114 392 366 65 84 343 41 71 153 127 185 252 88 244 51 238 165 309 178 347 258 237 286 34 161 45 256 169 4 201 9 1 203 275 56 273 339 157 92 358 367 22 257 66 215 227 57 179 96 103 108 354 360 299 385 139 122 2 148 110 344 327 293 60 345 100 11 363 245 224 59 32 362 254 329 62 142 113 350 251 311 130 158 307 300 137 115 304 222 39 295 285 214 202 282 117 216 336 129 120 247 26 328 167 164 173 13 384 298 42 391 301 21 15 30 118 196 107 160 64 7 316 341 69 76 397 276 320 396 101 68 253 48 124 23 191 35 206 123 47 271 72 323 279 154 184 36 119 379 346 230 213 342 49 58 136 6 151 288 98 240 19 24 306 89 268 317 17 186 67 205 155 357 211 236 263 284 77 199 234 395 54
Tour visit points:
  2.28314999999999957 35.50849999999999085
  1.05081675036674493 35.17617305985039167
  3.38472738083162028 28.19458255400935087
  3.39403468341855641 27.77427881874878324
  3.40334198600549209 27.35397508348822271
  2.89656445023869580 25.68121520203049002
  2.38978691447189995 24.00845532057275378
  1.10149358180371526 19.75608569022573135
  2.82626025680841364 16.92402851189964608
  6.07955312765866296 18.79190311704781990
  8.68571869318152068 18.11197769462770069
  9.37198199004377308 12.79306641686113366
  6.11386886834576515 10.59932924206153082
  0.83696082060583277 11.99037616473565393
  1.00787330593446423 9.24064919506167470
  1.17878579126309591 6.49092222538769459
  1.34969827659172781 3.74119525571371536
  4.96125948790528692 3.60009319478665679
  8.57282069921884471 3.45899113385959778
  8.88094706442709736 3.45556018784314523
  10.15478608432990626 3.71442999658334516
  11.42862510423271516 3.97329980532354510
  12.70246412413552406 4.23216961406374370
  17.22369175533822627 1.72564067874489324
  19.72341328085810730 0.33981699432929152
  21.29138490363399683 1.36958862996584840
  22.85935652640988636 2.39936026560240512
  23.14650343555832990 2.58794514686338317
  26.93956997850700930 5.07905677240128206
  32.78213255660158154 2.42786041758933502
  36.32506627808193400 6.39896962035185446
  38.31564847372518301 8.63012038336167642
  42.88221760079618861 4.72317826422145526
  46.79176743204085653 2.68774920771326764
  47.94396940585276212 2.08787825640320213
  49.50636340032406224 7.19296059772881424
  51.04016012755310783 6.59759717194696460
  52.57395685478216052 6.00223374616511585
  57.21268785651125199 6.52862871166270686
  56.97406070116177546 3.49239727250127796
  56.85149158247418200 1.93285887426437974
  60.05271561224393650 1.16396288552035410
  61.39685051988454489 0.84111764594803651
  64.81634586370108764 4.58465019330887014
  68.23584120751763749 8.32818274066970332
  70.53991625887816497 5.57808623095272615
  72.46332487914422416 5.94883364171342688
  73.33086306839258839 6.11605631816965190
  74.19840125764096683 6.28327899462587602
  77.06719640752159250 10.26467916614279119
  77.70499310160758455 13.62119859290781498
  78.16407857197303599 16.03721817111441084
  78.16699161916969274 17.32163290161895830
  77.23696990018761710 17.34833557027184625
  76.30694818120555567 17.37503823892473420
  75.37692646222350845 17.40174090757761860
  76.92503469123843729 22.28507757438847747
  81.73782853565083428 23.88506138212313346
  80.21064980834896119 27.00149330818494775
  77.90682091500882223 29.15564636691522438
  80.17926481990630805 32.59439694226745843
  84.25438720188662955 31.19632394991649349
  88.04657921108966434 29.89531732166905087
  88.75699428947039848 25.38276555122285671
  89.46740936785111842 20.87021378077666256
  87.32980558991224029 17.93396657797040206
  88.24321422103004409 15.13923725521995323
  89.15662285214781946 12.34450793246951150
  89.28178611203352943 11.02273395642320075
  91.68032850794759270 10.45294367442265226
  89.84802399876265611 1.66252346326683131
  93.48279017345102204 2.27590703499059499
  95.71045018957423167 2.65183494661011609
  97.90244235650683891 5.19599314562169567
  98.20795625426644904 7.79500187554997481
  97.55926358073914173 15.31004228496268205
  97.40166539834052628 17.13580162757331848
  93.35514273750273162 19.82842423740625648
  95.83371253832706316 21.99965013002868375
  97.10460977754070200 23.11295546915017241
  98.31247017098671392 23.98492055761701991
  97.88945763375618014 26.60410308091106657
  96.03825450206078074 38.06626664076213729
  95.67429019001411916 40.31983806315205499
  95.31032587796745759 42.57340948554198690
  93.86067949850021819 42.07640419092487605
  92.41103311903297879 41.57939889630776520
  91.14227870753408922 42.67035663863085659
  89.47422806031006814 44.00867503643640077
  90.18001189440047938 46.08538854782938898
  89.81215343333398948 47.40109613445542180
  87.05699758803137911 48.58650379247927020
  88.45067869795882132 55.91031788934532898
  95.84730273473861928 58.62328967167741212
  88.78439982545044984 66.59830708799930221
  93.08978723271147260 68.81803634191619778
  94.74219844007862434 72.52495432620455063
  97.17306923120497686 72.51290592953719738
  97.35672046154040515 74.55843877492809213
  98.03303418323827145 82.09131469955359250
  95.93896709840917936 80.29853814545366220
  94.99687336427086848 79.49199112957069246
  89.11377085751396976 77.14763137387984671
  86.57890502234882035 76.13610397595863333
  86.03610736027772532 75.96817777238166514
  84.24590218531355390 75.93533329422568556
  83.18022150000489034 80.18206281597824159
  84.88455157235969750 82.62572859485175059
  85.25876576552707320 85.06940464206189745
  91.18341440304156720 88.38334408841495815
  92.59911037356326347 90.88412001270081930
  95.50001611283713032 96.00846548125888091
  91.04112104714400289 95.27698241725622097
  88.32806858849886567 95.77350118599446205
  86.94841307615453729 93.80071861284081081
  83.34964082962703458 88.65479986053232153
  80.95329163743008394 88.48860135291286610
  78.26417803430004483 90.68079696551410507
  77.07185521819212681 92.25312645016590807
  76.89384560071781038 92.48786973136898837
  74.95609703974530191 97.34162486504187939
  75.57982361528412696 99.65585440662992767
  69.52418024267187491 98.57155080646964507
  66.89852702914272697 98.10140997138047680
  66.85111653663250308 93.31260414679935877
  64.04654744132822941 85.31047841060251358
  66.97784060095186476 81.46579519063982389
  73.10141178045934396 81.54347924086020782
  73.77939724008768962 81.55208021159288023
  75.64041949297573808 80.67696860665995473
  78.00634298965013613 79.47005318765225468
  79.21009693496981185 79.27256930768282928
  79.48892037932000676 77.04303899029775948
  79.51083199740068608 76.86782912964804382
  77.56013213920901705 75.11881830011284933
  78.63765290568218802 74.07200835351213186
  79.87585119737046568 72.86910041156372131
  81.83955466832922809 70.96136518312360408
  79.02222241247343959 68.59333035681905244
  81.85208962267746813 63.02558571552314248
  84.90325779848160437 62.03460963161629849
  83.02528302841351149 59.99363137948928681
  82.70594874627317949 59.11065886543855896
  82.38661446413284750 58.22768635138783822
  80.12378623585247794 54.78742702817629606
  76.03203849898939382 55.14619543892142417
  75.70954951478732653 56.29403339920663285
  75.28260585257612547 57.81365784033842914
  71.89310261226403043 57.28517716544746463
  69.66379505693284102 56.93759054940029785
  69.11228359473722094 55.87885784749775553
  66.96965066463340577 55.31702483128056258
  62.45060686903473623 54.13205844229868546
  57.92665405020467517 54.05104411357667971
  54.59285776477896235 52.35560197765229162
  52.37136643547001569 45.70201601698096283
  49.17086757424259247 42.98117496516583458
  47.25496357308606576 41.35240692502213022
  49.12410274957591128 32.87278195283454352
  54.67595094474771855 32.78065221083804914
  55.40752075515411690 33.54937393223747932
  56.34329621872735316 35.37653636569329763
  56.92779045660719106 36.00823328584227312
  56.70052494586500558 37.00451629423830724
  59.91035779040768006 36.76364746815857387
  61.73844736608790384 41.37618526083047499
  69.97324053946624645 44.02425404699336298
  70.04246670468187119 46.59550589700896239
  72.20558708678373705 46.27468395129698564
  72.55303066858527927 47.04110125140719134
  74.89902401193567982 48.07958493151907930
  78.52758151810162701 48.11339859299114607
  79.48661671574728871 46.07168528035929000
  79.84195266127005652 44.13510932144374976
  81.89523065518628187 42.96419422508757435
  83.94850864910249300 41.79327912873139184
  81.99073187712667732 39.40612217495599623
  80.03295510515086164 37.01896522118060062
  78.97282733941673882 37.86264178943077496
  75.88212950103648780 40.32229753099811376
  73.40842328444132647 39.59103472213396913
  73.38361595943101179 36.37863354272028715
  72.60418842524039462 34.89634900008544349
  71.78147707014059620 33.33174899402980174
  63.24383074149884010 27.59623224150496767
  63.91789098380865397 20.08377737286296494
  66.92444064052764929 15.47920852456730856
  66.74445494001808754 14.95751991555520810
  59.42320646473999801 15.60420775458424103
  56.67297828952421668 17.79833052906867508
  54.71982535954802529 20.44347005933613914
  50.77450555192692150 20.10640315570641334
  48.44662592177245131 19.90752164109682809
  49.61548651635343532 16.60698946754925487
  49.44831442773274688 16.38566242433449105
  44.00694247153396788 14.03421968121359420
  41.31322535119776518 18.52600828272042222
  39.79739058934733009 18.25856696770172860
  36.08569534789273803 17.60370623927279965
  36.01284207279992700 21.91746783042395919
  38.56933746131721819 22.70920523118336831
  42.33509100583930973 23.87544552116474250
  44.00229155130793401 24.39177151664387466
  45.66949209677656540 24.90809751212300327
  47.33669264224519679 25.42442350760212832
  44.19422559751979662 30.20366922857080283
  38.49115656361066584 31.69566662199782670
  36.92760047106734334 32.10471333012657880
  35.98997380659896805 29.13434319945609374
  32.08166561953998297 29.75226596167723869
  29.83203191341037552 27.78221840947645305
  27.58239820728076808 25.81217085727566030
  26.81708865398378450 25.14197454574255630
  30.25051764141843336 22.19244459568648153
  27.06648694581864234 20.68297519510058891
  27.01702788991400794 19.17423392445356711
  26.96756883400937355 17.66549265380654177
  25.95902887087277477 17.55387616345753798
  24.43705624468924498 14.40307117046427088
  24.29547213519209947 13.30556619904957216
  20.91195582649032758 9.90639844154289406
  18.26126709620060851 10.29150993618359067
  16.25664569121370917 10.58275603258166164
  16.97787180599305756 17.25535804370189652
  16.01059516599408639 18.88825673343038503
  15.04331852599511166 20.52115542315887708
  13.69517188694019616 22.79701611227567426
  15.05164866396686740 23.43847718629690391
  15.88050317463845929 25.01152490329900147
  19.48256608727793804 28.31857891860195764
  19.33921460232119571 29.24276204791579303
  20.63247739896846156 30.62499863194594951
  22.80885012851254956 32.95110127331182071
  23.23027656034679111 33.40152096609870824
  25.22744974471563850 33.72834633566240825
  24.89095866756538911 39.52152959317277237
  26.84369700921502044 41.40827828397640076
  28.41052258387439267 41.80901436204342758
  32.91674528486051088 38.99955257499355099
  34.33159748947893775 38.90500767118615499
  31.75162773966355445 43.73016009101954182
  33.89504500619538874 45.19611452053460710
  37.87715390773929158 46.01553013538617876
  38.18971175730003864 48.67445980696487595
  37.55218535668778657 49.42351282910469479
  41.30246400943052976 52.55327368371701624
  43.97239185124860228 55.37843008861566574
  42.38330753870495471 58.01237254821787559
  41.47909639807757287 59.51112254967721071
  43.56486951636959759 58.84564168501980674
  47.89819020143249872 62.60644784115559958
  44.93291003246784499 66.08484181789708600
  43.72374621299061204 67.39392410290676594
  43.89207807766899805 68.09199003034319730
  46.50890447095245150 70.31830617074086831
  47.15949828443753944 70.10763165013170806
  51.53920309343235573 67.49451869197777398
  51.83843954637084295 64.97685221873052797
  55.96195983525521456 62.67980089277492084
  57.74209688205598923 61.68815640523374100
  59.25577643437861752 60.84494493077890809
  60.32075531086742615 60.21678527146044502
  63.84639393397311835 60.19888836373984020
  65.01223992702232124 61.07095602168725179
  69.22172777975374913 64.21970657259700488
  67.00919263122278835 66.25567515885602177
  66.36306274506630132 67.60168918959691098
  65.71693285890980007 68.94770322033780019
  61.60513502875105729 68.39957773764575677
  61.34500884994237424 70.50459737910614422
  61.10133773159934378 72.47645769903691360
  60.85766661325614280 74.44831801896754087
  60.61399549491294891 76.42017833889811129
  60.83216473989497786 78.26410565535439900
  61.05684667116919684 80.16307702789980283
  60.16070613082037966 80.18665000761022554
  55.12016838096032956 80.31924136885005794
  50.82958615321242490 80.43210514774038700
  48.80254240976356783 81.55982702583287391
  49.22227024758198155 82.24560723569769038
  50.73368197770950161 83.66458941119844894
  53.49424729986328231 87.56557839845399371
  53.82744743658548003 89.33085957918879672
  57.49392499654960886 93.63746968162793394
  58.12403198570069662 95.84295342048021382
  54.98779487303817604 95.49384524109117933
  53.67490123858991780 98.53109489875572535
  51.89023739556864001 98.50687873146171114
  49.70763737661241066 98.01446380629060684
  49.85363164461679020 95.90424311139065594
  50.29087320459586863 93.36112215781481893
  50.72811370473728942 90.81799787807115365
  49.72839853526711096 89.82186000259437719
  48.72867393567241834 88.82571517781295256
  45.94553913271654011 87.35337679540124611
  43.16240751215345028 85.88103938977670282
  40.99764387345177141 85.64411543956312300
  42.50836732447849187 83.32878335559347249
  43.38270559076894273 81.98877415177000216
  43.79044221065115039 81.78388913363841084
  44.08370057358590799 80.92755940382207314
  43.89653872096708653 80.38403157622970241
  40.25646685685130421 74.25548103135173506
  36.47968965049170720 67.89676884294063086
  32.70291244435885858 61.53805665500468791
  32.44023445055913868 60.82835330611800373
  32.17755645824332333 60.11864995856038263
  30.77334273712646251 56.32474560418688014
  29.89705103084540028 53.95718084519379687
  24.73240803039237790 49.64948291270661684
  23.76091695206140031 48.83918680720872629
  20.82264367263227101 48.21965895706838978
  19.08678871730871407 52.27018125571591867
  18.94815349320982989 54.04009280339400334
  22.19013781555534948 54.56653706661585801
  22.82930735335298067 56.02683929207895375
  23.46847689115062252 57.48714151754204238
  24.10764642894827503 58.94744374300510259
  24.60317365301684589 60.07956826598879019
  20.45406025672282624 60.66625992362657627
  19.04052377253849571 60.86613637525074694
  17.62698728835416517 61.06601282687492471
  13.53846686531870702 58.15240177476496086
  11.34653633980078169 59.91799169549936011
  9.84025623036907326 61.23839976638884508
  8.58937046029192430 64.32572343038562224
  9.54793056343101121 65.82774019633782814
  14.08537107657877030 70.18174123965019362
  17.07212283012793463 69.71363303145062673
  23.43309426317565425 68.71668946679231738
  23.80697911680168133 69.42952212870919482
  24.18086397042856817 70.14235479062786283
  25.47776703003978938 73.11567591772836749
  20.88850785779362340 75.57691442746428834
  17.71814368016692853 77.71718358153638917
  17.50708347250541053 77.85966742090984383
  17.34630631801798017 80.76182887913451225
  20.20025429190764044 82.50681183036395794
  23.05420226676116968 84.25179478124103127
  24.35998227605444910 80.32532298724373732
  25.63508630188194459 80.30674421854391198
  26.96722815420973518 80.02984764037343268
  29.88194912768456746 79.78189712044162718
  34.82690407007186906 80.27907325534489758
  37.40578011223174570 81.47925891498843498
  35.38534655324650657 83.76126289319864782
  36.43432346749020212 85.01154252456569793
  37.48310796908471332 86.26239268518152414
  33.19681159059695119 87.24196265776643600
  33.34560230151267035 90.48419119354078077
  34.21790593230751654 91.62819795712749738
  35.09021091124691338 92.77220567572382492
  39.93324901635163116 94.34134407397488076
  34.75638656340826316 99.64781101255573503
  28.91842385060054355 94.00214012616017101
  28.69286579712192875 92.53394555916729303
  28.06944551341554828 90.75677530485612010
  27.86419643082739839 90.38203019365853663
  23.04667749289441403 94.88462072854345308
  18.34250303113124048 91.33483023193947759
  13.83100712505562413 91.86225965057850829
  15.44399025386449154 94.79387929329425333
  16.59817410240352942 94.57746566630770246
  17.19455086117303111 96.27911458989501625
  16.71312877890919069 97.27953894193954909
  11.49784101715151152 97.80293115566952622
  3.66888392201183722 98.58862417442658455
  0.97886166321160639 97.11801041232646980
  2.69440136581725920 93.76964552182825230
  2.86832210685850164 93.43018960475012591
  3.14661275284682240 92.56926037160152987
  2.69543591833057006 89.99397179183088724
  2.26079589358087540 87.51307426691862190
  1.53520893165603423 83.37147019125943359
  8.27945504377827923 83.21876702024785288
  8.38661787107962375 82.36033097381888979
  4.36920432659485503 74.71289798139245875
  1.10229856526139836 71.09199775748425054
  2.99818853023814391 66.89924011769417689
  5.20884942749470969 62.01036706219944961
  2.90610549275387875 60.66616213108021327
  2.71122950325511924 55.68758053994946522
  2.53385442234967773 51.15610226603526201
  8.10947128137038220 53.09271417306032248
  11.01860647852565478 54.10316126876448095
  12.58075628526940370 53.69285461374495583
  12.60618118662425857 53.53486013137243305
  13.04155647323629985 50.82936711868925528
  13.47693175997747517 48.12387410318962822
  13.97791670297732836 45.01067198699815464
  12.93593602738443415 43.66020376659539437
  13.92520421115516349 42.08918634338708387
  16.75928278053583753 40.34394066657759481
  17.25744561231673302 36.87149308219343169
  11.46511839982078840 37.82226832572300879
  10.58434922814806356 38.62723858386713971
  9.70358005701672965 39.43220884099185497
  9.15880242741019401 43.13559755086849634
  7.49675282932976472 42.02197460314476274
  3.11944823034415064 38.11504949490336003
