Number of disks = 300
Depot = yes (node 301)
Tour length = 378.30361375656178780
Tour sequence = 301 217 14 212 286 290 238 276 271 240 189 13 274 247 234 250 283 279 10 252 188 292 230 140 256 297 260 275 258 232 253 226 228 190 199 262 17 162 136 259 131 255 11 127 198 196 149 251 213 156 263 155 130 154 246 139 135 157 186 74 125 152 124 174 19 123 85 33 96 48 6 137 134 202 121 147 132 164 209 25 144 93 97 128 257 120 44 169 133 176 158 173 95 98 163 143 145 146 183 165 142 126 129 160 92 211 151 159 203 79 84 266 42 273 75 227 261 179 4 171 153 267 90 150 3 81 122 87 77 7 191 45 94 78 82 170 167 172 88 76 86 40 194 91 148 80 166 141 89 18 83 204 192 41 34 138 175 182 16 21 265 22 20 30 38 24 39 187 1 46 36 210 31 37 28 43 26 47 206 270 35 15 32 200 208 161 180 205 49 29 195 181 65 272 268 178 23 168 60 221 68 249 71 27 185 177 225 61 248 63 67 56 2 57 62 52 72 69 58 53 50 51 54 235 64 197 201 66 229 269 215 55 59 108 73 70 218 99 112 109 100 8 104 111 117 101 237 106 103 107 102 105 116 118 114 289 281 264 115 224 216 5 239 231 223 277 296 242 233 284 110 236 295 243 288 287 113 220 282 285 193 245 280 299 278 184 12 294 244 119 222 291 241 298 9 207 293 214 254 219 300
Tour visit points:
  23.55000000000000071 20.82999999999999829
  24.19040469458162335 21.47773395865234036
  24.83081403978750146 22.12546384903367525
  25.47123046279834568 22.77318749372400575
  26.11165640785010922 23.42090267406290494
  26.75209418983363463 24.06860727446774106
  27.39254574689789123 24.71629951735353714
  27.83072243585020544 25.15940235170280204
  28.26890715905851437 25.60248556737704106
  29.41436220405360658 26.76071888828376899
  30.55982337536910265 27.91893192356029374
  31.70529024363221282 29.07711857947485257
  32.85076345406428544 30.23526358812744519
  33.99624420884713771 31.39334714790777170
  34.95387290271094116 32.36141908074070983
  35.35445181563107298 32.97877501272306944
  35.75468775268875987 33.59593323172391166
  36.50741429181516651 34.75632984340869314
  37.08691789392761251 35.64960418890208160
  37.57426198808855844 36.40094899799737505
  38.00326859337764773 37.06261944077297699
  38.40877973787526400 37.68843025726795304
  38.83561103974757600 38.34768141596875779
  39.14547245099605988 38.82814682756583835
  39.45562780548923598 39.30842327603418340
  40.00955074660006261 40.16578737077757211
  40.78157087746584608 41.36104555086163970
  41.67531666079067065 42.74534548436385961
  42.62773163564899903 44.22123439005662249
  43.60410266619531683 45.73499818615172785
  44.58761703190062775 47.26054938015047213
  45.57121928910483888 48.78685992847284325
  46.55313655486214941 50.31105679024710042
  47.53423711434913201 51.83434376906640040
  48.51538750476704109 53.35791467506565056
  48.34016116868330215 54.12524901591706339
  48.16498152079770279 54.89280222296607548
  47.98984566411355246 55.66053678362010970
  47.81474990343983933 56.42841296705296372
  47.63968981169471562 57.19638951783626624
  47.46466032154943093 57.96442435593957043
  47.28965584718178405 58.73247525641455269
  47.11467042500200364 59.50050050350068886
  45.80528523668809271 60.24533766907761390
  44.49590589693272591 60.99015730514850731
  43.18652582456223854 61.73496395540678350
  41.87713864514444140 62.47976235469699446
  40.56773831907863581 63.22455732518189819
  38.51772914116602919 64.39060665648916881
  36.46771110218625012 65.55665505835587226
  34.41768662987256988 66.72270378285655568
  32.36765825428905430 67.88875404183899320
  31.67407958543256541 68.05259741471174095
  30.98049723164512770 68.21644219399529163
  30.28691143256814655 68.38028826503561675
  29.59332250255691577 68.54413548449565496
  28.89973082003566773 68.70798368472679840
  28.20613681606012335 68.87183267845198031
  27.51254096231371093 69.03568226366498095
  26.81894375872001390 69.19953222866507758
  26.12534572083247753 69.36338235715446388
  25.43174736716286333 69.52723243332549430
  25.21756477934079044 69.39284546015630895
  25.00338185698518600 69.25845854359674547
  24.78919859651150759 69.12407173573551233
  24.57501499846899051 68.98968508615379847
  24.36083106764599293 68.85529864131778766
  24.14664681308994076 68.72091244405342536
  23.93246224803888467 68.58652653311266079
  23.71827738976386968 68.45214094283701911
  23.49044281309684479 68.30919165882772859
  23.26260795373347179 68.16624273103667520
  23.03477282230198497 68.02329417033175218
  22.80693743259773143 67.88034598311470802
  22.57910180120708432 67.73739817152770115
  22.35126594709186776 67.59445073372626211
  22.22514063184983613 67.51531842760850566
  22.09901584273585939 67.43618693501744588
  21.97289194582360494 67.35705646404267100
  21.84676929762224518 67.27792721306389012
  21.72064824209710210 67.19879936937991260
  21.42336786441290641 66.83398456076952243
  21.12608998346764011 66.46916950390040313
  20.82881502006247132 66.10435337939988187
  20.53154336991228490 65.73953538196562363
  20.23427540037982908 65.37471472677566453
  19.93701144717444151 65.00989065592844440
  19.57737899718920360 64.56851372132427969
  19.21775450360802395 64.12713562387982336
  18.85813979819647912 63.68575746936469528
  18.49853659080177692 63.24438032948316391
  18.13894644770708453 62.80300522683077702
  17.77937077085595874 62.36163312019303362
  17.41981077830191538 61.92026489040741666
  17.06026748628603684 61.47890132705412469
  16.70074169337844694 61.03754311627432827
  16.34123396713384579 60.59619083003381945
  15.98174463370384935 60.15484491715166371
  15.62227377081765489 59.71350569639769645
  15.26282120448737523 59.27217335192760572
  14.90338650971650836 58.83084793127231649
  14.54396901539239195 58.38952934603126010
  14.18456781343055084 57.94821737534002182
  13.82518177211613519 57.50691167209661359
  13.46580955346143504 57.06561177184118350
  13.10644963427535359 56.62431710409703811
  12.74710033052707558 56.18302700589993748
  12.38775982448759372 55.74174073717344413
  12.02842619405416613 55.30045749755230844
  11.66909744360719614 54.85917644421712680
  11.30977153571853222 54.41789671028254105
  10.95044642302517346 53.97661742327850476
  10.73648506245368139 53.94719245055365064
  10.52252335881296652 53.91776772726529288
  10.30482731904133686 55.13622930455700555
  10.08713043884117333 56.35469065722180915
  9.86943248738777612 57.57315155493046177
  9.65173324957733669 58.79161177563318574
  9.43403252883893373 60.01007110840227909
  9.21633014986232624 61.22852935621955339
  8.94824199993053249 62.72898001726486683
  8.68015174229592290 64.22942968975780786
  8.41205919865783969 65.72987844126225809
  8.14396422567170930 67.23032635144825520
  8.00224972629234976 68.02344569336695201
  7.86053272281602755 68.81656449068292147
  7.71881323396679075 69.60968290070921682
  7.57709131568377625 70.40280108339518961
  7.43536706022017224 71.19591919875975350
  7.29364059461980130 71.98903740432899667
  7.15191207858131239 72.78215585263414766
  7.01018170173829080 73.57527468882958033
  6.86844968040171455 74.36839404848977608
  6.72671625382811644 75.16151405563995525
  6.58498168009147022 75.95463482106707431
  6.44324623164848731 76.74775644094754057
  6.30151019069512497 77.54087899581473664
  6.15977384441629816 78.33400254987603262
  5.64386964489388188 79.50089119229214418
  5.12796534559896244 80.66778019060318172
  4.61206105006267197 81.83466921973945318
  5.93696428742903937 83.54549179313029583
  7.26186752631833610 85.25631437025434423
  7.35975826724655047 86.09847407353943538
  7.45764900962040755 86.94063377973535012
  7.55553975336064543 87.78279348836252893
  7.65343049836223610 88.62495319890753365
  7.75132124449631643 89.46711291083279605
  7.84921199161280025 90.30927262358676444
  7.94710273954358914 91.15143233661410704
  8.04499348810625570 91.99359204936568801
  8.19475356258379861 93.28198653769362636
  8.34451363735471041 94.57038102619591768
  17.51688784992881054 90.87749755546620634
  21.82838207310826206 89.14164973861726082
  24.72107654331264825 87.97702394487205879
  27.61377101262390710 86.81239815117837111
  29.49618117432465070 87.32831995359362054
  31.37859133145990143 87.84424175663210121
  33.26100148240860221 88.36016356054889798
  35.14341162575500022 88.87608536556894023
  37.02582176033387640 89.39200717187995338
  38.90823188527373588 89.90792897962587915
  40.79064200003693941 90.42385078890036709
  41.36959538542244275 90.05627323497817827
  41.94854865864657967 89.68869573309960685
  42.52750177636644224 89.32111830491506055
  44.89943466418102247 88.53661186880744083
  45.60963661850188089 88.30171604941293140
  46.31983845368888097 88.06682069473346530
  47.05636671894225742 87.82321847728032083
  47.79289503842809239 87.57961671246611957
  48.52942347548231083 87.33601536555543987
  49.26595206820562112 87.09241438309314276
  50.00248082265657956 86.84881369345120561
  50.73900970651110498 86.60521320757034403
  51.47553864328753548 86.36161281990234784
  52.21206750724398660 86.11801240956174297
  53.66999972033540445 85.63581381865253661
  55.12793139832626821 85.15361461832019074
  56.58586227379132794 84.67141447984614899
  58.05842005846488973 84.18437494185431547
  59.53098103447704403 83.69733221544525748
  61.00354717074883126 83.21028514732925885
  62.47612041545282580 82.72323257167796839
  63.94870269218304770 82.23617331678525488
  65.42129589410538415 81.74910621336077554
  66.89390187607598648 81.26203010439581931
  68.36652244484517382 80.77494385645651676
  69.83915934758672961 80.28784637217998466
  71.31181425909751681 79.80073660367602884
  72.59773030234204327 78.25216071262495632
  73.88368007050073061 76.70360364252725560
  74.64693781308434950 75.78455280590510768
  75.41020686054389444 74.86557618650657275
  76.17347598929343633 73.94670077269398689
  76.93673403920718101 73.02795288238137061
  77.69996996810668577 72.10935801364698250
  78.48183423924069757 71.16848108942770068
  79.26365493443772436 70.22780564850486940
  80.04542178507654171 69.28735401800321370
  80.82712491775230035 68.34714704494653859
  81.60875491787000158 67.40720394856212749
  82.39030289004455199 66.46754218267147962
  83.17176051505443013 65.52817730911291960
  83.95312010322190588 64.58912288274103730
  84.82963217522899413 63.53590835879067100
  85.70613867450006751 62.48289889422308363
  86.58268551539531188 61.43004013174518008
  87.45931798374495258 60.37727706793956628
  88.33608042979294339 59.32455440291202109
  88.97477209031303858 58.55787524350125750
  89.61362052507234921 57.79119704686592485
  90.25263719305625898 57.02450029598832515
  90.89183210268515722 56.25776581905061846
  91.53121370753785868 55.49097494312552925
  92.17078881576237848 54.72410964227354668
  92.81056251530135626 53.95715267849791985
  93.08208455579897134 53.63179408981449825
  93.35378700000568131 53.30635252010490177
  93.62565843355501727 52.98083336178641645
  93.89768602257414898 52.65524264704582436
  94.16985562909717089 52.32958699350830045
  94.44215194123883350 52.00387354367384773
  94.71455861680905741 51.67810989871970406
  94.98705843868144427 51.35230404741238885
  95.25963347990801822 51.02646429099898739
  95.53226527631629494 50.70059916504711595
  95.80493500414908681 50.37471735926990135
  96.07762366022043921 50.04882763640299004
  96.35031224206100831 49.72293875119701312
  95.51189219149840426 48.25858116014568822
  94.67347210999510310 46.79422411799736636
  93.83505201943036411 45.32986747387178639
  92.99663194155851897 43.86551107451700915
  92.15821189780372436 42.40115476580398735
  90.44225355111453268 33.93575623004245756
  88.72629521224087057 25.47035769331412425
  87.18140379891117675 17.84888970588096058
  85.63651238675332422 10.22742171986739557
  84.72066662655696234 9.85030870832902394
  83.80482086484907711 9.47319569709231857
  82.61270250528757231 8.98232336651474661
  81.42058414429997981 8.49145103622120878
  80.22846578194709366 8.00057870619940026
  79.03634741830018129 7.50970637643502936
  77.84422905343974719 7.01883404691208579
  76.65211068745432499 6.52796171761309552
  75.45999232043926952 6.03708938851936772
  74.26787395249564838 5.54621705961121947
  73.07575558372924718 5.05534473086817293
  71.88363721424964581 4.56447240226912587
  70.69151884416943687 4.07360007379249467
  69.49940047360352935 3.58272774541633510
  68.30728210266849487 3.09185541711843426
  67.11516373148205616 2.60098308887639673
  65.92304536016249017 2.11011076066771208
  64.73092698882814489 1.61923843246982857
  64.97598559167680321 4.57574746942230259
  65.22104419451642343 7.53225650638146327
  65.46610279734990456 10.48876554334522737
  65.71116140018015983 13.44527458031150324
  65.95622000301008825 16.40178361727819834
  64.76014171293878974 16.62335672542774745
  63.56406342286776123 16.84492983357730722
  61.48647214894268132 16.25812121334762494
  60.67964002720342620 16.03023421263819159
  59.87280790546419240 15.80234721192872804
  59.06597578372497992 15.57446021121923962
  58.25914366198578165 15.34657321050973167
  57.45231154024658338 15.11868620980020950
  56.64547941850739221 14.89079920909067489
  55.83864729676820104 14.66291220838113496
  55.03181517502902409 14.43502520767159147
  54.22498305328983292 14.20713820696204266
  53.65397771144396444 13.86776638321440913
  53.08297236959808885 13.52839455946677383
  52.51196702775221326 13.18902273571913675
  51.94096168590634477 12.84965091197150144
  51.36995634406047628 12.51027908822386436
  50.79895100221460780 12.17090726447622728
  49.94672524273705960 10.54889847403995873
  49.09449948325951141 8.92688968360369195
  48.24227372378195611 7.30488089316742251
  47.39004796430438660 5.68287210273115395
  46.05795362042979946 6.23290518469405086
  44.72585927655521232 6.78293826665694777
  43.39376493268062518 7.33297134861984468
  42.06167058880603804 7.88300443058274336
  40.72957624493146511 8.43303751254564027
  38.79366189475474869 9.23239300965460430
  36.85774754457803937 10.03174850676357011
  34.92183319440133005 10.83110400387253769
  32.14286294396467980 11.97856445106952172
  29.36389269352802955 13.12602489826650221
  20.32965932744771820 16.85633667713335981
  20.86638265707958695 17.51861375473046678
  21.40310604460821153 18.18089090376790651
  21.93982949003359195 18.84316812424567900
  22.47655297888153925 19.50544539830370283
  23.01327648944076998 20.16772269915184879
