Number of disks = 200
Depot = yes (node 201)
Tour length = 613.65948147354913544
Tour sequence = 201 83 141 150 191 167 26 51 134 47 31 71 105 46 192 103 123 14 39 64 1 146 179 132 136 89 169 119 81 32 37 153 133 102 33 74 23 22 45 147 127 65 151 9 189 75 195 185 90 94 135 36 18 184 173 10 87 100 108 156 200 44 28 69 165 198 104 139 91 186 55 131 7 42 154 98 16 77 5 125 148 158 128 99 114 176 115 163 196 155 19 96 144 17 187 140 145 171 59 86 41 152 11 199 58 107 181 182 3 166 178 190 170 126 8 27 112 168 38 49 197 117 21 157 85 116 24 57 4 70 122 68 30 78 66 53 177 106 34 193 111 82 20 183 138 12 43 52 35 180 84 129 6 50 95 80 60 162 137 63 118 121 61 110 160 194 124 25 79 48 29 174 92 62 73 159 175 40 120 149 54 88 164 113 72 143 93 2 188 97 56 172 13 101 161 67 76 130 142 15 109
Tour visit points:
  19.55349999999999966 32.61569999999999681
  21.19592145071408851 33.58867210819725102
  22.83851643032269507 34.56176199881047495
  24.48128537826485029 35.53496996629555582
  26.12418505545019087 36.50826665929675130
  27.76715031149953461 37.48160785612650869
  29.41011588904475360 38.45494926464844099
  33.61295883336472912 41.51778099812582212
  35.70745484357902910 43.04414992126327633
  38.33112704638796941 42.20736086733306536
  40.95479921515375565 41.37057179435996801
  42.00011527933987310 45.60484526996234678
  42.59644544716610426 47.10272989801770649
  43.19279181161406456 48.60063392123896620
  43.78914304270009694 50.09854567543742832
  44.47442166831045540 50.84190404512919770
  52.72925340903078251 53.35381728098829512
  60.98408557264086483 55.86573045587422826
  62.09803938784823174 55.13305926789100653
  64.43633010272806416 53.59511556376819641
  64.86199038770698166 50.63691374477776463
  65.37118600294556359 47.09817120917200128
  65.88038152168465444 43.55943254255124231
  65.59584366742180350 40.50999506966360286
  65.09338601078951569 35.12513082952457211
  66.68114681218702344 34.67709218722815478
  68.26893069560904337 34.22910543512750081
  70.94375433370662165 33.47448509395340466
  72.70101686614671621 32.97878795230248272
  73.52923684076908728 32.74520424048237288
  74.35741216458741576 32.51165509449292301
  74.69442963186618556 31.93393871673893258
  73.35762217711297239 27.76908354031520432
  69.18397755878842759 23.10407498216257594
  66.21882562784904280 19.78983519423467285
  63.25367369747013413 16.47559541098820901
  65.90109781634036779 11.53065212453058130
  68.54852193627895929 6.58570883787464911
  69.69716342442919199 4.44023959813778735
  73.68416279886361053 5.36416645438775674
  77.67116217315155779 6.28809331046259778
  82.87763765562409901 7.49461532668675101
  83.87791867887089836 7.65620548274353840
  84.87819970212093779 7.81779563880095640
  85.87848072537093458 7.97938579485836019
  88.31913862692846351 8.99424487693588759
  90.75979652849365209 10.00910395901875383
  93.20045443006753771 11.02396304110767922
  95.64111233164844350 12.03882212320148959
  96.89615291503562844 13.38884582659990130
  95.35749278472928836 16.41234619612452050
  93.81883265427447327 19.43584656486906326
  92.28017252362585054 22.45934693260401005
  94.79517362558691218 24.66834526435869535
  94.69223679851948816 27.03874602257526760
  94.58929985706431864 29.40914678678487348
  94.51999829093048788 31.00499946341939150
  94.45069638442326720 32.60085342936944386
  93.21655248854834497 35.01359175617903219
  92.36020908707381238 36.68773346209180630
  91.56146691138492599 38.24926720133080948
  90.63201389710435762 40.06634140434845648
  89.63720570427126688 42.01118572675554930
  88.64239791506730626 43.95602986054590389
  88.37751122218726607 44.47388238538428595
  88.11262445208076599 44.99173522032172912
  87.99653427042379406 52.56227376558217657
  90.00939431539353563 56.47280024501424833
  92.02225435779163831 60.38332671343116687
  94.03511439991007137 64.29385318061565613
  93.97554763896313546 66.34317034025643522
  93.62110183778113992 78.53741845694429458
  92.19929990960864075 80.42915104482541722
  90.77749798143794635 82.32088363270561615
  90.21856255998113738 82.33206860165313401
  84.82514458367596433 82.43999737172241282
  83.60552455179345088 80.42141157239217364
  82.38590451991093744 78.40282577306196288
  79.10758565257060582 74.15584034034711181
  77.04408757828311138 73.43840550046296300
  75.31732995405631925 72.83804822604017204
  74.15871805965642238 72.98462747172663967
  68.16946525062205353 73.74234467039951824
  69.27209032901883745 75.81180030343537624
  70.37471540741560716 77.88125593647122002
  73.50388023011930727 83.75421121013282288
  67.49504573923896089 85.11218312765473115
  65.28206832834079876 85.61230693413862980
  65.72007713167148779 89.87506253146982260
  66.38262647494963176 91.00109645224634392
  68.22371274922807061 96.87941129691436970
  61.50716690480697935 95.76000692533585834
  54.79062108505348050 94.64060259363785121
  55.13857112116362202 93.50683388007905705
  55.48652121019021166 92.37306522730663971
  55.83447135198507283 91.23929663025934644
  56.38532357454117516 89.44438749819282464
  57.30172070693517128 86.45837880045384338
  58.21811784014872870 83.47237010843495852
  55.74752817141038719 79.72107049811124568
  53.27693850203269221 75.96977088751036433
  51.94684198722470114 76.19846975499163477
  50.61674547217779008 76.42716862237105602
  49.28664895711635552 76.65586748974624243
  47.96853062734930973 75.45688662088153364
  46.65041229757814278 74.25790575201527588
  37.92416445698780336 74.39613661662070854
  38.51621009908251381 78.06448567791935034
  38.64588545718500256 78.44602741185906325
  39.11352851464404523 79.82196610691001126
  39.58117157210310211 81.19790480196107296
  39.23251082050870764 82.63752383048917238
  38.26871945257977359 86.61701503062852225
  37.30492808465351118 90.59650623076640841
  36.34113671673037516 94.57599743090233346
  35.09566663845426859 94.30320340127930479
  33.85019656012383393 94.03040937163517299
  29.96434787640444952 93.17929593303860258
  28.83144368796918044 92.93115709440840533
  25.85071550620304137 92.76817684651518903
  22.86998732621812280 92.60519660001322961
  19.88925914816484664 92.44221635505900281
  16.90853097175171627 92.27923611144723282
  14.97931731668543698 92.17375057560143148
  13.74412053885102303 87.27837416048244279
  12.50892376833623842 82.38299776207958303
  11.26555463631336451 80.47813521493758060
  10.02218550420285403 78.57327270958876397
  8.77881636941601684 76.66841023736367333
  10.76071092814745356 74.49586953115782251
  13.10663412045533605 71.92428290617306175
  15.45255735535454100 69.35269626570347157
  17.79848062110192686 66.78110960319472156
  19.05096693019392262 66.23756519695696454
  20.30345333194060586 65.69402071343435523
  21.55593980307719804 65.15047617079898146
  22.80842630561074813 64.60693160029568105
  24.02855147433866634 62.51684808612788657
  25.24867665573205144 60.42676456161957788
  26.46880183734866065 58.33668103768921753
  23.07090819420860583 57.26609082480574386
  20.19059594904121013 54.20665887449749221
  18.32319640784399084 53.87137626480575392
  16.45579686478890835 53.53609365470130399
  8.84166883996231157 51.51447444088530858
  7.86827923080410319 51.25603078134555091
  6.89488962342238576 50.99758712427058072
  7.04923321757833499 48.52126415066451415
  7.20357681178192166 46.04494117722529012
  6.26842769071383188 44.73082016049294651
  5.33327856967102232 43.41669914384397089
  4.39812944863542299 42.10257812721516757
  4.27012511922981730 40.23160434266572594
  4.13516978346987152 38.25903125493629631
  3.88744621472850627 34.63818260790787917
  4.74527501846481936 31.48872623086536038
  5.60310382220094461 28.33926985382302277
  6.46093262593688422 25.18981347678100491
  8.23706931151174082 18.66885616394641190
  3.19336381284569137 6.12775869755092373
  6.51916407567481571 6.55283003480159110
  11.57663223148958132 7.57347875147972172
  13.49291123700386130 7.96020342230669620
  15.40919024251815905 8.34692809313366979
  17.32546924803246213 8.73365276396064161
  20.24226413494153221 8.56855399056036582
  22.97128190709423379 8.41408392864681964
  25.70029967924693537 8.25961386673327347
  25.86044888220728666 8.92748632099014827
  27.08650568003350401 12.04761031211811328
  28.31256247785935543 15.16773430324587046
  31.18726179539354959 14.62603742071270752
  34.06196111293156292 14.08434053817630449
  34.68943490712057098 12.38090688719855770
  35.31690870137535398 10.67747323608494447
  40.23496151017832290 2.63559761588164321
  41.81902398058256409 4.52874444072017468
  44.50906733241828306 7.74367260006998048
  47.19911066617704165 10.95860074415827334
  47.79450746551913198 11.30604866876135439
  48.38990422921171586 11.65349654901675436
  48.98530235115511289 12.00094626321107505
  49.64237746449733635 14.77735122766038067
  50.27952385206878461 17.46955833443301387
  50.91664942271257388 20.16170655410760659
  51.95221782517008791 22.32038503496085724
  53.50149115374096453 25.54938104183192138
  55.05078950934903759 28.77796931707280592
  54.32490261615512139 29.90939740044473538
  53.60332460128500998 31.03353669562067907
  52.88393175034114080 32.15397561798219073
  52.16456054973227197 33.27437507879907486
  50.77479485436919049 36.28302792673069632
  49.38504525964359004 39.29167968185850413
  47.99850775382195422 37.12012590401255352
  46.61199840517875259 34.94861662682318837
  43.19151994800702710 29.49239909630322742
  40.83063900335911001 29.52839509905314941
  38.47042996515721569 29.56492049713378378
  31.70380831381315190 29.66973247623178978
  30.30699332416792302 29.69137022445625362
