Number of disks = 100
Depot = yes (node 101)
Tour length = 388.53687601409467334
Tour sequence = 101 5 10 8 6 55 52 54 58 56 49 50 53 51 57 14 81 78 77 85 90 83 84 86 80 79 82 95 93 96 88 3 4 1 2 89 97 92 98 87 44 91 37 94 99 47 100 41 39 40 42 48 38 35 45 36 43 46 11 61 68 74 69 62 71 60 21 19 15 18 16 22 17 12 20 59 73 63 67 66 76 65 64 70 72 75 13 31 23 32 24 29 27 34 25 33 26 30 28 9 7
Tour visit points:
  50.00000000000000000 10.00000000000000000
  51.17808375240682039 7.76312766520248498
  52.35616750481362658 5.52625533040497263
  53.53425125722042566 3.28938299560746472
  61.44954974840059947 4.29541824149570850
  85.30439700434345696 7.32737176182289218
  86.99687721594767709 7.54248616941661609
  88.68935742755351725 7.75760057701208972
  88.76208762790754747 9.12517925044722666
  88.83481782826440565 10.49275792388597850
  88.90754802862414863 11.86033659732864010
  88.98027822898663430 13.22791527077509421
  89.05300842935140793 14.59549394422485413
  89.13597253571346357 16.15550535559916767
  88.15561700667059597 19.25382683196596290
  81.24786702696357565 41.08512117475165581
  84.46048906122142341 46.41085499914488111
  87.53590288178459389 51.50913149334436980
  90.61131670255741710 56.60740798550889963
  91.25338945960449166 57.67180602343461260
  91.89546221682599025 58.73620405976842562
  92.53753497418026086 59.80060209494541823
  93.17960773161652810 60.86500012947217897
  93.82168048908083335 61.92939816387018226
  91.65491794662688108 63.40933242426544325
  89.48815540484022790 64.88926668379939144
  87.32139286383628018 66.36920094235246381
  85.15463032356744577 67.84913519999729203
  82.98786778382846308 69.32906945698981360
  80.82110524428237852 70.80900371373721214
  78.65434270450371912 72.28893797074623251
  77.77940875047633540 73.96181536582940907
  76.90447479372815565 75.63469276402236119
  76.02954083265261431 77.30757016716340502
  75.02907997609693780 78.01507416739825373
  72.90592938552318003 80.53879504175212389
  70.78277763471817252 83.06251574303480822
  68.65962416573637483 85.58623616451487237
  67.32362899839205284 82.20752194813697145
  65.98763006894347427 78.82881551884779014
  64.65162648300477599 75.45012047128061283
  63.31561750508312514 72.07143992081971362
  61.97960261668975335 68.69277635899914003
  61.49268095254113575 67.46142655777445896
  60.42419942020473655 64.75943236162486016
  59.35570840197664921 62.05744220341095740
  58.91355323029997493 60.93934963233436974
  58.47139095868832470 59.82126032171332497
  58.02922307889916453 58.70317375343425681
  57.58705215275148248 57.58508883120180144
  56.99010159925882846 56.07562369242107536
  55.41257279371397004 55.65227533927576076
  53.15305659718026021 55.04587156165473516
  50.27646452596226112 54.27383043342074842
  47.09579228737182888 53.42015661419386419
  43.76531149813897059 52.52625560921209313
  40.35993005070958617 51.61223577647757566
  36.95455449630938460 50.69820741509985851
  28.85851017820859710 48.52516816279845813
  27.67735134788632578 50.52620234194997551
  26.49617844264514233 52.52731024938113080
  25.31498987830755354 54.52850134050306963
  25.40127837341527339 55.06380960860195728
  25.62592051891762779 56.45920644605396888
  26.22319511827226890 58.07861728609614715
  30.25626347322545229 69.01062787668158194
  34.28975844936925910 79.94271056582795154
  36.57087500739440600 86.12527517395166399
  36.48440954033144834 96.04445183816665121
  33.67974466988454196 95.22571865338585440
  30.87558299712838306 94.40741597577284949
  28.07182828218132542 93.58946169579583341
  25.26812665693618953 92.77155292599579184
  23.11408610069083736 88.16323408553874685
  20.96008004870283159 83.55499744042722909
  19.88001453495001059 80.66201740901361461
  18.76879908152407594 77.68358758780907181
  17.63240292040997659 74.63607180479181125
  16.48344411088612915 71.55407296192586841
  15.33452324857641536 68.47215618028124595
  14.23008113717037126 66.49528903024679494
  13.12566149858357178 64.51847048922361694
  12.02125306436137642 62.54167619894511887
  10.91684457470265990 60.56488181566234630
  7.96054638714445151 55.90718133242879873
  5.00424818084331680 51.24948081772386388
  2.04794997454152261 46.59178030297124451
  15.16124780410949491 24.60779956975359894
  19.11207658466304338 23.56286795988587812
  21.38098618990939670 21.67649869319031808
  23.64989579506216089 19.79012942674212638
  23.50533661002152641 18.85762552126463021
  23.20508585375114308 16.92080633971617587
  22.90483509718102439 14.98398715877780063
  22.60458434040268827 13.04716797820007557
  22.30433358354137852 11.11034879770142503
  25.79592312236148643 11.82521229916402916
  29.28751266112734797 12.54007580066103600
  32.77910219987268192 13.25493930216165772
  41.42447615312462972 7.95094318790503163
  45.70199261158113302 5.32665755295079713
