Number of disks = 500
Depot = yes (node 501)
Tour length = 644.51166069423732097
Tour sequence = 501 26 254 317 48 252 113 318 122 394 272 411 279 319 482 489 21 386 407 436 45 324 382 234 192 56 66 182 73 474 462 138 310 97 200 392 169 238 390 150 442 406 263 305 171 155 139 125 498 148 444 98 461 157 355 79 473 453 423 224 437 81 124 193 435 248 289 152 14 303 130 459 52 332 135 250 417 74 119 299 53 323 306 65 430 13 366 219 23 268 380 307 6 237 115 316 308 347 198 297 242 455 410 207 99 112 188 413 110 420 255 405 253 291 104 363 109 395 275 280 340 42 91 215 28 259 25 100 371 4 325 164 30 309 346 471 201 370 276 374 468 496 494 358 197 63 62 136 159 344 191 51 449 96 251 133 427 204 216 247 439 426 16 451 93 85 330 491 404 211 333 486 3 221 140 186 39 78 71 20 196 226 452 12 34 132 287 31 490 144 313 384 341 213 458 321 414 69 92 36 210 18 229 142 337 375 102 481 432 208 190 393 183 470 326 369 227 311 477 429 22 161 292 298 32 267 383 244 320 334 398 499 2 348 202 165 240 476 302 76 145 217 172 440 412 189 19 475 472 233 447 5 117 29 58 158 107 425 209 368 419 118 195 262 199 223 278 418 147 329 206 428 285 500 401 465 222 478 46 264 377 469 116 194 488 336 236 350 143 54 10 50 479 271 365 126 173 416 162 82 421 315 89 258 373 282 241 67 379 131 72 301 47 37 483 15 185 402 445 246 108 381 114 24 357 178 463 77 372 103 446 245 33 454 106 273 101 153 295 261 86 456 170 95 352 300 167 1 184 362 457 397 181 424 187 339 367 327 351 141 11 376 59 312 493 443 304 123 90 396 364 343 256 257 166 391 154 149 354 134 399 342 120 389 385 203 460 438 239 249 353 105 228 218 230 38 274 243 349 422 450 151 175 70 87 35 231 284 64 235 220 448 176 40 88 492 467 180 408 296 111 288 403 290 378 27 128 41 495 434 441 160 283 387 360 7 356 335 174 156 294 484 9 83 61 322 345 497 485 212 137 269 55 232 338 49 121 225 129 94 17 400 127 43 466 314 277 409 331 260 44 286 60 293 328 281 361 433 266 8 431 146 179 265 205 168 359 177 214 480 388 80 57 487 163 270 415 68 75 464 84
Tour visit points:
  95.00000000000000000 50.00000000000000000
  84.70344715058767804 54.10527518918944168
  80.07474990708561791 55.95075456757219001
  78.37255862917757554 57.86390608054909279
  76.67036735126956160 59.77705759352599557
  74.96817607336153344 61.69020910650291967
  74.90658354076528269 61.76585201040569473
  75.21870146454968165 64.32512128859265488
  75.53081938833406639 66.88439056677964345
  75.84293731211845113 69.44365984496661781
  74.53647232006292711 69.40481353463830771
  73.23000732800738888 69.36596722430999762
  71.92354233595186486 69.32712091398170173
  70.61707734389631241 69.28827460365342006
  69.31061235184075997 69.24942829332515259
  68.00414735978520753 69.21058198299687092
  67.92015118137494767 70.03642729632851172
  67.83615500296470202 70.86227260966015251
  67.75215882455442795 71.68811792299180752
  67.66816264614416809 72.51396323632346252
  67.58416646773389402 73.33980854965513174
  67.50017028932361995 74.16565386298680096
  68.33828940072027081 77.25174668909934894
  69.05513009218873322 79.89127236668468868
  69.72215816620911255 82.34737976962880168
  70.38918624022946346 84.80348717257302837
  71.05621431424980017 87.25959457551739717
  71.72324238827008003 89.71570197846189387
  72.39027046229031725 92.17180938140650426
  73.05729853631051185 94.62791678435118570
  72.43885350930116829 94.69642590551018202
  71.82040848229183894 94.76493502666937729
  68.99475778480656629 95.07795047272119859
  68.34311913132123095 95.71702154233662441
  67.69148047783212974 96.35609261195214970
  67.03984182433818262 96.99516368156753288
  66.38820317083845168 97.63423475118261763
  66.13611146516826977 97.32280221304853285
  65.88401975955837031 97.01136967504845643
  65.63192805403832608 96.69993713724208817
  65.37983634863439875 96.38850459968207929
  65.12774464336885671 96.07707206241266817
  64.87565293825952040 95.76563952546884195
  64.62356123331932167 95.45420698887542699
  64.37146952855610493 95.14277445264688993
  64.11937782397261287 94.83134191678702507
  64.02851553045817923 94.43723716295632187
  63.93765323718982074 94.04313240948177111
  63.84679094418950029 93.64902765634236914
  63.75592865147107347 93.25492290350834423
  63.66506635904016775 92.86081815094227920
  63.57420406689420389 92.46671339860024830
  63.48334177502275111 92.07260864643339460
  63.39247948340801031 91.67850389438926584
  63.30161719202552462 91.28439914241344866
  63.12860293673024614 90.53396968253308330
  62.95558868160249233 89.78354022270377754
  62.78257442660380860 89.03311076291497272
  62.60956017169323218 88.28268130315530016
  62.43654591682842181 87.53225184341286536
  62.26353166196701494 86.78182238367568857
  62.00851172495060126 86.58829045187233930
  61.75349178793788951 86.39475852007433332
  61.49847185092887969 86.20122658828148587
  60.09449885749673115 85.13576633921087478
  58.69052586406403549 84.07030609014016420
  56.33205792366329945 84.77028006922698466
  53.97358998326266999 85.47025404831363460
  52.01085352248917815 86.05277816357151721
  50.04811706171569341 86.63530227882937140
  48.86273037472943059 89.70227619419193843
  46.85005469709528114 89.87374200126949120
  44.83737901975761986 90.04520780832214655
  42.82470334283382840 90.21667361534002794
  40.81202766641403912 90.38813942231557519
  40.11524894376952943 90.44585998362752832
  39.41847022080394680 90.50358054411785247
  38.38539151350479273 90.58915990970110954
  37.35231280434747703 90.67473927365013253
  36.31923409274742198 90.76031863570719338
  35.28615537827664639 90.84589799572633240
  34.25307666067782009 90.93147735367512041
  33.21999793986879013 91.01705670963050920
  32.18691921593781302 91.10263606376905443
  31.15384048913018233 91.18821541635261951
  30.12076175982748794 91.27379476771031364
  29.08768302852084275 91.35937411821785759
  28.05460429577980364 91.44495346827565641
  27.02152556221885149 91.53053281828668730
  25.08045981254602808 91.14386736786595122
  24.47895380236227325 91.02404577386566586
  23.87744779213885948 90.90422417993264048
  23.27594178185862717 90.78440258604622670
  22.67443577150792677 90.66458099218453981
  21.82881226914255279 91.67146111440857226
  20.98318876675218192 92.67834123664131596
  20.13756526435804517 93.68522135887518232
  16.80721139403312137 92.65439769133799075
  15.99035491247029839 92.26271304394602168
  15.17349843100004847 91.87102839651647912
  14.35664195003612953 91.47934374907194410
  13.53978547023116263 91.08765910163694457
  10.91907269392897817 92.29172896190351594
  8.29835992343717876 93.49579882661272734
  5.67764716226413668 94.69986869880435165
  3.05693441484602380 95.90393858223961843
  0.43622168656916455 97.10800848146351427
  0.52268134991125204 96.75363015237212494
  0.98999253280823940 94.83822974872498435
  1.21247439982657634 93.92632939623538846
  1.43495708036817438 93.01442748403137273
  1.78459390558071895 91.58135444534750036
  1.90398865485875013 90.36414285870057483
  2.02334477150032610 89.14694016317200465
  2.14264256082889215 87.92974690697562323
  2.26186147690692119 86.71256376886766759
  2.38098015586622447 85.49539151567141460
  2.43589711954239840 84.93312148965202368
  2.49069800622771753 84.37080560062145196
  2.54537451620796551 83.80841562332369676
  2.59991891011753440 83.24592379567954481
  2.71019340905304862 82.10703505077160003
  2.82029244543074054 80.96808622473481876
  2.93020210116117941 79.82909703406082258
  3.03990227316318906 78.69008813206782804
  3.14938684067604324 77.55107796273809129
  3.25867774942679000 76.41208057698113976
  3.36781743939300249 75.27310682905842043
  3.64653029038005272 72.36261131478813979
  3.92497140959140722 69.45232602829180735
  5.12669475495560434 69.64481543606952130
  6.55521882930940514 69.87402390812918895
  8.18500728249782661 70.13608335174866681
  9.88020267063711444 70.40922940943016783
  11.57535150200985896 70.68298355422685120
  13.02294956194762143 70.91742085247742011
  14.26801366539308447 71.11969552091491664
  15.46474159181507702 71.31473111553638944
  16.63749821451495947 71.50641427116488558
  17.81062656528836996 71.69860182608520915
  18.75274079954758477 71.85326966158068274
  19.69491396023888896 72.00815241858825289
  20.63698743495117327 72.16310233038286981
  21.16884228449220018 72.25059524625635277
  22.15904200763488419 72.78076595832128248
  23.14928655832335380 73.31094409875213103
  24.13955552920858949 73.84111916743205484
  25.22598632964036014 74.42276254124256241
  26.31243116449541120 75.00439940511797943
  27.39888444603779405 75.58602841743488909
  28.48534052800357941 76.16764854431632159
  29.57179385669843086 76.74925907451971341
  30.54798488504770049 77.27183705163264449
  31.52417675269937547 77.79441194289866246
  32.44073996222736866 78.28506514965847884
  32.58910201878925506 78.36448521361070618
  35.20717804865669365 78.16305597995753374
  37.82525309825616233 77.96162746049398606
  39.66935433195652649 77.81974722356203245
  41.51345484103825356 77.67786751354930175
  43.35755478320704270 77.53598821510529149
  45.20165432880308032 77.39410920372831981
  47.04575365512713603 77.25223034991113025
  48.88985294074249310 77.11035152330261155
  49.78999610113341134 75.33483939333358137
  50.69013925339432802 73.55932724357958818
  50.98989760644803226 72.96806059276690348
  51.28965595308011416 72.37679392632671238
  51.58941429426975134 71.78552724664189100
  51.88917263105245326 71.19426055623247862
  52.18893096450388924 70.60299385771617153
  52.48868929572579844 70.01172715377416012
  52.78844762583293715 69.42046044711925390
  53.08820595594007585 68.82919374046437611
  53.08820595594009006 68.82919374046434768
  52.44280077733096590 68.62900463819505603
  51.79739562241731221 68.42881556567478185
  51.15199049907550233 68.22862653279211997
  50.50658541185608641 68.02843754526013242
  49.86118036185652613 67.82824860445668946
  48.76513037111955384 67.48828060308734678
  47.66908041467183921 67.14831264185637849
  46.57303048749560048 66.80834471265984575
  45.47698058311257796 66.46837680536073378
  44.38093069431247528 66.12840890880559641
  43.28488081384354302 65.78844101184297699
  41.60445470495538700 66.49595262121167139
  39.92402853762482096 67.20346429391508991
  38.24360228585391042 67.91097605415951932
  38.03402454805228672 68.46365549982061793
  37.82444646817999967 69.01633509425492718
  37.61486795627645563 69.56901485272707930
  37.40528895399211962 70.12169477964674513
  37.19570943622112225 70.67437486895155985
  36.16472501959059116 69.97206875816040395
  35.00978101024971068 68.45361718294168440
  33.85490606996224727 66.93519659019773371
  32.70012396002508126 65.41681643946797919
  31.54545136316021825 63.89848315672787749
  30.62369386852668640 62.68631801758741062
  29.70205089714770352 61.47420144761568395
  28.78051435663065050 60.26212979608354914
  27.85907017300088029 59.05009688896496556
  26.93769950996213680 57.83809455982369485
  26.01638020440824661 56.62611327103130776
  25.09508831734096646 55.41414278132004512
  24.17379969846196630 54.20217281553124167
  23.91527330680886010 54.38015207087163105
  23.65674870055447343 54.55813300731038851
  23.13556708620751223 54.91694251121541015
  22.61438686300700596 55.27575336618761526
  22.09320771896902613 55.63456529404703588
  21.57263548104056028 55.99273070619300796
  21.05118554774176332 56.35183487372798794
  20.52968844433019413 56.71098816549818622
  20.21579477113802881 57.20821709356394535
  19.86609647083052010 57.76209322933614487
  19.48776062994053859 58.36129828011419107
  19.09509889075803102 58.98318575923708806
  18.70243749318615656 59.60507237709824579
  18.10546072337585599 60.55054911947549101
  17.50848438869478230 61.49602569925805540
  16.61358378187583895 61.22663613883441514
  15.71868376151319957 60.95724633647502344
  14.82378414902864705 60.68785630158347288
  13.92888476571632062 60.41846604368758022
  12.21262710759896208 59.90182331184914943
  10.49636952232422438 59.38518050705607010
  8.78011193512101151 58.86853770070874248
  8.42959889867475631 58.23669253668462886
  8.07908585993796713 57.60484750874341842
  7.72857281880815083 56.97300267737566770
  6.99313344147932625 55.64727894293046262
  6.60477329575258754 54.94721037470338132
  6.21641321692944082 54.24714233244656469
  5.82805330352266182 53.54707501713056672
  5.86106691693349990 52.98816983600190156
  5.89408278450031187 52.42925930269539947
  5.92710181268490377 51.87034072302641619
  5.96012478111586663 51.31141173813086453
  5.99315232212559845 50.75247038783841447
  6.02618490548435837 50.19351515970145527
  6.05922282865639605 49.63454502257554424
  6.09226621272374480 49.07555944415626925
  6.12531500394357487 48.51655839239256807
  6.15836898073058325 47.95754232120067684
  6.19142776569192677 47.39851214138206359
  6.25181575909426090 47.30982223846373813
  6.31220354812345530 47.22112200337389254
  6.37258871497570389 47.13241375127002186
  6.43296900018490536 47.04369997617848043
  6.49334236856602143 46.95498326715451753
  6.55370706602994879 46.86626622408980580
  7.29731512446668074 45.77338479274002481
  8.04091560906814173 44.68050312884052744
  8.78450940837075578 43.58762129236739469
  9.52809759329609918 42.49473934672991504
  10.27168137776760304 41.40185735667576239
  11.01526207603725993 40.30897538623079868
  11.75884105817777581 39.21609349673414613
  12.50241970520901624 38.12321174502362453
  14.03065373859943854 38.42214041280423942
  15.55888748817076994 38.72106921516660805
  17.08712098936828383 39.01999814292224755
  18.61535428237717937 39.31892718229008921
  20.14358741102153516 39.61785631557554410
  21.67182042179050683 39.91678552204622576
  23.20005336290795128 40.21571477893199642
  24.72828628336476697 40.51464406247308858
  26.10449778566599832 40.78383726847297197
  26.40939864379961222 41.00264035718842592
  28.11388051489605289 42.22581139144975992
  28.17634150724909148 42.27063467622290460
  31.04521478399864876 39.39370188274121176
  31.34067136334903481 38.89338488188055010
  31.63612793555258662 38.39306788216466515
  31.93158450020223782 37.89275088083181942
  32.22704105726316470 37.39243387532509644
  32.52249760705708326 36.89211686340232887
  32.69608525869681159 36.59816886736258823
  32.86967289810266379 36.30422087404989639
  33.30467808732183244 35.56759639127491823
  33.73968326723046829 34.83097191239912149
  34.17468843987499127 34.09434743770764698
  34.60969360754586432 33.35772296727658670
  35.04469877265898958 32.62109850097930064
  35.93670493649428721 31.24387821129348808
  36.82871109946161425 29.86665792301747402
  37.72071726242722889 28.48943763475406854
  37.14366492535629050 26.65932635592553268
  36.56661258828093253 24.82921507710193865
  35.98956025120017443 22.99910379827929319
  35.65659591481220048 21.94311329568057900
  35.32363157842031143 20.88712279308414566
  34.99066724202548073 19.83113229049046566
  34.65770290562880263 18.77514178789987298
  33.68665439156224295 15.69547860383034710
  33.68665439156224295 15.69547860383034710
  32.97248444032197057 16.95243437762161420
  32.25831448908948573 18.20939015140611517
  31.54414453786718298 19.46634592518176632
  30.82997458665622403 20.72330169894754803
  30.11580463545658404 21.98025747270349228
  29.53526901200875798 22.21030087505949879
  28.95473338859262924 22.44034427738492710
  28.37419776521280212 22.67038767967483892
  27.79366214186993744 22.90043108192820398
  27.21312651856104736 23.13047448414763352
  26.83691736773950964 24.07646060623524420
  26.46070821698354791 25.02244672826316574
  26.08449906629793702 25.96843285022839254
  25.70828991568019717 26.91441897213423573
  25.33208076512154605 27.86040509398941367
  24.95587161460833769 28.80639121580668416
  24.57966246412384947 29.75237733760122438
  24.20345331365021480 30.69836345938893984
  23.46106329881662944 30.64640116332896369
  22.71867328398893804 30.59443886726515416
  21.97628326916404262 30.54247657119941550
  21.23389325433888430 30.49051427513365908
  18.25458309664784906 30.27092674107180770
  15.27527293895674099 30.05133920700995276
  12.29596278126565423 29.83175167294810493
  11.42507762465616494 29.09812401767581846
  10.55419246804688527 28.36449636240365990
  10.27812258618812180 28.24953925817285594
  10.00205270432934057 28.13458215394221895
  9.72598282247043855 28.01962504971173473
  9.44991294061133402 27.90466794548138907
  8.06621950104705832 27.32848995067955400
  6.68252606148278705 26.75231195587803867
  5.29883262191862237 26.17613396107690349
  6.01986202808801707 25.20448386805788843
  6.74089143425787984 24.23283377504009195
  8.35389530288172999 22.05917019686569702
  9.96689917150581906 19.88550661869531666
  8.44702823998705021 18.27583416730340815
  6.92715730847281552 16.66616171592862017
  5.40728637696498193 15.05648926457649139
  3.88741544546516415 13.44681681325170786
  4.54586259953736604 9.95382903700978439
  5.08507014378963618 7.09339392325049367
  5.62427768842187614 4.23295880927434087
  6.62784071562487487 4.59614156436389809
  7.63140374360058438 4.95932431883974623
  8.63496677250151201 5.32250707253740440
  9.63852980244506519 5.68568982532092715
  10.64209283351075896 6.04887257708613735
  11.64565586573878697 6.41205532776281117
  12.64921889912994679 6.77523807731577676
  13.65278193364688342 7.13842082574492842
  14.65634496921656904 7.50160357308419101
  15.65990800573388064 7.86478631939948780
  16.66347104306613858 8.22796906478581747
  17.66703408105842144 8.59115180936353084
  18.67059711953938361 8.95433455327395222
  19.67416015832749565 9.31751729667451656
  20.67772319723734142 9.68070003973352833
  20.78875823647265619 9.72088287649806659
  20.89979327691814603 9.76106571339883722
  22.88155381047058867 9.51602449092098723
  24.86331434464274182 9.27098326851520049
  26.84507487911978885 9.02594204614704765
  28.82683541358723645 8.78090082378199988
  30.72436758241768118 7.73897568300090821
  32.62189975124457675 6.69705054222088592
  34.51943192007102823 5.65512540144089471
  36.17156769147776885 6.27217219405022952
  37.82370346288459473 6.88921898665963539
  39.29021449834563384 9.11919544160605966
  42.31065169420391925 13.71207177703088043
  44.41831553077957295 14.12262755927739555
  46.52597936735521955 14.53318334152391067
  46.70021174988647772 13.89115606325804997
  46.87444413241774299 13.24912878499218927
  47.04867651494899405 12.60710150672633034
  47.32759677477816496 11.57931084766669905
  49.95527474538122448 8.29387326971244931
  52.58295271598431952 5.00843569175820225
  55.21063068658746431 1.72299811380396051
  55.82089032730003453 2.98978448318208434
  56.43114996801213579 4.25657085255766887
  57.04140960872354782 5.52335722192967093
  57.65166924943411431 6.79014359129725253
  58.26192889014368603 8.05692996065980616
  58.87218853085219195 9.32371633001697653
  59.48244817155959652 10.59050269936866151
  59.78178007878958056 11.21186048660416823
  60.25072062402304596 12.18529449912519880
  60.71966116925783297 13.15872851164658819
  61.53192006543581982 12.61751396597700925
  62.34417896161968287 12.07629942031335446
  63.15643785781121977 11.53508487465793664
  63.96869675401188005 10.99387032901264583
  64.78095565022269398 10.45265578337889956
  65.59321454644425842 9.91144123775760555
  67.07549312118929663 8.92378726557036295
  68.55777169594935572 7.93613329339494467
  70.04005027072565781 6.94847932123039502
  71.12446388354624105 6.22592592919859378
  72.20887749638308151 5.50337253717523467
  73.29329110923532653 4.78081914515871986
  73.73550203707185347 7.74229741089936141
  74.17771296503508438 10.70377567670751340
  74.61992389317276775 13.66525394260929005
  74.98377680340321660 16.10197003555411044
  75.34762971382859575 18.53868612837719709
  75.71148262444950205 20.97540222097984852
  76.07533553526046433 23.41211831327327531
  76.43918844625028441 25.84883440518099817
  74.37209749428734540 27.12818205130825433
  72.30500654505132729 28.40752969165852804
  72.43538710373958622 29.37074978531981628
  72.56576767882189927 30.33396987569863157
  72.65680436041182588 31.00652666354257292
  72.74784106540708706 31.67908344903991491
  72.83887779613883140 32.35164023275225276
  72.92991455408953527 33.02419701527855977
  73.02095133987876352 33.69675379723544495
  73.07729044199665225 34.11297265273324086
  73.13362956794337322 34.52919149153957790
  73.18996871471361487 34.94541030656347402
  73.24630787878065519 35.36162909161726731
  72.72953738451111860 35.57367515889990273
  72.21276678368720070 35.78572123278274120
  71.69599602072696598 35.99776733074779855
  70.89306492874811738 35.92168519476609134
  70.09013375115158340 35.84560323393917258
  69.28720252878595431 35.76952151415114400
  68.48427130262011531 35.69344009252928629
  67.68134011256827876 35.61735901606449772
  66.87840899637856751 35.54127832056023095
  66.07547798861510557 35.46519802993049097
  65.29378600636214003 35.39113060801524568
  64.51209415217445553 35.31706359763371239
  63.73040243011187300 35.24299698441163997
  62.94871084034962649 35.16893074305588129
  62.16701937928425536 35.09486483838749393
  61.38532803974411678 35.02079922662724698
  60.49015951089388210 34.93598182472393177
  59.59499092879678273 34.85116458238567816
  58.69982221083766660 34.76634742801552136
  57.80465328063345254 34.68153028954952788
  57.45493553019942823 34.76861630111276469
  57.10521768909324436 34.85570232280173286
  56.75549982037742325 34.94278835134402783
  56.04520761976575471 35.11853366037861690
  55.33491517115765390 35.29427908369348899
  54.62462238106872547 35.47002466717478342
  53.91432917112369694 35.64577044953533402
  53.20403548027305618 35.82151646121182864
  52.49374126632923065 35.99726272358898882
  51.78344650679199646 36.17300924856635902
  51.07315119895889666 36.34875603847111591
  50.36285535934133151 36.52450308630784548
  49.65255902243049491 36.70025037632485976
  49.47211551182360267 36.74489728882383588
  49.29167216926592232 36.78954426328160565
  48.43904651009844997 37.00050891047354895
  47.11126764626209962 40.24098606880354367
  45.78348877915053095 43.48146319016252193
  44.70187097136508925 46.12117816180672492
  44.67897348537249513 46.49653055821507053
  44.65607599994955734 46.87188295857821885
  44.90663404841617279 47.56464971218310467
  45.15719209599548378 48.25741646557632691
  45.27328508910291305 48.57840143186866300
  45.38937808143575836 48.89938639793715680
  45.50547107308897665 49.22037136378767030
  45.62156406417793164 49.54135632943343381
  45.73765705483366872 49.86234129489438516
  45.85375004519774933 50.18332626019623177
  46.87280767414549132 49.95022299038981117
  47.89186530290707111 49.71711972050319162
  48.91092293154315485 49.48401645057862197
  49.92998056011665398 49.25091318065823742
  51.27347202550581784 49.37415970396595100
  52.61696349089729097 49.49740622728016604
  53.77294055419505980 49.60345093076987411
  54.92891761749465473 49.70949563426227513
  56.08489468079573470 49.81554033775540802
  56.42317101457061312 50.17432444915630896
  56.76144734834664263 50.53310856055774991
  57.09972368212358873 50.89189267195963140
  57.43800001590119564 51.25067678336181842
  57.77627634967920045 51.60946089476417598
  58.11455268345734027 51.96824500616659037
  58.61882792079646975 51.89289232283810094
  59.12310315813567740 51.81753963950966835
  59.62737839547492769 51.74218695618131392
  60.40206690968390291 51.62642704181932629
  61.17675542389293497 51.51066712745741683
  61.95144393810201677 51.39490721309557841
  62.72613245231114831 51.27914729873378974
  64.39028411501109872 51.03047696165543101
  66.05443577771106334 50.78180662457710781
  67.71858744041104217 50.53313628749879172
  69.38273910311103521 50.28446595042047562
  77.64685289367209009 49.60104128086588560
  77.98788535584515103 49.60888181108544615
  86.49394267792257551 49.80444090554272663
