Number of disks = 400
Depot = yes (node 401)
Tour length = 1030.94193748111456443
Tour sequence = 401 13 154 121 42 214 399 344 61 172 353 19 171 106 32 118 242 357 295 163 37 259 368 22 157 137 96 395 371 293 177 99 270 304 194 323 255 69 360 93 365 394 213 393 112 292 40 240 236 311 384 222 318 271 386 202 101 272 321 327 176 72 227 207 379 320 278 228 356 301 312 348 257 333 336 325 5 316 397 280 258 334 366 244 235 277 161 265 388 97 261 221 245 20 337 230 322 358 94 383 364 314 352 268 196 305 297 302 45 195 363 374 341 274 211 26 345 273 232 260 332 64 117 376 204 331 319 98 252 298 200 303 248 330 387 269 239 165 313 152 294 188 29 243 158 285 309 253 73 231 89 342 335 310 104 372 88 31 286 296 246 190 189 220 377 224 370 91 328 164 14 111 151 186 359 2 308 346 50 338 307 183 16 347 75 82 4 92 155 8 124 144 28 87 139 36 35 133 53 178 136 21 184 23 43 46 74 146 179 68 59 100 107 143 110 10 15 27 84 198 34 134 6 83 226 131 289 54 122 95 12 288 263 217 229 326 343 126 108 219 78 291 398 85 199 391 208 340 145 254 369 18 148 281 250 191 66 218 354 247 159 351 251 47 138 390 385 223 57 62 187 167 81 115 389 264 324 276 80 166 114 203 79 162 67 201 249 11 76 400 234 56 113 192 41 396 105 275 373 7 128 378 290 181 266 392 65 174 205 262 210 367 160 156 116 317 215 70 238 193 77 279 283 237 375 306 102 71 361 362 381 216 90 339 123 212 141 299 1 225 39 241 44 185 109 142 3 17 103 58 52 38 135 169 30 125 9 175 127 55 180 119 51 147 129 284 60 267 382 256 355 287 209 350 300 349 329 233 206 168 48 132 315 149 63 86 120 380 140 25 170 282 24 130 197 182 150 153 173 49 33
Tour visit points:
  0.00000000000000000 0.00000000000000000
  1.97589229372468322 13.89711381300721982
  1.58156967879779842 20.85524424341298300
  6.29358121489944722 18.49760930942992232
  11.00559275100109602 16.13997437544685809
  12.54233457073451241 15.37107214102795716
  12.73324842630545817 15.46910082821035282
  18.53725785138408355 21.56397633205353159
  19.06285049067779269 22.11590887861174792
  18.92319898642332276 22.33016285174822713
  17.69344200397105737 24.21686160869549553
  16.46368502151879198 26.10356036564276039
  16.52546908583249774 26.26303968042042669
  19.40120748546137008 27.76455956077244380
  19.51206124083673998 32.42578533044908085
  19.73006663220660428 34.23974213333303140
  22.88581446607665981 32.64343998032420302
  24.73561454403487048 33.10994848611039743
  26.50339678943346300 33.55577258552688846
  27.47500886938835762 30.80289351264855213
  28.23197203273844735 28.65818154959538333
  30.19417837692406792 27.97246145072510615
  32.15638472110967427 27.28674135185482541
  34.11859106529528418 26.60102125298455533
  38.11590282137033370 26.60080078443692742
  42.11321457744406871 26.60058031588978977
  47.70375153564513226 21.86653130041423054
  48.75900028252740981 24.37620952748032011
  49.81424902938781685 26.88588775491996685
  50.53636861265331959 28.60329116480929912
  51.24793990477177630 30.29560777272684291
  51.95951119687832431 31.98792438074890399
  51.13718024924642691 33.12805040206048091
  50.31484930212015172 34.26817642323437951
  49.49251835558862211 35.40830244420374839
  47.54046967704979210 38.11473286921408743
  44.72888162574947302 39.26809242940665712
  44.69127858074961068 39.28351781278978194
  44.37502247425604196 39.22194621554231020
  42.42227615421952436 36.06950159143105594
  39.81651552701875119 37.32102045451917860
  37.45945847902224557 38.45308965771312160
  36.36284965624982135 38.19854330417420130
  35.26624083348011141 37.94399695063268041
  34.16963201071060752 37.68945059708841683
  32.43639802064143396 37.28712993100187845
  31.69516437300842426 37.11507375361787098
  30.95393072537574852 36.94301757623358640
  31.07222350943465017 39.48509989336488957
  30.38985280913457387 41.32818453742920184
  29.70748210883450113 43.17126918149347148
  29.02511140853442484 45.01435382555771270
  28.34274070823433789 46.85743846962193260
  30.18560279113633982 47.70876200724003979
  31.57304322613841663 48.34970020349409481
  32.96048366114060002 48.99063839974810719
  34.34792409614288999 49.63157659600206983
  34.75559987551309860 48.86620997460322968
  35.16327565488366247 48.10084335320416216
  35.90002775681812608 46.71767198124610587
  36.63953883199648232 46.33401182788038852
  37.37904990717329667 45.95035167451455749
  38.11856098234825652 45.56669152114882593
  39.83619849888734166 46.24562035044873909
  41.55383601538029126 46.92454917973763884
  43.27147353182497369 47.60347800901480042
  44.32272728886213287 47.70963159473566151
  45.37398104579592228 47.81578518025700220
  46.42523480263923830 47.92193876557249865
  47.47648855942245660 48.02809235072364658
  49.49484557976424526 48.23190216578862533
  49.93205337482743289 48.27605056911421855
  51.76184533846075908 47.65110587129969133
  52.30199571662406299 48.05270449214659578
  53.15847961333100358 48.68949521758526799
  53.78256319057959445 48.89406359049188211
  54.40664682878703928 49.09863199170865045
  54.68198541674092183 49.26850550510881277
  54.95732408624983378 49.43837901150319425
  55.17970396730054716 49.57557890401229628
  55.40208385464332252 49.71277876550807662
  55.62446371765725672 49.84997859853928048
  56.75911490904051959 52.56053725913815100
  57.89376610028833170 55.27109591961653479
  60.09985487030591855 55.90476864034556570
  60.75771829276632019 56.09373207211696410
  61.55071704861421011 56.99592850288482992
  62.97223958675287037 58.61319782488701691
  62.45006585571270108 59.20364067415918186
  61.92789212491314288 59.79408352352617584
  61.66128817227819070 60.09554334102466555
  61.39468422011459126 60.39700315809636066
  58.52257301771731335 62.46905557617908755
  55.65046181231713973 64.54110799411321864
  54.42920321208199397 63.46163868864377378
  53.69522527739604811 62.37509640957127743
  53.06454858261308516 61.44147579165574058
  52.43387189981483942 60.50785516333745306
  51.80319521470339339 59.57423453031692873
  51.30721019578591324 58.07880008475650158
  51.63857306484678844 55.26098622864130050
  51.80389772164701867 53.85511323505753722
  50.67116392401818104 52.01701413764136817
  50.59413186259805428 52.01325123125614169
  49.12426258496930132 53.12627273728775634
  47.65489908666447860 54.23891125465949870
  46.17495839845843619 54.67304292096491736
  46.02747268464873542 54.59999371312235183
  45.48673142449209905 54.27407123191223803
  44.94599016433546979 53.94814875070211713
  44.40524890417886184 53.62222626949200333
  43.86450764402225388 53.29630378828189663
  43.32376638386565304 52.97038130707177572
  42.49208871747060812 52.91150674393266939
  41.66041105107556319 52.85263218079355596
  40.41562686847166930 53.75246098323790989
  40.44720900447757117 54.29235963739916571
  40.47879114048346594 54.83225829156041442
  40.51037327648936071 55.37215694572168445
  38.69795591276581348 55.54199820193018411
  36.88553854904225915 55.71183945813869798
  38.13503628075510932 57.05828820104782295
  38.74878592758471285 57.71965990222079057
  39.89441296901952683 57.88569629168124919
  40.65672762245183947 57.99617899513597763
  41.66807401336519945 59.98122922952438074
  42.11743658383035438 60.86322899127171837
  44.90600004560647562 59.49845711360273270
  44.57131406262224971 61.76329754409997008
  44.23662806276320936 64.02813797757167436
  44.16850398347014561 64.48913765467356995
  43.80650246416505667 64.67596043134223294
  43.44450093896145404 64.86278323125851841
  42.36488037076344426 65.41995696908621483
  41.28525979957392877 65.97713071648836092
  40.20563922748645780 66.53430446504073359
  39.91507535177085231 67.76790661477596700
  39.62451147571002252 69.00150876494038243
  39.33394759963129417 70.23511091511373650
  37.08466980388410406 69.24323734051803569
  35.44784910008782930 68.52144156881198001
  32.34050931948168994 67.15118475959747002
  29.23316953860231848 65.78092795028641149
  24.59416371707499493 63.73524586734402675
  23.41919333614132626 63.21711419242802066
  26.62949801562636409 58.34941125974933129
  28.39988377885882898 58.05105793064316089
  30.17026954209129386 57.75270460153699759
  29.45785257473491470 56.09484084252520830
  29.04740214736385440 55.13968267029012793
  28.65883084020249782 54.91469353527973851
  28.27025953304113770 54.68970440026935620
  24.19412777674746451 53.29040704484602031
  21.35539895820294376 51.62067212131314875
  20.04352764655070374 50.84903189631632614
  18.73165633489846371 50.07739167131951064
  15.54459996202007765 45.95965395540795839
  15.76721335122147849 45.62824068481223350
  16.50508374076955675 44.52974413906031970
  17.24295413031762791 43.43124759330839879
  17.09249414389308797 42.55158800686757559
  15.52321560588549154 41.56371970602108945
  6.08841596585816536 39.44470106397265852
  8.20140880578719766 45.70627142803321874
  9.17847420773334832 48.60167346109473385
  10.15553960967950076 51.49707549415624186
  9.72319827549206650 52.29632656841425842
  9.33952718367632073 53.00560303135484475
  7.63384171128407818 56.15883136821512522
  4.55445296501348640 61.85156664216373912
  3.35712719716320374 64.69220366633541630
  2.15980142931292152 67.53284069050707217
  2.36327940705424666 67.49778067542304427
  8.87536058960342444 66.37572478012212684
  12.72875904943854586 66.42607026592816055
  16.58215750927366372 66.47641575173419426
  17.59351950051022939 67.62394840452354572
  19.14955810858557328 69.38949340941753974
  19.98751730349582445 72.13940699321877048
  20.56617219523493034 74.03836693875264530
  20.98681499531540950 75.41878182875618108
  15.93738602020241046 78.14805568699914318
  15.79562932121730334 79.63583979717056138
  13.71229981169717860 82.57988841271725278
  11.90113790711526498 82.12179847324561877
  7.98922234730525105 81.13237331060385316
  1.46792162533621751 80.53959956008986865
  4.68357289601089821 94.67582010207117094
  15.38045380318856559 95.41850341161992333
  21.02105607949861366 95.86790029009507919
  26.66165835580866528 96.31729716857023504
  32.14788505867160495 96.05610070430310543
  39.30325783113878657 96.79095559006277938
  46.45863060360596819 97.52581047582245333
  48.76527576145689835 97.76270232169285634
  56.70915698188262155 91.67388358521402836
  63.44413056251244143 93.57929361447891381
  65.49554696913570240 94.15966551179715793
  67.95134757147602045 95.21429738889065675
  70.40714817381635271 96.26892926598416977
  70.95259638337040542 96.50316940280598033
  72.17486415177387471 95.03395462639747393
  73.39713192017734400 93.56473984998896753
  74.61939968858079908 92.09552507358046114
  76.06945172265213273 90.35250449323606858
  77.93891992727506590 91.14853586847235078
  83.47946207428459786 93.50773372695003616
  84.38180268316308741 95.19485079156200413
  85.28414329204159117 96.88196785617397211
  86.18648390092008071 98.56908492078594008
  86.55960273200963684 97.83574795618382325
  90.05814700772059211 90.95962264193990165
  90.60712674536806333 90.32002275665196578
  91.15610648301553454 89.68042287136401569
  91.36360164053833444 86.82201385677257122
  91.57109679806116276 83.96360484218112674
  91.77859195558400529 81.10519582758968227
  94.30544080411556251 75.19626681850164118
  93.41969074635919412 73.98204449516163095
  91.87190099129048804 71.86027113936656008
  92.51323292959162359 71.33307368281278116
  93.15456486789275914 70.80587622625895960
  94.31104638611789426 69.99485801693070641
  97.39373020076551768 67.83303124505316362
  95.01583173835810214 61.22584544211367330
  93.87254416851695282 58.04912720979528729
  86.56179887382566562 55.29195603619081112
  93.04456455201719223 51.14347205810240382
  94.10488829466849836 44.58912845320130458
  94.53134122850411813 41.95302879114174743
  93.63889794868084948 39.59261762444464949
  93.08077154752113813 36.92508282662172547
  91.01317239246756685 36.65969524349933550
  90.79747439870683934 36.63200923428978939
  84.48670276455598582 36.25372880596293612
  78.17593113040400965 35.87544837763016403
  76.64228220308983452 35.78351835594659747
  75.10863327577577309 35.69158833425980504
  73.57498434846237956 35.59965831257172653
  74.93570362329825230 37.31590654581682287
  76.29642289813571665 39.03215477905916231
  76.91127848835205327 39.80765994012885045
  79.31083652179259502 41.12953839168528702
  81.71039455530134887 42.45141684331771614
  84.10995258588047818 43.77329529164774158
  84.28458528103023184 44.20545433453943218
  84.45921797546075993 44.63761337502069892
  84.75828538693347980 46.14452478883911368
  83.70884859607335216 46.21791612560847540
  83.07549999005448171 46.22710898531416035
  82.44215946661294936 46.23629922616946430
  82.22133436853015098 46.39136061391157995
  82.00051259867063891 46.54642594757144280
  79.45554165197451368 48.33355602497544368
  76.86220860567512148 47.33235170268338265
  74.26888502968481021 46.33114366585858335
  73.52768973887073400 47.84711707317538298
  72.78650432117618152 49.36310561041656086
  72.04532005661297944 50.87909965957825875
  73.96801253582808044 52.51042459794228279
  75.04032956632276807 55.46770425864545473
  76.11264689508507786 58.42498439421891732
  77.18496422382185074 61.38226451597862621
  76.42720401162546295 63.49639480411650538
  75.92115323100108526 64.90826267196423771
  75.41510245042937299 66.32013054008908171
  76.61028195880706448 67.68337149832446187
  77.80546146638059213 69.04661245773762346
  79.50462083127168000 70.98470094467047886
  75.02088496445664134 73.40889145338441324
  74.78473879855609141 76.43074299043870212
  71.97873947883174139 78.38087470020467151
  69.96430375605706331 76.90089569230924837
  67.94986803328238523 75.42091668441383945
  65.77461960926613926 76.75055401565887792
  65.03964761245916293 78.70801569959110111
  64.30467561565220080 80.66547738352331010
  62.68242134846287428 81.02915187009669751
  59.28857264430375551 81.78997969465916640
  55.87904324118750310 82.55432279439007459
  52.46951383807123648 83.31866589412098278
  49.05998443495497696 84.08300899385190519
  44.70707577567191748 84.76436939914668756
  43.96809528093476871 84.88004195026380216
  41.32088529758257067 84.36500230741056328
  38.67367531423040106 83.84996266455731018
  36.02646533087827407 83.33492302170402866
  32.41461674926132730 87.02768317494548000
  32.35592953493390667 87.03499373737616907
  30.40242705151761271 87.27833808464434640
  28.44892456810122994 87.52168243191250951
  26.65833520162737003 85.73943636824647285
  24.21769267829247951 82.50539340942971478
  25.20713669443036054 81.83055607020168054
  26.48225044781238680 80.96088142614837579
  28.08034710021089353 79.87092052371815498
  28.99722855774562902 79.24557352773003061
  29.91411001528036451 78.62022653174189202
  33.49672255404940557 77.74926900154697762
  37.74732809132387246 76.71591781982823477
  41.99793362859834644 75.68256663810950613
  47.12119719264072870 74.43706634133191358
  49.79483419907705866 73.78708695936850859
  52.66292318057243449 73.45811919868299356
  53.31735740440191051 73.98529701302739170
  55.49035637446250746 74.90837434138643403
  57.99000181395557263 74.81412753582486630
  60.48964719484752806 74.71988074021294324
  62.56964068843193161 74.07947472680822898
  62.31907849290393386 70.37478910624358264
  62.06851524206772552 66.67010556277223543
  64.08325769150590645 65.39824565041421067
  66.38976280834557997 63.94217375719054530
  66.78768234381701063 61.48562601095382263
  67.18552455032097726 59.02853922207973625
  66.59808513373164374 57.79652620931410922
  65.24413856555432289 54.95614146782320830
  64.05137726057321856 52.45144500693268697
  62.85474038765391214 49.94653885792908454
  62.40452084422286561 49.00930363927050593
  61.95409470660344198 48.07257391308861116
  64.26556175675310101 47.23981157492119820
  66.66359606841758989 44.97356813322839741
  69.06163030146080928 42.70732406226370870
  64.53264402533071120 40.18255004291285104
  62.93469834921447159 40.48662100802191333
  60.00864238516798821 41.04341475823963492
  58.96551201182992230 41.24190874944077478
  57.92238162742323482 41.44040190988678773
  56.87925080280988510 41.63889492139787762
  54.26875891392203499 38.72350690215986901
  56.59367641838622376 37.66349177718802821
  58.91859392218899671 36.60347665319829247
  59.66204996718760611 36.26450778648977291
  60.30226133288005030 34.81393790043946268
  60.94247269847284798 33.36336801449584044
  61.58268406404425832 31.91279812857952081
  65.51968172277487668 28.87108090216110412
  65.68094300025163079 28.74649073265335630
  65.84220427772854123 28.62190056314551256
  73.12060142772024562 24.36969008532169312
  75.19446480574364955 23.15809041524650169
  75.78646978405603818 21.91953408418677185
  75.75095923193937608 18.46364877346145050
  76.92398041061633762 18.99449921831998012
  78.09700158929328495 19.52534966317850618
  80.99792675144264820 20.83816262923697593
  84.16675955519112051 22.27221713237006995
  94.61364412033574922 26.63051350989890054
  96.93555508705223644 17.47211704217840733
  99.04529569038341208 9.15059172689960221
  97.36662985823460303 9.26063765598531319
  95.23904725656842629 9.40011258877002298
  92.95698880347774207 10.12164726873216125
  87.29832390605336911 11.91078766530982236
  81.72802116312159626 11.85878862442683968
  76.15771842018980919 11.80678958354385699
  79.39944522819699557 4.98147185510723123
  80.12205819202577572 3.46004103600294677
  76.95634051174535273 2.65394867095207854
  74.90785568463765287 2.58165766823337695
  70.90752678561315747 2.44048611378091307
  70.89502866410037996 5.53913954460383984
  67.61335839119318791 9.86226626426783071
  64.62796644269066348 10.27486725734776307
  62.19240697484294600 10.61147775019886907
  63.99477142095217630 13.60160984615304969
  65.79713586706139949 16.59174194210675424
  65.14344485940539187 17.79106731382457340
  64.48975385173773134 18.99039268555430837
  63.83606284405517783 20.18971805729951896
  59.65388453416150583 22.67169358172085225
  58.26410688346921063 23.49647766757126277
  56.87432923294070974 24.32126175351600139
  56.88471752004902271 23.26049384056394231
  56.89510580773778514 22.19972592747710394
  56.90269930088491179 21.42433989137237660
  56.91029279463081991 20.64895385562943275
  56.92601638889370719 19.04338789991408376
  56.94000139328356624 17.61535268060363890
  56.95166964532817389 16.42388544091836167
  56.96333789742443798 15.23241820134642843
  56.66432681172960883 14.97750870599479001
  54.77661307841691496 13.36821668259334572
  52.88889934509661828 11.75892465918595953
  46.88161979507102473 7.47789564266582207
  46.24083856380621427 7.02124916543059729
  44.10785094722269406 7.84182908536752432
  41.97486333063920938 8.66240900530445401
  39.84187571405573181 9.48298892524138104
  33.57839051620881321 9.26717895679988857
  32.60688500128146217 9.23370548829240612
  31.33125660222854592 8.73632367973293888
  28.34030961987610198 7.57011993223685842
  24.75981419965483710 6.83519690882231945
  16.58439397612090005 6.40765120762417073
  15.44643378023898528 8.35831703477664334
  13.33022554859455155 9.28878104962943851
  11.43017821043890514 4.63577247253730196
  9.43596296217654107 3.82697247117198369
  3.85672307330609287 1.56418301869549903
