Number of disks = 499
Depot = yes (node 500)
Tour length = 447.81398283394969440
Tour sequence = 500 450 462 480 488 489 157 472 375 487 240 490 455 484 297 290 385 247 315 268 275 233 203 289 217 230 221 278 354 292 399 208 496 218 254 227 241 296 459 248 291 327 272 368 207 253 256 285 220 264 283 237 473 210 340 214 276 212 356 394 352 351 238 314 251 288 378 342 235 359 361 245 330 282 321 329 353 317 222 300 389 267 226 388 348 316 380 306 304 307 355 374 320 397 311 376 201 242 313 337 277 391 350 363 364 215 318 362 344 335 377 259 323 384 338 494 349 310 382 308 333 345 339 216 328 360 334 312 396 298 287 372 279 319 371 244 303 232 249 274 270 386 231 322 225 205 369 392 326 252 331 370 301 257 295 395 367 209 387 262 284 379 309 239 358 261 250 357 266 219 206 229 390 265 305 336 393 293 258 381 346 234 341 398 286 263 280 269 383 324 273 343 202 373 246 332 299 236 271 213 200 366 493 347 481 466 243 211 491 365 260 325 204 497 255 476 294 479 281 302 224 228 471 190 444 446 416 418 451 464 440 453 429 433 449 404 414 420 411 406 492 408 425 470 415 428 401 405 499 422 443 430 437 441 424 431 412 448 400 413 427 447 445 409 432 421 452 407 438 426 403 402 417 423 434 410 442 436 435 485 419 104 182 195 454 439 128 103 112 156 495 181 110 174 168 65 82 118 483 94 198 132 475 120 134 188 151 467 160 144 179 158 136 119 166 167 114 123 80 176 194 143 116 122 141 154 162 61 83 161 137 45 70 56 44 35 21 20 12 18 177 7 81 59 13 121 9 457 91 79 164 38 28 40 46 67 52 8 1 183 197 30 2 3 37 25 96 51 14 54 41 42 48 86 90 57 99 62 11 24 63 5 27 55 88 478 85 78 47 58 6 60 98 76 87 39 23 33 72 84 89 16 74 73 93 71 95 22 97 10 92 75 102 53 69 26 29 15 34 64 4 77 43 124 131 66 187 50 36 458 19 145 17 100 163 133 127 68 189 32 180 31 142 149 126 49 192 150 498 482 468 107 146 159 139 153 191 115 117 140 155 173 175 109 130 169 178 185 147 486 199 113 148 172 184 186 474 196 463 135 108 129 165 105 193 170 152 138 111 461 125 477 101 460 465 469 106 223 456 171
Tour visit points:
  70.00000000000000000 40.00000000000000000
  71.80626840718556991 31.18013104777981326
  73.61253681437113983 22.36026209555963717
  75.37680997884008605 13.74545266600165760
  78.27847762755534688 16.13046115954361426
  81.18014527627059351 18.51546965308557091
  84.08181292498582593 20.90047814662752401
  90.10015435852957921 25.84721815056722249
  93.63738536210760799 46.41531054776129395
  94.34423004430639992 50.52543135107434580
  93.74521178793091281 51.14613330610020370
  93.14619353155543990 51.76683526112606870
  92.54717527517996700 52.38753721615194081
  91.94815701880447989 53.00823917117782003
  91.34913876242897857 53.62894112620369924
  90.75012050605347724 54.24964308122958556
  90.15110224967796171 54.87034503625547188
  89.55208399330243196 55.49104699128136531
  88.95306573692688801 56.11174894630726584
  88.35404748055134405 56.73245090133316637
  87.75502922417578588 57.35315285635907401
  87.15601096780019930 57.97385481138498875
  86.55699271142462692 58.59455676641090349
  85.95797445504904033 59.21525872143683245
  85.35895619867345374 59.83596067646275429
  84.75993794229783873 60.45666263148869035
  84.16091968592223793 61.07736458651463352
  83.56190142954660871 61.69806654154056957
  82.96288317317097949 62.31876849656651984
  82.36386491679533606 62.93947045159247722
  81.76484666041969263 63.56017240661843459
  81.16582840404403498 64.18087436164439907
  80.56681014766836313 64.80157631667036355
  80.40296054879166832 65.25745226980070868
  80.23911094991494508 65.71332822293103959
  80.07526135103820764 66.16920417606138471
  79.91141175216148440 66.62508012919171563
  79.78274900605049424 66.98305630013028633
  79.65408625993950409 67.34103247106884282
  79.99607649577308166 67.86609355646777431
  80.33806673160665923 68.39115464186672000
  80.68005696744020838 68.91621572726565148
  81.02204720327377174 69.44127681266458296
  81.36403743910732089 69.96633789806350023
  81.70602767494084162 70.49139898346241750
  82.04801791077437656 71.01646006886132056
  82.39000814660789729 71.54152115426020941
  82.73199838244140381 72.06658223965908405
  83.07398861827489611 72.59164332505797290
  83.41597885410840263 73.11670441045683333
  83.75796908994188072 73.64176549585567955
  84.09995932577535882 74.16682658125452576
  84.44194956160883692 74.69188766665335777
  84.78393979744230080 75.21694875205217556
  84.94258490754384638 75.76472134330170149
  85.10123001764539197 76.31249393455121321
  85.25987512774695176 76.86026652580071072
  85.41852023784852577 77.40803911705020823
  85.57716534795009977 77.95581170829967732
  85.72522242323027797 78.46702574904203686
  85.87327949851047038 78.97823978978439641
  86.02133657379064857 79.48945383052677016
  86.16939364907085519 80.00066787126914392
  86.31745072435107602 80.51188191201154609
  86.46550779963129685 81.02309595275393406
  86.61356487491150347 81.53430999349632202
  86.76162195019171008 82.04552403423868157
  86.90967902547190249 82.55673807498105532
  87.46835861022620406 82.79077510072309565
  88.02703819498049143 83.02481212646512176
  88.58571777973477879 83.25884915220716209
  89.14439736448905194 83.49288617794917400
  89.70307694924332509 83.72692320369117169
  90.26175653399758403 83.96096022943316939
  90.82043611875182876 84.19499725517515287
  91.37911570350607349 84.42903428091713636
  91.93779528826030401 84.66307130665910563
  92.49647487301450610 84.89710833240107490
  93.05515445776872241 85.13114535814302997
  93.61383404252291029 85.36518238388495661
  94.17251362727709818 85.59921940962688325
  94.73119321203127186 85.83325643536879568
  95.28987279678544553 86.06729346111069390
  95.84855238153959078 86.30133048685260633
  96.40723196629373604 86.53536751259449034
  96.96591155104785287 86.76940453833637434
  96.74883419304411802 87.31998325882045719
  96.53175683504025528 87.87056197930461110
  96.31467947703623622 88.42114069978887869
  96.09760211903198979 88.97171942027325997
  95.88052476102748756 89.52229814075781178
  95.66344740302265848 90.07287686124254833
  95.44637004501747413 90.62345558172751225
  95.22929268701187766 91.17403430221274618
  95.01221532900582645 91.72461302269826433
  94.79513797099923522 92.27519174318410933
  94.57806061299210398 92.82577046367025275
  94.36098325498439010 93.37634918415677987
  94.14390589697603673 93.92692790464369068
  93.68769596235340202 93.87895207375598261
  93.23148602772953097 93.83097624286916982
  92.77527609310409673 93.78300041198349390
  92.31906615847684350 93.73502458109918223
  91.86285622384745864 93.68704875021650480
  91.40664628921568635 93.63907291933566057
  90.95043635458122822 93.59109708845690534
  90.49422641994385685 93.54312125758042384
  90.03801648530328805 93.49514542670645767
  89.73759763829231417 93.46355285780384747
  89.43717879128148240 93.43196028890439209
  89.13675994427246962 93.40036772000838994
  88.83634109726689587 93.36877515111611103
  88.53592225026639539 93.33718258222785380
  88.46337858461843950 93.13039693598621227
  88.39083491900353806 92.92361128976776286
  88.31829125343547560 92.71682564358196998
  88.24574758792785190 92.51003999743819861
  88.17320392249409622 92.30325435134558631
  88.10066025714732518 92.09646870531317120
  88.02811659190035698 91.88968305934970715
  87.95557292676568295 91.68289741346374910
  87.88302926175542495 91.47611176766363883
  87.81048559688129274 91.26932612195734862
  87.73794193215454129 91.06254047635260918
  87.66539826758597087 90.85575483085681014
  87.59285460318585592 90.64896918547698590
  87.52031093896393088 90.44218354021978712
  87.44776727492941859 90.23539789509150921
  87.37522361109083135 90.02861225009800705
  87.30267994745621252 89.82182660524473761
  87.23013628403286646 89.61504096053671731
  87.15759262082750070 89.40825531597849363
  87.08504895784609801 89.20146967157417350
  87.01250529509401588 88.99468402732739492
  86.93996163257583021 88.78789838324125583
  86.91907963830034589 88.72837427702744151
  86.89819764432358795 88.66885017115784251
  86.46547511502096484 88.44431616009278230
  86.03275258623270361 88.21978215053928807
  85.60003005806402143 87.99524814307252996
  85.16730753061794701 87.77071413825966317
  84.73458500399502213 87.54618013665812271
  84.30186247829301749 87.32164613881410276
  83.86913995360664842 87.09711214526086565
  83.43641743002726230 86.87257815651716442
  83.00369490764269642 86.64804417308580753
  82.97893048255656367 86.63519424573364347
  82.79607310423729416 86.55233524479486107
  82.61321691838293191 86.46947648096276851
  82.43036258241792780 86.38661810462043888
  82.24751074419702945 86.30376026360643493
  82.06466203961073802 86.22090310256081125
  81.88181709025226951 86.13804676229099755
  81.69897650115537147 86.05519137916076033
  81.51614085861181991 85.97233708450471568
  81.33331072807693829 85.88948400407123529
  81.15048665217111079 85.80663225749594858
  80.96766914878428167 85.72378195780835597
  80.78485870929040402 85.64093321097314515
  80.60205579687756483 85.55808611546822817
  80.41926084499954186 85.47524076190072151
  80.23647425595308391 85.39239723266247495
  80.05369639958541939 85.30955560162574614
  79.87092761213527581 85.22671593388021449
  79.68816819521015304 85.14387828551146242
  79.50541841490189654 85.06104270342149221
  79.32267850104248907 84.97820922519137810
  79.13994864660037365 84.89537787898568411
  78.95722900721800386 84.81254868349863330
  78.77451970089016697 84.72972164794109062
  78.59182080778238344 84.64689677206817464
  78.40913237018776272 84.56407404624604851
  78.22645439262068123 84.48125345155742139
  78.04378684204483818 84.39843495994409750
  77.86112964823303173 84.31561853438550713
  77.67848270425528767 84.23280412911202575
  77.49584586709217149 84.14999168985094968
  77.31321895836885005 84.06718115410430414
  77.13060176520639288 83.98437245145628083
  76.94799404118522546 83.90156550390869938
  76.76539550741649975 83.81876022624300049
  76.58280585371610982 83.73595652640652531
  76.40022473987653484 83.65315430592163182
  76.21765179703093906 83.57035346031578626
  76.03508662910421378 83.48755387957034202
  75.85252881434537642 83.40475544858698242
  75.66997790693568504 83.32195804766907088
  75.48743343866658506 83.23916155301682807
  75.30489492068166157 83.15636583723411945
  75.12236184527675675 83.07357076984516198
  74.93983368775221265 82.99077621781950143
  74.75730990831112877 82.90798204610325683
  74.57478995399769417 82.82518811815528181
  74.39227326066948365 82.74239429648606858
  74.20975925499747916 82.65960044319815836
  74.02724735648772025 82.57680642052619646
  73.84473697951850113 82.49401209137487001
  73.66222753538681900 82.41121731985342080
  73.47971843435793460 82.32842197180481492
  72.87485822749559361 82.05402653693928983
  71.83712796034831172 80.99823732881509386
  70.79939676035010621 79.94244747039100218
  69.76166475478008522 78.88665705141966100
  68.72393207295233708 77.83086616306646022
  67.68619884582180646 76.77507489763171122
  66.64846520558650411 75.71928334827026674
  65.61073128528720133 74.66349160870944957
  64.57299721840573170 73.60769977296601496
  63.53526313846320051 72.55190793506329783
  61.42961748453647886 73.61183085432661244
  59.32397182392181634 74.67175376880192061
  57.21832615982624759 75.73167667720052521
  55.11268049545756753 76.79159957825601168
  53.00703483401467508 77.85152247072801401
  51.76961886124516354 78.47440291381221300
  50.53220289042945268 79.09728334929877747
  49.29478692107414872 79.72016377771372220
  48.05737095268294468 80.34304419960291455
  46.81995498475815509 80.96592461553045439
  45.58253901680215137 81.58880502607685514
  44.34512304831898177 82.21168543183735267
  42.27328243705125033 83.25459173656338407
  40.20144182545929112 84.29749803759773386
  38.12960121364572785 85.34040433550285343
  36.05776060171349684 86.38331063084935124
  33.98591998976552020 87.42621692421404589
  31.91407937790439675 88.46912321617833186
  29.84223876623209293 89.51202950732641739
  28.50614231179459068 90.18458288301603432
  27.44861459115953295 90.09512350352093790
  26.39108686968486595 90.00566412436654673
  25.33355914745591519 89.91620474562331822
  24.27603142456105090 89.82674536735885340
  23.21850370109137529 89.73728598963747061
  22.16097597714045619 89.64782661251980755
  21.10344825280399661 89.55836723606233818
  20.04592052817952919 89.46890786031701737
  19.56416128936909260 89.42815443233102712
  19.08240205128960199 89.38740100516875486
  18.60064281444018874 89.34664757887769326
  18.11888357930886784 89.30589415349948013
  17.42083553862952883 89.24684422504121528
  16.72278750850906448 89.18779429822981797
  16.02473949323578850 89.12874437341388045
  15.32669149697355238 89.06969445092668991
  14.46947848348546906 88.99718029460940727
  13.61226548722477503 88.92466614041003936
  12.75505250713597327 88.85215198820297644
  11.89783954206411032 88.77963783785035901
  11.04062659076285158 88.70712368920300150
  10.18341365190318548 88.63460954210144394
  9.32620072408263923 88.56209539637703188
  8.46898780583497768 88.48958125185316703
  7.61177489564028065 88.41706710834640148
  6.75456199193533458 88.34455296566778770
  5.89734909312427202 88.27203882362418597
  5.04013619758935416 88.19952468201942963
  4.18292330370184828 88.12701054065583151
  3.32571040983290134 88.05449639933536332
  3.69945537186241946 87.58637323309073963
  4.07320033394413805 87.11825006680639660
  4.78665173511637310 86.81385884917959572
  6.43686572932669776 86.10980157740445406
  7.37561100610224329 85.70928961907586086
  8.31435628287573891 85.30877766073459156
  9.25310155964743331 84.90826570238158411
  10.19184683641758404 84.50775374401790430
  11.13059211318646113 84.10724178564464637
  12.06933738995433281 83.70672982726297562
  13.00808266672147973 83.30621786887411417
  13.94682794348818611 82.90570591047928417
  14.88557322025472907 82.50519395207983564
  15.82431849702139459 82.10468199367700493
  16.76306377378845980 81.70417003527215627
  17.70180905055619291 81.30365807686661128
  18.64760538075127627 78.80070055344896218
  19.68788679320659796 76.04769749703127957
  20.72816820566217899 73.29469444061379590
  21.76844961811800161 70.54169138419645435
  22.80873103057404805 67.78868832777921227
  23.84901244303030410 65.03568527136205546
  24.88929385548674134 62.28268221494490575
  25.92957526794334200 59.52967915852775604
  26.73089870401913615 57.40905502521224690
  27.53222214009503688 55.28843089189673066
  28.33354557617099800 53.16780675858122152
  29.13486901224699466 51.04718262526571948
  29.93619244832299131 48.92655849195022455
  29.52598463982054611 48.20964147465060989
  29.11577683131809735 47.49272445735100945
  28.70556902281564504 46.77580744005140900
  28.45235861909558039 46.33327357399232937
  28.19914821537551219 45.89073970793324975
  27.94593781165545465 45.44820584187417722
  27.82928383571720587 44.81563607961538054
  27.71262985977895710 44.18306631735659096
  27.62196371592895616 43.69141859940417305
  27.53129757207896233 43.19977088145176225
  27.44063142822896850 42.70812316349934434
  27.34996528437897823 42.21647544554691223
  27.25929914052898795 41.72482772759448721
  28.36276247159924324 40.49941730786559191
  29.46622580266950209 39.27400688813669660
  30.56968913373975738 38.04859646840780130
  32.72791600322221228 35.65185738380444747
  32.72791600322221228 35.65185738380444747
  32.04090865165235869 35.34416266619803793
  31.35390130430394962 35.03646795075500364
  30.66689396265212864 34.72877323823134077
  29.97988662763379253 34.42107852910717725
  29.29287929961965276 34.11338382357252641
  28.60587197843171836 33.80568912153618299
  27.91886466340117323 33.49799442265542382
  27.23185735345911951 33.19029972638249859
  26.54485004725053443 32.88260503202300811
  25.85784274326092458 32.57491033880081943
  25.17083543994478489 32.26721564592391189
  24.57398018242009385 31.92036950804046569
  23.97712492499392312 31.57352336922952318
  23.38026966737904999 31.22667722892608921
  22.78341440930378425 30.87983108663807030
  22.18655915052223193 30.53298494196061696
  22.37047926472138570 30.17052256378455155
  22.55439937507690473 29.80806018429606397
  22.73831948027071803 29.44559780408422611
  22.92223957920396415 29.08313542374265026
  24.06977397529740870 26.82162047726741960
  23.36411130351420695 26.02230145918296955
  22.65844867084022241 25.22298242591066852
  21.95278609535684211 24.42366337918669927
  21.24712359270511541 23.62434432113628091
  20.54146117565777274 22.82502525419049277
  19.83579885379817753 22.02570618099521127
  19.13013663331321723 21.22638710431575859
  18.42447451690311055 20.42706802694076273
  17.93377062267108712 19.87123676438960374
  17.44306682209786885 19.31540550026803871
  16.95236310559602444 18.75957423422892134
  16.46165946116856205 18.20374296599832320
  15.97095587487616086 17.64791169538201743
  15.67780647874808864 17.31585455567530119
  15.38465712076442848 16.98379741486044026
  15.09150778940500714 16.65174027360972886
  14.79835847266272708 16.31968313258825276
  14.50520915844754199 15.98762599243266358
  14.12022517720345505 16.06060428323233324
  13.73524119885818884 16.13358257508160776
  13.35025722348670918 16.20656086803133533
  12.96527325109932249 16.27953916210713459
  12.58028928165032312 16.35251745731155637
  12.19530531504757498 16.42549575362654579
  11.81032135116267945 16.49847405101610676
  11.42533738984135461 16.57145234942907308
  11.04035343091370258 16.64443064880188672
  10.65536947420409319 16.71740894906131558
  10.27038551954030510 16.79038725012705058
  9.88540156676177872 16.86336555191411435
  9.50041761572667021 16.93634385433507106
  9.11543366631759966 17.00932215730196972
  8.73044971844590023 17.08230046072807440
  8.34546577205431284 17.15527876452928524
  7.96048182711800667 17.22825706862533934
  7.57549788364393617 17.30123537294074154
  7.01869749181005531 17.40678353743237494
  6.46189710093890213 17.51233170205781420
  5.90509671082945964 17.61787986678185902
  5.34829632131017263 17.72342803157390279
  4.79149593223529280 17.82897619640726106
  4.23469554348028154 17.93452436125830474
  3.67789515493646713 18.04007252610536227
  3.12109476650513784 18.14562069092741581
  2.56429437809125105 18.25116885570260195
  2.00749398959695435 18.35671702040658104
  2.06293213768097283 17.51905465844907184
  2.11837028523221660 16.68139229778558175
  2.17380843197783502 15.84372993922821848
  2.22924657759783473 15.00606758372400407
  2.28468472171181958 14.16840523239439342
  2.34012286386470203 13.33074288657746642
  2.39556100351156775 12.49308054787228173
  2.45099914000215735 11.65541821818414014
  2.50643727256585347 10.81775589976818353
  2.56187540029870053 9.98009359526699313
  2.61731352215517621 9.14243130773430046
  2.67275163694955253 8.30476904063082699
  2.72818974337477904 7.46710679776928643
  2.78362784004975250 6.62944458317710250
  2.81202929260918344 6.20030231162248047
  2.84043073476101826 5.77116006154421424
  2.86883216634427152 5.34201782963862559
  2.89723358740061299 4.91287561254078042
  2.92563499815219163 4.48373340679315380
  2.95403639885444846 4.05459120891215541
  4.13920996032082922 4.26582579078254653
  5.32438383741468968 4.47706046582366124
  6.50955826973787754 4.68829529758056651
  7.69473358488619308 4.89953037368275890
  8.87991019248948454 5.11076580425784233
  9.06210625163343231 5.17913293048533063
  9.24430447850496861 5.24750016803403962
  9.42650525972910458 5.31586742322989725
  9.60870879850240200 5.38423462555856691
  9.79091502298701855 5.45260173051846131
  9.97312358146728251 5.52096871668554456
  10.15533397363531520 5.58933557314832452
  10.91045913985380800 5.17662996483203486
  11.66559955220358269 4.76392554368328991
  12.42076771378143007 4.35122357655768877
  13.17596904835218297 3.93852466254133304
  13.93119810282853344 3.52582835482402146
  14.68644127899889185 3.11313341645822650
  14.93757490318956549 3.32183876376923148
  15.31294300949960530 3.63343713060635398
  15.67864255406379570 3.93695582478157924
  15.94032048235519916 4.15418813471605564
  16.07398166881108637 4.26523102394081555
  16.09696556004087853 4.28444146146870253
  16.24553615216660774 4.40758449162876964
  16.51449964941596704 4.63033551450848613
  16.85599497311320505 4.91301595767717547
  17.23981902125986920 5.23055125886510730
  17.64464164694086890 5.56524135095327743
  18.04873550272246163 5.89873386606576222
  19.56097269515122861 7.14593810954323949
  21.06943476237115576 8.38957405443234805
  22.46579411568695406 9.54065942950479240
  23.69591856440706223 10.55471549692866162
  24.75987886494790402 11.43178050509983734
  25.68505751776267587 12.19432464550130035
  26.50592568396001170 12.87064489317854665
  27.25721331289897265 13.48926309073066321
  27.97377674235555389 14.07882293502585114
  28.69046763060888949 14.66798278691989488
  30.15083351505083087 15.86805123875834056
  31.61147407367535678 17.06795667324941590
  33.07250237237353474 18.26781542747184162
  33.53941972195165988 18.65090945730294791
  34.06241831481070648 19.07972082679741632
  34.63767205530047022 19.55114024957499552
  35.25248350058758007 20.05478043178015213
  35.89351893166196561 20.57973342746982581
  36.55076542284501073 21.11781883543163119
  37.21768602422427819 21.66371302895455386
  37.88947644502430023 22.21351948893342154
  38.56132540680399501 22.76334001827671116
  39.56203691277609380 22.54577781505940237
  40.56280394286287816 22.32822921627239765
  41.56361998291150428 22.11069278234795377
  42.56447680560228974 21.89316666085694152
  43.56536521020440489 21.67564876915420058
  44.56627545663297951 21.45813690231512894
  45.56719753323947231 21.24062879272690907
  46.56812140186900706 21.02312215105824933
  46.55029517841015974 22.15218934404941820
  46.53247005778953849 23.28125555000306690
  46.51368580600178149 24.47111949416737886
  46.45997363767368427 27.87342466626462567
  46.40413853433116742 31.41011234130825613
  46.39980258648283495 31.44371431602105460
  46.39546959397610237 31.47733680165467973
  46.39114197396737893 31.51097646997939705
  46.38682214853277230 31.54462931963274031
  46.38251253568432020 31.57829062520409380
  46.37821553744501557 31.61195491745776209
  46.37393352494531484 31.64561599589941920
  46.36966882064293571 31.67926697370140587
  46.36542367790095653 31.71290035384077655
  46.36120025828388691 31.74650813420931783
  46.35700060704228775 31.78008193846204321
  46.35282662735048120 31.81361316851041821
  46.34868005393533963 31.84709317386377236
  46.34456242678600546 31.88051343249590630
  46.34047506566200525 31.91386573757636569
  46.33641904612115070 31.94714238426278996
  46.33239517776880234 31.98033635080179593
  46.28604742441807218 32.36284847708528645
  46.23972705758760071 32.74530492291898298
  46.19343137270377042 33.12771974711848344
  46.14715748052753241 33.51010722057571201
  46.10090233173660579 33.89248170536603055
  46.05466274283777039 34.27485753475802710
  46.00843542318769863 34.65724889513971618
  45.96221700288543133 35.03966971082257942
  45.92404231580039919 35.35562575170997945
  45.88587569997253723 35.67159271246490704
  47.14491747506365016 35.89754434481993428
  48.40396021781149472 36.12350536127496525
  49.66300039885521045 36.34947487060490090
  50.92203454641904870 36.57545190971222127
  52.71309872511361050 36.89692811224978186
  54.50415783539197889 37.21841082204762330
  56.29521242897325806 37.53989943748863567
  58.08626309649181252 37.86139330450026108
  59.87731046149567504 38.18289172322030112
  61.66835517407193379 38.50439395521097907
  63.45939790419126325 38.82589923111481056
  65.25043933486817593 39.14740675863973962
  67.04148015523476545 39.46891573075622262
  68.83252105362610962 39.79042533398726533
  69.41626052681306192 39.89521266699362911
