680
100 100
101 95 2
103 95 2
105 95 2
105 97 2
105 99 2
105 101 2
105 103 2
105 105 2
103 105 2
101 105 2
99 105 2
97 105 2
95 105 2
95 103 2
95 101 2
95 99 2
95 97 2
95 95 2
97 95 2
99 95 2
100 80 2
102 82 2
104 84 2
106 86 2
108 88 2
110 90 2
112 92 2
114 94 2
116 96 2
118 98 2
120 100 2
118 102 2
116 104 2
114 106 2
112 108 2
110 110 2
108 112 2
106 114 2
104 116 2
102 118 2
100 120 2
98 118 2
96 116 2
94 114 2
92 112 2
86 106 2
90 110 2
88 108 2
84 104 2
82 102 2
80 100 2
82 98 2
84 96 2
86 94 2
88 92 2
90 90 2
92 88 2
94 86 2
96 84 2
98 82 2
100 70 2
102 70 2
104 70 2
106 70 2
108 70 2
110 70 2
112 70 2
114 70 2
116 70 2
118 70 2
120 70 2
122 70 2
124 70 2
126 70 2
128 70 2
130 70 2
130 72 2
130 74 2
130 76 2
130 78 2
130 80 2
130 82 2
130 84 2
130 86 2
130 88 2
130 90 2
130 92 2
130 94 2
130 96 2
130 98 2
130 100 2
130 102 2
130 104 2
130 106 2
130 108 2
130 110 2
130 112 2
130 114 2
130 116 2
130 118 2
130 120 2
130 122 2
130 124 2
130 126 2
130 128 2
130 130 2
128 130 2
126 130 2
124 130 2
122 130 2
120 130 2
118 130 2
116 130 2
114 130 2
112 130 2
110 130 2
108 130 2
106 130 2
104 130 2
102 130 2
100 130 2
98 130 2
96 130 2
94 130 2
92 130 2
90 130 2
88 130 2
86 130 2
84 130 2
82 130 2
80 130 2
78 130 2
76 130 2
74 130 2
72 130 2
70 130 2
70 128 2
70 126 2
70 124 2
70 122 2
70 120 2
70 118 2
70 116 2
70 114 2
70 112 2
70 110 2
70 108 2
70 106 2
70 104 2
70 102 2
70 100 2
70 98 2
70 96 2
70 94 2
70 92 2
70 90 2
70 88 2
70 86 2
70 84 2
70 82 2
70 80 2
70 78 2
70 76 2
70 74 2
70 72 2
70 70 2
72 70 2
74 70 2
76 70 2
78 70 2
80 70 2
82 70 2
84 70 2
86 70 2
88 70 2
90 70 2
92 70 2
94 70 2
96 70 2
98 70 2
100 30 2
102 32 2
104 34 2
106 36 2
108 38 2
110 40 2
112 42 2
114 44 2
116 46 2
118 48 2
120 50 2
122 52 2
124 54 2
126 56 2
128 58 2
130 60 2
132 62 2
134 64 2
136 66 2
138 68 2
140 70 2
142 72 2
144 74 2
146 76 2
148 78 2
150 80 2
152 82 2
154 84 2
156 86 2
158 88 2
160 90 2
162 92 2
164 94 2
166 96 2
168 98 2
170 100 2
168 102 2
166 104 2
164 106 2
162 108 2
160 110 2
158 112 2
156 114 2
154 116 2
152 118 2
150 120 2
148 122 2
146 124 2
144 126 2
142 128 2
140 130 2
138 132 2
136 134 2
134 136 2
132 138 2
130 140 2
128 142 2
126 144 2
124 146 2
122 148 2
120 150 2
118 152 2
116 154 2
114 156 2
112 158 2
110 160 2
108 162 2
106 164 2
104 166 2
102 168 2
100 170 2
98 168 2
96 166 2
94 164 2
92 162 2
90 160 2
88 158 2
86 156 2
84 154 2
82 152 2
80 150 2
78 148 2
76 146 2
74 144 2
72 142 2
70 140 2
68 138 2
66 136 2
64 134 2
62 132 2
60 130 2
58 128 2
56 126 2
54 124 2
52 122 2
50 120 2
48 118 2
46 116 2
44 114 2
42 112 2
40 110 2
38 108 2
36 106 2
34 104 2
32 102 2
30 100 2
32 98 2
34 96 2
36 94 2
38 92 2
40 90 2
42 88 2
44 86 2
46 84 2
48 82 2
50 80 2
52 78 2
54 76 2
56 74 2
58 72 2
60 70 2
62 68 2
64 66 2
66 64 2
68 62 2
70 60 2
72 58 2
74 56 2
76 54 2
78 52 2
80 50 2
82 48 2
84 46 2
86 44 2
88 42 2
90 40 2
92 38 2
94 36 2
96 34 2
98 32 2
100 10 2
102 10 2
104 10 2
106 10 2
108 10 2
110 10 2
112 10 2
114 10 2
116 10 2
118 10 2
120 10 2
122 10 2
124 10 2
126 10 2
128 10 2
130 10 2
132 10 2
134 10 2
136 10 2
138 10 2
140 10 2
142 10 2
144 10 2
146 10 2
148 10 2
150 10 2
152 10 2
154 10 2
156 10 2
158 10 2
160 10 2
162 10 2
164 10 2
166 10 2
168 10 2
170 10 2
172 10 2
174 10 2
176 10 2
178 10 2
180 10 2
182 10 2
184 10 2
186 10 2
188 10 2
190 10 2
190 12 2
190 14 2
190 16 2
190 18 2
190 20 2
190 22 2
190 24 2
190 26 2
190 28 2
190 30 2
190 32 2
190 34 2
190 36 2
190 38 2
190 40 2
190 42 2
190 44 2
190 46 2
190 48 2
190 50 2
190 52 2
190 54 2
190 56 2
190 58 2
190 60 2
190 62 2
190 64 2
190 66 2
190 68 2
190 70 2
190 72 2
190 74 2
190 76 2
190 78 2
190 80 2
190 82 2
190 84 2
190 86 2
190 88 2
190 90 2
190 92 2
190 94 2
190 96 2
190 98 2
190 100 2
190 102 2
190 104 2
190 106 2
190 108 2
190 110 2
190 112 2
190 114 2
190 116 2
190 118 2
190 120 2
190 122 2
190 124 2
190 126 2
190 128 2
190 130 2
190 132 2
190 134 2
190 136 2
190 138 2
190 140 2
190 142 2
190 144 2
190 146 2
190 148 2
190 150 2
190 152 2
190 154 2
190 156 2
190 158 2
190 160 2
190 162 2
190 164 2
190 166 2
190 168 2
190 170 2
190 172 2
190 174 2
190 176 2
190 178 2
190 180 2
190 182 2
190 184 2
190 186 2
190 188 2
190 190 2
188 190 2
186 190 2
184 190 2
182 190 2
180 190 2
178 190 2
176 190 2
174 190 2
172 190 2
170 190 2
168 190 2
166 190 2
164 190 2
162 190 2
160 190 2
158 190 2
156 190 2
154 190 2
152 190 2
150 190 2
148 190 2
146 190 2
144 190 2
142 190 2
140 190 2
138 190 2
136 190 2
134 190 2
132 190 2
130 190 2
128 190 2
126 190 2
124 190 2
122 190 2
120 190 2
118 190 2
116 190 2
114 190 2
112 190 2
110 190 2
108 190 2
106 190 2
104 190 2
102 190 2
100 190 2
98 190 2
96 190 2
94 190 2
92 190 2
90 190 2
88 190 2
86 190 2
84 190 2
82 190 2
80 190 2
78 190 2
76 190 2
74 190 2
72 190 2
70 190 2
68 190 2
66 190 2
64 190 2
62 190 2
60 190 2
58 190 2
56 190 2
54 190 2
52 190 2
50 190 2
48 190 2
46 190 2
44 190 2
42 190 2
40 190 2
38 190 2
36 190 2
34 190 2
32 190 2
30 190 2
28 190 2
26 190 2
24 190 2
22 190 2
20 190 2
18 190 2
16 190 2
14 190 2
12 190 2
10 190 2
10 188 2
10 186 2
10 184 2
10 182 2
10 180 2
10 178 2
10 176 2
10 174 2
10 172 2
10 170 2
10 168 2
10 166 2
10 164 2
10 162 2
10 160 2
10 158 2
10 156 2
10 154 2
10 152 2
10 150 2
10 148 2
10 146 2
10 144 2
10 142 2
10 140 2
10 138 2
10 136 2
10 134 2
10 132 2
10 130 2
10 128 2
10 126 2
10 124 2
10 122 2
10 120 2
10 118 2
10 116 2
10 114 2
10 112 2
10 110 2
10 108 2
10 106 2
10 104 2
10 102 2
10 100 2
10 98 2
10 96 2
10 94 2
10 92 2
10 90 2
10 88 2
10 86 2
10 84 2
10 82 2
10 80 2
10 78 2
10 76 2
10 74 2
10 72 2
10 70 2
10 68 2
10 66 2
10 64 2
10 62 2
10 60 2
10 58 2
10 56 2
10 54 2
10 52 2
10 50 2
10 48 2
10 46 2
10 44 2
10 42 2
10 40 2
10 38 2
10 36 2
10 34 2
10 32 2
10 30 2
10 28 2
10 26 2
10 24 2
10 22 2
10 20 2
10 18 2
10 16 2
10 14 2
10 12 2
10 10 2
12 10 2
14 10 2
16 10 2
18 10 2
20 10 2
22 10 2
24 10 2
26 10 2
28 10 2
30 10 2
32 10 2
34 10 2
36 10 2
38 10 2
40 10 2
42 10 2
44 10 2
46 10 2
48 10 2
50 10 2
52 10 2
54 10 2
56 10 2
58 10 2
60 10 2
62 10 2
64 10 2
66 10 2
68 10 2
70 10 2
72 10 2
74 10 2
76 10 2
78 10 2
80 10 2
82 10 2
84 10 2
86 10 2
88 10 2
90 10 2
92 10 2
94 10 2
96 10 2
98 10 2
