Number of disks = 492
Depot = yes (node 493)
Tour length = 204.46522114579866525
Tour sequence = 493 39 37 38 36 35 34 33 32 31 30 29 28 27 26 25 398 391 422 421 24 384 456 381 428 390 368 389 410 369 370 341 351 396 397 340 344 324 296 325 275 333 271 267 254 297 304 239 276 224 215 209 208 200 189 20 223 234 265 268 300 23 22 21 40 41 50 48 51 49 47 43 42 45 46 44 64 53 54 52 57 56 55 58 59 60 61 62 63 83 85 84 86 115 105 106 116 118 111 107 112 114 113 109 119 122 126 134 129 133 132 141 137 130 139 143 147 149 146 155 136 145 144 135 131 128 124 120 125 121 127 138 148 154 151 153 160 170 169 162 174 172 180 175 173 179 158 166 161 159 185 165 188 193 197 184 178 196 221 229 214 230 235 222 210 217 233 240 266 241 277 242 298 255 272 270 313 305 329 309 288 322 289 278 332 303 342 317 316 326 356 349 348 320 363 367 357 380 373 364 376 336 382 337 377 359 352 395 392 345 399 408 411 385 412 431 388 432 424 443 444 458 459 442 430 423 457 462 460 464 463 461 465 466 469 467 468 470 471 472 448 449 436 446 445 437 482 433 435 451 450 416 447 405 434 404 438 403 439 402 407 417 413 406 414 418 374 401 386 415 321 328 312 292 358 291 355 294 339 282 290 308 311 283 284 279 295 280 307 293 261 262 281 263 286 260 299 285 251 249 250 253 264 273 238 274 252 310 314 323 318 269 287 319 302 306 350 353 315 301 360 330 354 365 331 372 343 327 378 335 346 362 383 347 375 409 366 338 379 425 387 429 426 394 488 393 400 427 489 420 441 454 419 455 440 453 452 485 479 480 476 477 473 474 478 475 481 487 486 483 484 492 491 334 361 490 371 225 213 177 195 182 176 198 187 192 194 204 199 191 186 203 190 206 231 220 236 219 247 237 246 248 232 245 258 226 259 243 257 244 256 228 212 218 227 202 211 216 207 205 201 168 181 183 171 152 163 167 164 157 156 150 142 140 123 117 108 110 102 103 93 91 90 92 101 94 99 104 100 97 96 98 87 88 89 76 95 75 78 74 70 71 72 73 77 80 79 81 82 69 67 68 66 65 19 17 16 18 15 14 13 12 11 10 8 9 6 7 5 3 4 2 1
Tour visit points:
  0.00000000000000000 0.00000000000000000
  16.70021802475211103 12.08782271457184798
  17.72704312813262106 12.83105132333246523
  17.86686705116100171 12.93225759443131828
  18.00669097418938236 13.03346386553017133
  18.56660331379472950 13.41274674480099449
  19.04669362816014555 13.25046752592116839
  19.57486101123436484 12.79525805036142572
  20.10302839430858768 12.34004857480168482
  20.67802980243951083 11.84447444843688224
  21.49946982433042564 11.36894307070548926
  21.86003532338046185 11.16021181345435487
  22.22060082242888868 10.95148055620412819
  22.58116632147495650 10.74274929895523911
  23.43840532779694641 10.26777030307140848
  24.55623842472314777 11.06992205569381937
  25.53632704792251928 11.77322902417955497
  25.71211236891534213 11.83106391450552763
  25.81281473440517971 11.83531400147382406
  25.91351708155751510 11.83956408508882419
  26.01421940363100660 11.84381416411630994
  26.18107230828023191 11.89904581950890083
  27.17910648597965206 12.00758581125257329
  27.27087124604313573 12.06305586731017065
  27.32512260780826097 12.09585163171317923
  27.62765952242542156 12.27874393903408468
  27.93019283631792860 12.46164044880195654
  28.06732709403320669 12.54455215423019077
  28.16656361663421748 12.60455838542376839
  28.26579815582644883 12.66457120081721399
  28.36502993483601998 12.72459011900251191
  28.46425827389821350 12.78461450980236869
  28.56348260752181645 12.84464360879875855
  28.56764475251668145 12.84716855376211875
  28.59182940375282556 13.04648302047372610
  28.61601807515387108 13.24580238362694473
  28.64020899498006401 13.44512330396247890
  28.66440037835271681 13.64444249135746290
  28.51376275508043534 13.84528203698644333
  28.35840697964548340 13.93225482022528183
  28.20305096596670325 14.01922782477504725
  28.04769486878899443 14.10620092096944767
  27.89233884090639393 14.19317398018331922
  27.43970208777491493 14.42314075323097100
  26.98706533414571140 14.65310752644849401
  26.65896273644868231 14.71542783305029545
  26.33086013872895137 14.77774813967236511
  26.23270908521172018 15.09410627314423259
  26.13455803168358216 15.41046440661680705
  25.78726915401393427 16.52983762948136004
  25.75905180663487570 16.62659614244634199
  25.73083445925582780 16.72335465541134170
  25.70837443582112058 16.80037105385266827
  25.17309736476145332 17.26942035184497115
  24.77842197643541056 17.61526407248612003
  23.58401978891248163 17.27633141505835823
  23.61672675059138271 16.69394300850371238
  23.64943371227028734 16.11155460194907008
  23.68214067394919553 15.52916619539442955
  23.70461819184125218 15.12892584421256892
  23.72709570973331239 14.72868549303070651
  22.03003053677353407 13.92511340316576174
  21.93846011427548603 14.06167611527935257
  21.51902178176061042 14.68720163640331222
  20.79818304669860396 15.76221789133752793
  20.07734431163660460 16.83723414627174364
  18.45907891131418310 17.18638889962750227
  17.91361065966374255 17.59595944575760740
  17.42572438321619543 17.96229396310008042
  17.94910948330270273 18.12188828148766007
  18.46563571847835661 18.27939114585757707
  18.98216195365400694 18.43689401022749408
  19.49868818882966082 18.59439687459741108
  19.68028948394513122 18.64977203699210406
  19.86189077906059808 18.70514719938679704
  20.04349207417606138 18.76052236178149002
  20.88079249054725040 21.11767405952101129
  20.34864007076939174 21.39054915893280651
  19.81648765099152598 21.66342425834460883
  19.28433523121366022 21.93629935775641115
  19.43619366880329125 22.41564817752656325
  19.48336814527259264 22.56455679253511803
  19.53054262174189049 22.71346540754366927
  19.67226980286678639 23.16083440514371006
  19.81399698399168940 23.60820340274375440
  19.71979115091792778 24.19468845537468482
  19.71296910743586750 24.44658439700988595
  19.81284550421772650 24.71566944764552431
  19.91272190099958905 24.98475449828115913
  20.01259829778144805 25.25383954891679750
  20.61183589780803516 25.33400493022594802
  21.21107349783461515 25.41417031153509498
  21.81031109786120226 25.49433569284424550
  23.17392769171246769 25.86286552742634726
  24.54412314241102422 26.23317335813771578
  25.41631054035282844 25.95216104954824488
  26.28849793829457937 25.67114874095878818
  26.97432912760942969 25.50635805294524872
  27.22821091272761151 25.52326927271902335
  27.48209269784722508 25.54018049249200573
  27.73597448296838763 25.55709171226399334
  27.98985626809102456 25.57400293203491870
  28.24373805321492981 25.59091415180482088
  28.49761983833976942 25.60782537157385619
  28.50296629981126273 24.98894196509979082
  28.50831276128610270 24.37005855862243564
  28.51365922276481157 23.75117515214125774
  28.51900568424742843 23.13229174565619317
  28.52053784476137821 22.95493542894078942
  28.52207000527802805 22.77757911222564502
  28.52360216579639385 22.60022279551255764
  28.52513432631539914 22.42286647880287020
  28.49994777421193248 22.36058613373083048
  28.47476122210725791 22.29830578865798074
  28.39994923373036784 22.11331355818977329
  28.32513724535251498 21.92832132772084108
  28.25032525697397645 21.74332909725135821
  28.17551326859508620 21.55833686678153782
  27.86872819771904375 21.45525465574110058
  27.56194312684334591 21.35217244470056386
  27.04135488482505068 21.98347111247012009
  26.74830889493799901 22.18277518730983644
  26.45526290505269884 22.38207926213808818
  26.16221691516771841 22.58138333695432109
  25.86241932012758937 22.78527925899627604
  25.56262172509762465 22.98917518102220114
  25.26282413007963257 23.19307110303413566
  24.88738578397145318 23.44841120252133493
  24.59648654420914937 23.36501238252534307
  24.30558730444596449 23.28161356252975622
  24.01468806468293238 23.19821474253446780
  24.16799140064885520 22.71079348369906370
  24.87704437852038808 21.47739447601550822
  25.15259392185102527 21.07992939214068429
  25.42814346518165891 20.68246430826586035
  25.41431151049084392 20.43490499284162354
  25.40047955580003247 20.18734567741738317
  25.38664760110922103 19.93978636199314636
  25.37739775984969626 19.77423605322069378
  25.37358730315227717 19.70603787931450768
  25.38761543609959759 19.59471526401495112
  25.40164356904691445 19.48339264871539100
  25.41567170199422776 19.37207003341583089
  25.64791512816514540 19.39061119977375469
  25.88015855433606305 19.40915236613167849
  26.11240198050697714 19.42769353248959874
  26.25665374531233454 19.43920987985313076
  26.51007732790700899 19.40573561131120073
  26.57845884760090982 19.39670321846874046
  26.64684036729481065 19.38767082562628019
  26.79258242847072680 19.24474131038111224
  26.93832448964664295 19.10181179513595140
  27.11856757455932510 18.89551033378307210
  27.29881065947200014 18.68920887243018569
  27.47905374438465742 18.48290741107727442
  27.64322194970104718 18.29500483117594456
  27.80739015501736944 18.10710225127461825
  27.98278957660728494 17.90634471867895883
  27.94766900262793285 16.99415891621343633
  28.10962143770213828 16.90078010570099210
  28.32804829042908423 16.77620205436488021
  28.54647514359238158 16.65162400358053674
  28.58921835261028477 16.62724574882037132
  28.89556650199985199 16.54856107892191375
  29.20191467548625042 16.46987639152757765
  29.32603055345790821 16.27460775237412705
  29.45014598335775347 16.07933991764619819
  29.57426074954975448 15.88407326306967882
  29.69837465573322888 15.68880813085530512
  29.82248752844991202 15.49354482339350625
  29.94659921994269780 15.29828359803711102
  30.07070961036363954 15.10302466302831270
  30.13348504843254361 14.97852104842892906
  30.19625846419582160 14.85401696987607956
  30.25902956818986667 14.72951109324105801
  30.32179812524968554 14.60500214952510589
  30.38456395804798049 14.48048895980962847
  30.39198652060541406 14.46575465028254293
  30.39940733209811796 14.45101440897415834
  30.40682692410508281 14.43626759280719440
  30.41424584284283839 14.42151370625256490
  30.42166463746800886 14.40675240817835956
  30.42908384855056525 14.39198351549595678
  30.40052481419498420 14.31516168160918845
  30.37196600806902680 14.23833403689296695
  30.34340732838944277 14.16150161176545019
  30.31484867071587530 14.08466549615776486
  30.28628993009697012 14.00782681602801105
  30.25773100337849186 13.93098671111450315
  30.26638412088385266 13.84120291917931489
  30.27332930847078174 13.76914061112337784
  30.28027495977664429 13.69707508839062271
  30.28722129405274188 13.62500532828618383
  30.29416850369878844 13.55293041619913907
  30.30111674997002424 13.48084958115707899
  30.30806615969069995 13.40876222777734661
  30.31501682298690881 13.33666796263235632
  30.31963005483149587 13.31951036850337644
  30.32424266371898014 13.30235050915697315
  30.32885376317357995 13.28519074064265482
  30.33346253399416881 13.26803335084438551
  30.33806824607390240 13.25088049567326109
  30.34267027731692323 13.23373414034184137
  30.34726812914315275 13.21659600732752970
  30.36555653447323166 13.14841974362321686
  30.38384112645183421 13.08024996470584256
  30.40212223252178703 13.01208562596350227
  30.42040025880200815 12.94392562304691374
  30.43867567582870848 12.87576882898294350
  30.45694900388032167 12.80761412549117928
  30.47522079816660323 12.73946042833464709
  30.49349163410490959 12.67130670701462414
  30.51176209286447261 12.60315199949165610
  30.53003274733339012 12.53499542286270518
  30.51858632430707985 12.32025132025410130
  30.45526065064892052 12.19602309824630737
  30.39193183502047191 12.07179201203199348
  30.32859851395171091 11.94755623172612147
  30.26525971237278156 11.82331436090822763
  30.20191488095193577 11.69906549781815031
  30.13856390257365803 11.57480925956998874
  30.07520706976188762 11.45054577042459343
  30.03360568200017511 11.41663624839450364
  29.99200503645253590 11.38272248276731702
  29.95040814526800688 11.34880629519141237
  29.90881758050448269 11.31488954641439371
  29.12866461827664111 10.67867198600034939
  29.03673795268480262 10.60369613335397077
  28.94473982775092225 10.52865344524479063
  28.85269280136433423 10.45356357171410622
  28.76062099793553273 10.37844781542510475
  28.66854858120482419 10.30332775523768696
  29.10114071486654552 9.67552706931741291
  29.53373019068826366 9.04772691057423728
  29.85646909271455840 9.25726851452472665
  30.17921741933123769 9.46682457181951165
  30.50198152861200995 9.67640237986694451
  30.82476789732954003 9.88600935453547436
  31.14758276641856938 10.09565259901267176
  31.47043157421357051 10.30533820810774870
  31.58202521998603984 10.60515236190468968
  31.62731455543955761 10.72660115489532728
  31.67269071915051271 10.84801431874616284
  31.71039167407991144 10.94866440535451346
  31.74804043480225957 11.04917575855835921
  31.77049063016256270 11.10844782738189274
  31.79354574071357575 11.16915608572199936
  31.81707083964789717 11.23091408919846401
  31.84090693926196991 11.29328955835488379
  31.86493189436029994 11.35595873363802433
  31.88907342082099206 11.41873731550623638
  31.91448833057359735 11.48454201769565231
  31.93822238853322304 11.54588797853064719
  31.96194359760643877 11.60723273418990154
  31.97066642021344407 11.62965683833767372
  31.98195540518999636 11.65855569694267579
  31.99453703961805573 11.69068578514149870
  32.00713322837516728 11.72280652269792078
  32.01743045333649462 11.74903987385709314
  32.05697410969115424 11.95597398977142234
  32.09651471876576778 12.16289649163742581
  32.10947354598206260 12.20142935229735315
  32.12242933640516185 12.23994805545866527
  32.13538226167688094 12.27845188090376816
  32.14833234796127925 12.31693833364472290
  32.16127992930438495 12.35540754452231482
  32.17422564030319876 12.39386233274539251
  32.18717026384332058 12.43230690850596609
  32.16262279470048924 12.64914921111942370
  32.13805494768381976 12.86599470992575611
  32.08629010560125039 13.32289217536314929
  32.07245979703418470 13.44504363862403906
  32.05865303858863058 13.56708635694488407
  32.04485024900396439 13.68912954397291415
  32.04054519594473760 13.72715720728665367
  32.03622674499150236 13.76517806483878381
  32.03234758170182062 13.79913889409708005
  32.02843907889415220 13.83312166095392648
  32.02481637838658202 13.86437141451819244
  32.01728867873355000 13.92905009804545635
  32.00973556153140720 13.99369987018374673
  32.00215786217263059 14.05833346206830292
  31.99455710877643355 14.12296551187654003
  31.98693529101526423 14.18761143594592333
  31.97929477106714558 14.25228608150645115
  31.97177538635656546 14.31584118540232353
  32.04335412533267657 14.35449169014429138
  32.11492894664692699 14.39312985870028960
  32.18650241852575533 14.43175820127692432
  32.25807711576336345 14.47037918336585172
  32.32965563964565092 14.50899523913709999
  32.40124063278523892 14.54760878680680491
  32.46431409885281028 14.58162599194680453
  32.52739123142340816 14.61564084365265792
  32.58148413080662920 14.64480723267556961
  32.63556733756705341 14.67396542793436609
  32.69357366594169889 14.70523646582124222
  32.75157738638201010 14.73650455479852717
  32.80958203821553099 14.76777231040707683
  32.85809833632207244 14.79392506792371087
  32.98311802951471350 14.84341276937005993
  33.10813745855148937 14.89290068659585309
  33.21204940174787623 14.93403373106970200
  33.31596096054478551 14.97516700366329445
  33.41987208335864068 15.01630050594430976
  33.43861668743121385 14.93406465110200720
  33.45736061617265023 14.85182904519732183
  33.47610376708195190 14.76959369215249396
  33.49484605126934156 14.68735859195563265
  33.51358739477625193 14.60512374064302676
  33.51991852621286938 14.57733953972256735
  33.52624835019967264 14.54955716243088304
  33.54956465882027317 14.44721520794576719
  33.57287984987900842 14.34487452531210394
  33.59619404351582261 14.24253481284911160
  33.61950737398200317 14.14019575822053376
  33.64281998736142754 14.03785704348068641
  33.65897926558155007 13.96691780594327525
  33.67513793882913831 13.89597898605877546
  33.69129607724579500 13.82504061148830665
  33.70745375874960104 13.75410270183316719
  33.72361106767164074 13.68316526839426395
  33.73976809329863613 13.61222831409017608
  33.76569567811636574 13.58917452906463197
  33.79162311374302163 13.56612111732277270
  33.81755046993581004 13.54306801703480190
  33.84347781662432908 13.52001516192066788
  33.87988426128146102 13.48764522359838303
  33.91629066404560433 13.45527553551823985
  33.95269701017078745 13.42290609335905138
  33.98910328621618504 13.39053688840013123
  34.02550948026274114 13.35816790775765917
  34.06664692992075061 13.32159246000347252
  34.10778436416865844 13.28501711802719853
  33.97568180214275912 13.07180960899254174
  33.84357923811101188 12.85860210190393893
  33.83267247795411237 12.84099908896841491
  33.83267247795411237 12.84099908896841491
  33.83267303359355083 12.84099775809176514
  33.88415339945892413 12.71769114951226243
  33.93563370510523214 12.59438469063693056
  33.98711393704350314 12.47107841499975223
  34.03859409381794876 12.34777232622048082
  34.09007418454616811 12.22446640163330756
  34.09680768985377597 12.20707430586156228
  34.10354115079816495 12.18968228458998837
  34.11027458590780981 12.17229028373975375
  34.11700801471943834 12.15489825387658129
  34.06780496570590344 12.10681471832280565
  33.98051063651655568 12.02150656683612873
  33.89321628299792621 11.93619837153944552
  33.80592191270775260 11.85089014594468537
  33.71862753447508965 11.76558190587990893
  33.69269880628439751 11.64216615269273269
  33.66677007354365969 11.51875039413154411
  33.64084133865673465 11.39533463522914580
  33.61491260399195369 11.27191888037104484
  33.63261783020576701 11.09059519412275208
  33.65032305658532863 10.90927150896837006
  33.66802828307201167 10.72794782340988817
  33.85201598587706684 10.31701161823232127
  34.03600368870058901 9.90607541291593030
  34.21999139150067037 9.49513920760377061
  34.48702498309408782 9.76617841953220456
  34.75405857465452897 10.03721763145919965
  35.02109216618520549 10.30825684338275217
  35.28812575769330095 10.57929605530170925
  35.55515934918834375 10.85033526721578667
  35.75670442965552809 10.83464089439555345
  35.95824951011358195 10.81894652156717918
  36.15979459056630674 10.80325214873122697
  36.91886377114602880 10.74414321537331141
  36.76179371897797665 12.46700822823014931
  36.32629969306884021 12.97669810024580883
  36.26462166301918444 13.04888431963630957
  36.20294363298135920 13.12107053910718868
  36.11819998277706389 13.22025210718094357
  36.03828201358340522 15.56639121405733306
  35.99080769483642683 16.96008724164198611
  35.94333337630953906 18.35378326903445867
  35.35647618336550835 18.29422438030913867
  34.76961895984617001 18.23466548756600147
  34.18276169688513022 18.17510658973868587
  34.01729847044886412 18.14920972039479707
  33.85183521491044445 18.12331287607029751
  33.68637193947989061 18.09741606620127641
  33.52090865446182733 18.07151929553744907
  33.35544537004666665 18.04562256413642274
  33.18998209524745846 18.01972586785955244
  33.02451883707780667 17.99382919926267377
  32.85905560003075010 17.96793254874427248
  32.79986383236688141 17.78330424008890276
  32.74067208018316677 17.59867593248316453
  32.56191723143149375 17.04111164377682286
  32.38316240549128366 16.48354740798136575
  32.36909423208089009 16.43966656150512406
  32.35502606455490593 16.39578572251779320
  32.21184485800068842 16.30818539236194198
  32.06866364892834298 16.22058506236326991
  31.95715049244010686 16.15235970463025339
  31.92475250417344768 16.13253814841113609
  31.89235451193737347 16.11271658977428700
  31.82625085636433582 16.07263306739363884
  31.76014720043164274 16.03254954408912525
  31.69404354580983707 15.99246602067565171
  31.64794220651052470 15.96451137602964820
  31.60184087181275459 15.93655673331712386
  31.56923100459069076 15.92821368884605171
  31.53662113901165043 15.91987064600169255
  31.50401127349166686 15.91152760438766123
  31.47140140660883034 15.90318456351895016
  31.34173418422183843 16.29520985575752690
  31.27375825133788112 16.50072273710841486
  31.20578231786575429 16.70623561722194950
  31.13780638351442676 16.91174849780492906
  30.99251964436511386 17.35099654246101153
  30.86763039601593661 17.45339956207424592
  30.74274114753754716 17.55580258186881437
  30.61785189900009030 17.65820560174055487
  30.52048555921073003 17.87486034994847017
  30.42311921940487451 18.09151509812100755
  30.10733336404127769 18.79418611460396704
  30.07085567590310404 18.87535445620379093
  30.03437798775154022 18.95652279777620919
  29.99790029959493154 19.03769113932096602
  31.09662852627179319 20.14186228762924458
  31.84364914810386082 20.19446250489897565
  32.59066976993478448 20.24706272216917924
  33.56363021628200727 20.31557211719470146
  33.65206413720133583 20.46795141925075612
  33.74049805812066438 20.62033072130675393
  33.71724085228791523 21.13596536075569787
  33.69398364645515898 21.65160000020463826
  32.01445524440709534 22.70406807854077158
  32.02885162588832912 23.54005963313790417
  32.48331280289919931 24.75243021407319688
  32.93777397991006950 25.96480079500848603
  31.87815434235195156 26.56704354047228378
  31.48920258458473498 27.20870354855065543
  31.10025082681751840 27.85036355662902352
  29.90251090100679932 29.82629449182602244
  29.62003273354545740 29.83229696085652805
  29.33755456608411194 29.83829942988703010
  28.93195973175379976 28.97678956409018625
  28.42133444509222784 27.89218817139584061
  28.13720053236799146 27.83835506836862805
  27.85306661964375863 27.78452196534141549
  27.56893270691952225 27.73068886231420294
  26.74869328731061913 27.93880829176228175
  26.38260095909202718 28.03169693458135470
  26.01650863087343524 28.12458557740043119
  25.65041630265484685 28.21747422021951124
  25.60437571693749348 29.21263890050611423
  25.59875671854593904 29.33409323586559481
  25.16548339799615519 29.28707076897788752
  23.20706487777061255 28.99601269896131228
  22.35688555304907865 28.86965995521979522
  22.13243762809021931 28.95515191026871449
  21.90798970311578842 29.04064386533154263
  21.68354177811932715 29.12613582041184301
  19.18504673452961029 30.07780969328219811
  19.22021191546724239 29.81458375947230266
  19.25537709643695905 29.55135782567918312
  19.29054227743942107 29.28813189190132960
  19.34208024017443961 28.90234891080738322
  19.39361820294142547 28.51656592964770454
  19.42912112546230929 28.25081186121662569
  19.46462404798879575 27.98505779279547667
  18.74877649825132764 27.67336685966260390
  18.04024674238880266 27.36486220551356396
  17.76675329053980334 27.24577898836501078
  17.49325983869199419 27.12669577121727116
  17.27500916777195528 26.90482891640932905
  17.05675849685178491 26.68296206160107786
  17.01318792430081217 25.69712966337036875
  16.97197648818639948 24.76467533652254716
  16.95209196288353226 24.31476595690768860
  16.93220743758008595 23.86485657729218346
  16.91232291227634121 23.41494719767624133
  16.89243838697259292 22.96503781806013933
  16.84125183974424189 22.33844770475422692
  16.80299419131850414 21.87012417914382567
  13.83856457940736107 21.73541225460633086
  12.95870122732724994 20.72598116390830825
  12.30452233267861928 19.97546858313445384
  12.30253482929595599 19.92097758467544466
  12.30054732595294809 19.86648658616338992
  12.29855982264678538 19.81199558754681078
  12.26181497597205805 18.80456914239245947
  12.22507012929816916 17.79714269723083220
  12.33746214728089541 17.38621103318822492
  12.93952675305886757 15.18492116621955290
  11.55602136729307006 14.91435187881474356
