Number of disks = 99
Depot = yes (node 100)
Tour length = 159.03735850788723383
Tour sequence = 100 30 51 35 37 62 5 53 60 44 93 4 71 43 77 54 63 91 39 73 41 84 15 69 46 52 8 66 38 34 81 24 27 88 79 13 1 50 94 32 97 98 49 70 17 90 89 11 23 42 22 58 29 36 67 75 7 74 61 76 80 72 57 99 78 31 45 33 68 14 65 86 96 16 64 85 59 40 3 6 83 18 20 25 82 47 12 28 21 56 95 10 9 55 87 26 92 48 19 2
Tour visit points:
  2.77999999999999980 1.64999999999999991
  3.01511877205884771 1.04364753115115017
  3.85003276019522245 1.21045567840271029
  5.04894189449893993 0.90635212484752248
  5.31614734510409281 2.36142096620094355
  6.31048569240819557 3.71924126279822787
  7.92894002062676595 5.92932412033767164
  9.23254626188017902 4.97390775166293686
  10.53615250313359297 4.01849138298820119
  11.61952522190546766 3.62905191244462788
  12.70289794067734057 3.23961244190105413
  13.81352418681892935 3.69478090769007705
  14.92415043296051635 4.14994937347909953
  15.75300063172991827 5.32457955594766297
  16.58185083049932018 6.49920973841622640
  17.26704814615391115 6.94826916544084039
  17.95224546184602943 7.39732859245343999
  18.34052119081777832 6.39923898722695572
  18.84829283781560960 5.09397686325109955
  19.82406210766983179 4.64262653169639705
  22.84816436405323969 4.35054062722222579
  22.63691043932093194 4.89272695087791476
  21.44971095877323819 6.95178391993019673
  22.69783945103464617 9.27612959033498008
  27.25935686981554795 10.24298790757125666
  28.31901789999431074 9.56143018339884598
  29.23935099328084064 8.96948605110328678
  29.52978599116549319 8.38688234022881396
  29.82022098907287599 7.80427862625638369
  29.26252575121469945 6.64319494938366706
  28.75101670775470453 5.95477395628620698
  26.67993181981529105 3.16737816066833622
  26.60454172285322372 2.82058628197895134
  26.48824411860051953 2.28561894211301864
  26.37194671899499454 1.75065138953928368
  27.06567078699105977 1.87362032915310639
  29.26693874815187968 2.26381471822560254
  30.66388467670265428 2.51143582464211468
  34.86963472330358371 2.24686762745243174
  35.47880235230767454 2.02351543952171431
  37.23742505147762216 2.19537657333880132
  38.69060166080591756 4.71694185931120913
  38.58814458582202178 5.23367391098298995
  38.34084354196971844 6.26781702030286070
  36.29037451128436942 5.31372003094868361
  36.06259275172831025 5.89415773321942726
  35.83444925005572657 6.47500644738045938
  35.12090531897073475 6.86699178829502443
  34.04170129094922004 10.19464379701412149
  36.11435855075659873 11.27441517375333824
  38.47559979268925900 12.50452711092014901
  37.87086501649682191 15.43105421953520739
  37.33012683932825126 18.04787896944813852
  34.25262799296941552 18.44125305964976391
  33.10106930259265567 18.58844834707418059
  32.34903852100567434 18.68457491597384745
  29.89827258862441894 17.30808919217756880
  29.59019090814615893 15.85471235173403848
  28.38057900582524695 15.89874346500387148
  24.15376949114479288 16.18549562944268061
  22.81125076647546734 16.27657381708328899
  23.13920878235196099 18.94287028574326115
  22.26617620785149398 19.00047572840603749
  20.70235089977742149 18.35595992682104693
  20.15234556655866882 18.12928043366692776
  19.74011541120446367 18.15489017243158187
  18.04537195605363920 18.26017586440682194
  17.09974759879988326 17.72411767266487814
  17.05266299204432556 17.43654276460508967
  17.00557838528880694 17.14896785654563516
  16.93247786348782213 15.55796690466448595
  16.84411318845422301 13.63474831978137125
  16.75574851342099691 11.71152973489739502
  16.66738383838781701 9.78831115001347030
  14.05489315390481586 9.35973355137197238
  12.60817458239247557 10.12084970461784117
  11.78600827658602590 9.77066223018623603
  10.96384197077957268 9.42047475575462911
  10.25660844651530290 9.11924090568516377
  10.28247159050946635 9.62091009381864382
  10.30833473450362980 10.12257928195212386
  10.38579410523476554 11.62506403928826693
  8.54502489873224924 12.97107926502241071
  8.77824332079877756 13.35191902692933041
  10.05842037427468583 15.44241565204324296
  6.10211659846555232 18.08068620983172536
  5.43183459467181695 19.09150013913617983
  4.42282551493968246 18.82765405029246253
  3.26620578097493830 16.66546658193437125
  1.99667870812275772 15.69723973924101834
  1.57914442609190120 15.29803121381843845
  4.01764194993233836 12.55015055867227147
  4.78278380701795669 11.34952545726905804
  3.60791795887355304 10.46814524783432532
  3.02038170111220206 10.19165791734501703
  3.00282152862171525 10.18339297754313222
  2.04151252417531692 6.88251337147873787
  1.18495656601438060 3.94132804035763451
  2.95860434132259353 3.04921829569578229
  2.79485749844719278 2.24234215893510624
