Number of disks = 317
Depot = yes (node 318)
Tour length = 2832.62301331732987819
Tour sequence = 318 248 249 245 244 224 223 214 215 219 218 226 227 228 236 235 229 234 237 222 213 211 212 216 217 110 109 220 221 118 119 225 231 232 239 313 233 230 238 240 241 242 243 314 246 247 251 252 253 254 257 256 262 261 263 264 268 267 315 273 272 279 284 280 285 291 290 286 283 274 287 289 282 277 288 292 278 281 170 171 166 165 269 266 265 260 259 258 255 250 143 144 140 139 142 141 146 147 148 149 152 157 151 158 163 162 156 159 160 161 153 155 150 154 209 145 39 38 35 34 137 136 134 127 126 120 208 125 128 135 133 138 132 129 124 123 130 131 121 122 114 113 117 108 107 111 106 112 4 5 115 116 13 14 9 8 3 1 2 6 7 10 11 12 15 103 20 21 22 23 30 29 31 32 33 28 27 24 19 25 18 16 17 26 37 36 104 44 43 41 42 46 52 58 53 54 51 57 47 55 50 48 45 49 40 317 316 56 59 105 64 67 71 68 72 77 78 82 83 84 79 86 85 91 92 96 97 101 102 93 98 99 89 90 81 80 76 75 73 69 74 70 62 63 65 66 61 60 164 210 169 167 168 174 175 179 180 186 185 178 181 191 184 182 177 172 173 176 187 183 189 190 188 87 88 196 94 197 95 201 100 206 202 207 198 203 194 195 204 200 205 312 311 307 306 302 199 301 193 192 295 293 294 296 303 299 300 308 309 310 305 304 298 297 276 275 271 270
Tour visit points:
  169.30000000000001137 405.50000000000000000
  127.37846501823604228 396.86610485204363385
  121.66987087855346772 395.69039877959909290
  97.27003691278569875 393.95217345709431811
  80.79534152083081722 392.77852888430595613
  58.59539410425907136 391.19702178012113336
  41.20929873569872370 389.95844977706769896
  23.82320336713812026 388.71987777401392350
  25.24689595678306731 380.73045032698064460
  31.23444444103962070 347.12973866456371752
  33.37512682155765731 335.11673340576754754
  50.70198936009949620 332.46037702052365148
  56.39200263581155781 331.58804926567319171
  60.08268926949035915 329.49813264000454183
  63.77337590325387850 327.40821601419190756
  63.78769923163294209 325.57808744777815946
  63.80202256014123208 323.74795888136969779
  63.81634588874894831 321.91783031502126278
  63.83066921740952182 320.08770174875991188
  42.23107173671436243 309.04596890563294664
  20.63147425602180007 298.00423606250933517
  14.43395466806905958 274.78276952281794365
  16.64015359201306410 271.70182844434305025
  18.84635251596008132 268.62088736586707682
  21.05255143991109890 265.53994628738934125
  23.51746771772972977 262.09770826755988082
  25.37447953512763377 262.47837123143767712
  37.09147477932030057 264.88020093202788985
  38.35902000496384545 264.89779391566304412
  43.36278409442238058 263.53256065354884186
  48.36654818240559450 262.16732739089650295
  57.14473849736765487 274.86557952710444397
  59.16056041630997697 277.78160369432208654
  61.17638432539369830 280.69763075263995233
  63.19220984496672600 283.61366015074787583
  65.20803616844017370 286.52969071882819208
  67.22386248953256427 289.44572128704601255
  67.89586595963825744 290.41782024447479671
  71.39313204061713236 290.66521972859015932
  74.89039811993792739 290.91261921182763217
  78.38766419823225817 291.16001869456596296
  81.88493027617674613 291.40741817719742812
  89.90256113414167771 296.02164251791327843
  109.12046325001705327 306.92857363554094263
  106.83807865118775737 326.03462821800189886
  105.92975991953260007 333.63824928544244131
  122.18342463159135036 332.16888675831006594
  127.78644434502918159 331.66236357500639542
  133.27096775282018370 327.66276190648966349
  138.75547662523703707 323.66316496188824203
  141.58005906861515655 323.66780688686446865
  144.43229036543169741 323.67251258148854731
  147.31097028038254848 323.67728177468831063
  150.21117056485510943 323.68210478219941706
  153.12627635095080336 323.68696656316944882
  156.04883032382917918 323.69184913335811871
  158.97137656276302664 323.69673408013477456
  167.99179908636443770 317.55275852517758040
  177.01222123362421712 311.40878292493459867
  195.40169700816670684 331.81985350627951448
  199.16163762954013805 331.76017143601728776
  214.06522305534923589 331.52360470791370517
  219.33354867287215484 331.43997982556379611
  220.63957435537213314 331.41924909334750282
  223.98886284438594885 329.53317710597383439
  227.33815133327902913 327.64710511882202582
  226.77867176839455965 318.48079254950704353
  224.03600569717019653 314.46710902277629884
  221.29333962595140406 310.45342549603901716
  216.92333409573194558 304.05825424553114544
  223.23803632091218674 298.01587998580708927
  227.02070952072091359 294.39633842067473779
  227.07067380497025511 290.99002139322004723
  227.12063808921956820 287.58370436576524298
  227.64667308581417160 284.98210574507959336
  228.17270808240880342 282.38050712439394374
  224.38012770833256582 277.72197642328472966
  220.58754733425627137 273.06344572217562927
  216.03698890458940696 267.47386974464433251
  211.48643047492242886 261.88429376711297891
  187.26364875770863705 262.11858860420301198
  179.65397562339461501 268.84056739436897487
  169.04683673830686530 278.21034732465949446
  158.43969785323588439 287.58012725494364759
  154.66413434246979364 287.61337237947122958
  150.88857083171433260 287.64661750398045115
  147.11300732096648858 287.67986262847563239
  143.33744381022248149 287.71310775296376505
  139.56188029947716700 287.74635287745132928
  133.96040603977274941 281.41747607584954949
  123.53183076739918533 268.02645186771968611
  118.34331825454454190 261.36403703463190595
  99.92737154449035586 257.06309569946381544
  95.88252325679884791 256.11843939037981954
  102.96758425990597630 214.01707636740491125
  104.98941539736826201 202.00275303199404675
  122.33178143854323139 199.42894755230852866
  127.55403581381020217 198.65390731554927584
  132.99952168176352529 194.65563953070162029
  138.44503466272433911 190.65736409643079696
  141.70767226620665724 190.92994779827077423
  144.79303851381635582 191.26784377600696985
  146.90100890050999283 191.50064684005502613
  151.31661895531445339 191.99049800954841771
  155.73049168592999081 192.48198542069803807
  155.44443602113173597 186.97404372487997648
  155.15469129742180598 181.46632046177745679
  154.86194983893133781 175.95863245405922726
  154.56747201743979758 170.45083256088682333
  154.35727666462526031 166.53126679175596792
  150.49414656569442172 164.31031862196115867
  147.17679326645577476 162.40254711874479199
  143.85970727300994554 160.49456986239891876
  140.54284850711826493 158.58662472710955171
  121.24921563567423277 163.33207750887561360
  119.89616422000493401 150.59821082104886614
  117.45314670445772265 127.60642401333343798
  111.43976946119157390 127.95835100911914139
  95.35667441705892600 128.89959839342012060
  87.96510844511246319 135.80297650061379500
  79.67097661962560551 143.54930904623867605
  77.91320765119181146 144.37083369393630505
  73.64779848271187745 145.94796758092709865
  69.38238931505279083 147.52510146776353395
  65.11698014780959909 149.10223535449938481
  60.85157098058662939 150.67936924114860631
  63.70362039265327780 153.69205367577734478
  66.55566980548185541 156.70473811067546421
  68.30583790343503381 158.55348033862901502
  70.05600599874904333 160.40222256342485707
  73.80102258941128923 165.49191970303462540
  77.54603918083397218 170.58161685567699806
  74.69883360925358318 175.57999847640121516
  71.85162805900262128 180.57838011280631463
  69.00442253025653372 185.57676176027621295
  66.15721701800693211 190.57514341265292046
  65.50754305192258187 191.71567172510236787
  64.85786909970191516 192.85620002270960072
  60.60388211733678787 195.67948656452057321
  56.34989513335271027 198.50277310690253785
  34.23906660233998167 200.54784284872454236
  35.20062640356792372 192.84572553809817919
  37.56415368481722084 173.91381473593293094
  20.66931177529108510 164.95142455099664858
  15.53248520117814024 145.74548909090361803
  14.98562108381607771 143.70083434777640718
  14.43875696493546101 141.65617961313654405
  17.40640680515874550 137.45889013665478728
  20.37405665285176326 133.26160066041671826
  23.34170650843097761 129.06431118129233937
  34.39848538650623766 131.93065249866086219
  36.16872615251674006 132.38956681110917657
  39.95802454754839061 125.67998572344741604
  42.99167783409061627 120.30839966688152742
  31.86255273582807490 80.66110192963772363
  25.47082536505792660 57.89069730789488943
  19.07909738123626298 35.12029323340866682
  12.68736906049393731 12.34988956884283695
  15.59177974710775416 12.57920501197995300
  20.96994076025100284 13.00383405986818985
  26.34810205696058105 13.42846360733261335
  31.72626380608221552 13.85309344588651648
  35.41511727369349671 14.14434494330468084
  46.47641781001879480 28.88367503803257108
  55.21012860142253231 23.60892559862621809
  58.76534385132644189 23.43718242334172430
  62.32055909998711485 23.26543924828333587
  65.13252224510068800 22.35991473400989804
  65.53755010893513600 22.35497114000640195
  68.00716214285594674 23.23770761725317868
  69.48537465964761850 22.83024168830571199
  70.96358729153372735 22.42277574727058820
  74.56927727578812437 22.63824751783992184
  78.17496712497199951 22.85371913944396383
  77.69912420292703814 35.34602438941877978
  77.06333769083701668 37.01117886742099472
  74.99842977987078996 42.41928295088378320
  73.10552343147641352 47.37692279210723001
  71.21262239989381726 52.33456429915302976
  69.31972529053108190 57.29220658975490466
  67.73687729614711373 61.43781221400804071
  66.15402874862429883 65.58341951989663698
  65.49449520502102473 67.95879259397578664
  79.01825173145518022 66.96646507293499440
  96.56598591239658447 65.67887167732517639
  105.08578650285822675 57.19333647928760200
  117.07970890138423670 45.24765188339420519
  129.68853764063035783 54.69516260216613546
  131.37628917779815652 58.68496925518780927
  132.88094318183257769 62.24193745914943321
  134.38559718642210328 65.79890566338751512
  141.11961892142389274 64.10417598355650171
  147.85364065567068792 62.40944630522781722
  154.58766238894693856 60.71471662831033456
  154.33460171316176002 58.60385887510052783
  154.08154103581154004 56.49300112045609978
  153.82848035725535851 54.38214336385403413
  153.57541967806429284 52.27128560539237867
  150.23729915276231850 46.68554879597144947
  147.67176610737490705 32.73058745060018282
  145.29597150117839988 30.06194173981954876
  142.92017682540844703 27.39329581278734693
  140.54438209398594495 24.72464969865784923
  138.16858733145073757 22.05600346678052048
  135.79279256401551379 19.38735719882246400
  145.64999999999997726 -0.63657628937978961
  145.64999999999997726 -0.63657628937978117
  166.36136843911285155 22.48602636750229777
  173.09102009332127636 25.71048983019982259
  179.82067174752967276 28.93495329289735096
  207.25659560499596523 28.85896764823507965
  216.08170323482508479 25.65570990697668563
  224.90681086465417593 22.45245216571828806
  226.72191559425044716 22.86886023256353795
  228.53702032384671838 23.28526829940878429
  230.53470032866439965 23.28854333601404392
  234.34293374403250709 22.37404059862350536
  234.77978419858987991 22.34510964182956272
  236.52755734700343737 23.10763045517605008
  237.53910670056336585 23.67228177937297318
  238.55065605412156060 24.23693310356894415
  247.53097812573636816 28.99506574144305660
  252.77606031634286410 20.94900524926855567
  277.12764628677535939 15.02564587109859673
  282.32776186564024101 14.32961424612384782
  287.90634399526311427 13.58292515807731071
  293.48492612358148790 12.83623607477185580
  299.06350825411010419 12.08954699420777423
  301.96850965633882424 11.70071471274810015
  288.36228079552040526 38.83288089470730853
  288.67472412935120474 56.43445155193601437
  288.86492967241451879 67.14972674971073729
  270.86575484792729185 65.54749380221187494
  265.09142416733919845 65.03348007900474670
  240.23159885016951876 59.34649536295138716
  233.35937518368700694 57.77439135747416543
  232.23482811823544125 57.68836704529554993
  231.11028105278381872 57.60234273311694864
  229.98573398733225304 57.51631842093834734
  226.55110929464737524 60.19171837216337195
  223.11648460196244059 62.86711832338839656
  219.68185990927756279 65.54251827461341406
  197.89658411588820286 67.98446606990273722
  199.40873219788656456 77.06552165426305123
  206.73534663786537635 121.06477924463003149
  206.73534663786537635 121.06477924463003149
  190.10945857183082808 127.18302771557141284
  188.87946669871990935 130.39995033590020057
  181.45996854319642466 152.36434004090367011
  184.52556591884845716 165.02291289824930232
  201.36716406045002259 173.91959959729348384
  198.97793118396930367 193.03255860133697297
  198.03854371852509075 200.54730302352314197
  214.27245119152092911 199.04020635544063111
  220.04575733027786555 198.50423375694978745
  222.89153544129351303 196.61259510077599089
  225.73731393057292394 194.72095598489883628
  228.58309281996309892 192.82931644448217412
  231.61583421150464801 187.62254260743389978
  234.64857629415485007 182.41576920370988546
  237.68131889035578297 177.20899637809887395
  241.36871237388558598 170.87828530512632597
  237.80629129439361691 166.78335165680675800
  234.24387008791646281 162.68842034332291746
  230.68144843508022745 158.59349369927994644
  227.11902672800380287 154.49856755136130460
  228.14951418487396495 153.73605853388360742
  229.47892285520927658 152.75236779986252600
  231.21238135966439131 151.46970568338596763
  233.14786410373145031 150.03755840939757604
  235.08334563091355562 148.60541209411184127
  240.33267369109270817 144.20614621018728485
  243.75707366961228217 141.33628437646834186
  250.96994504195549780 135.29144601561159789
  258.18281640759175843 129.24660765668156159
  276.26438618736915487 131.75873705103199995
  276.98624870355376970 131.77522486795507461
  277.70811121980619873 131.79171268486990698
  286.02911796708008296 129.54826755776565506
  291.22808958544527513 131.75589134759522381
  296.21404553969506424 133.87306293221431019
  297.93635578882873460 136.66067218638005443
  299.20149594114434421 138.70833833606798180
  300.46663609345995383 140.75600448575599444
  288.36088541441876032 171.93900797595088648
  286.82575230542414602 191.50603192940795338
  270.34566458356897556 199.89486967176748067
  270.59538839472457994 201.59016767126021819
  287.74596825207049733 211.06894948054193151
  294.50124769769649902 251.96481852428900083
  298.26771163105308915 260.08666762646998905
  302.03417556440973613 268.20851672865103410
  299.12917538330009393 267.83004575890356591
  293.50091289002443773 267.09678110106477789
  287.87265039674889522 266.36351644322598986
  282.24438790347335271 265.63025178538714499
  279.55602764601411536 265.28000522764602920
  276.86766738855482117 264.92975866990491340
  259.56475898007522574 261.81143478807973679
  256.28910034182104027 268.19573230609955772
  252.25140592793141536 276.06524658456407906
  248.21371151404193256 283.93476086302820249
  248.16600886788106095 285.98583498427962013
  255.27330739602288645 297.18556676068044453
  272.96439817789666904 307.01428497985580179
  270.89213863141628735 326.73545707635145163
  270.12135532155758710 334.07080766920387305
  288.05618831706038918 335.24211996632919863
  289.49708246667211142 345.98260132126500821
  295.20843186614843034 388.55522347565386099
  285.74995097088333296 389.15295619124049153
  276.29146996019522931 389.75068911230169988
  260.54193915741979026 390.74598795598370771
  244.79240830066095214 391.74128700964030259
  220.94262022460566186 393.24848578898024698
  203.82035252159184324 394.33053576796731932
  186.69808480348925173 395.41258575152733101
  177.99904240174461734 400.45629287576366551
