Number of disks = 441
Depot = yes (node 442)
Tour length = 329.58763532104916294
Tour sequence = 442 1 34 66 67 36 68 35 37 38 70 69 39 71 72 40 41 73 42 74 75 76 99 78 77 79 100 80 81 439 108 119 130 142 141 154 129 118 107 106 105 117 128 140 139 163 153 393 138 116 392 152 175 187 396 399 174 186 173 162 151 150 137 389 127 387 115 386 441 104 102 103 114 126 136 149 161 172 185 400 401 406 405 227 234 238 239 266 270 269 273 276 279 281 282 428 341 342 346 347 339 348 349 433 350 340 351 352 343 353 354 434 355 356 357 358 435 359 360 430 361 344 362 363 364 431 365 366 367 345 368 369 370 432 371 372 373 374 375 338 337 427 336 335 307 333 334 332 331 306 330 305 329 304 328 303 327 302 326 301 300 325 299 429 324 298 323 322 297 296 278 295 321 294 320 293 319 292 318 291 317 290 316 425 421 424 288 289 315 314 287 313 286 312 285 311 284 310 283 309 308 280 426 440 277 274 271 267 240 235 228 407 241 242 243 244 403 211 221 212 229 245 246 247 230 248 249 250 415 251 417 418 253 252 231 223 214 222 213 200 188 176 397 164 177 165 189 202 201 402 190 203 191 215 224 232 254 255 256 257 258 233 408 225 216 204 193 192 180 167 179 398 178 166 395 155 394 156 143 390 388 120 131 109 385 121 110 122 132 391 144 157 145 168 181 182 169 158 146 133 123 111 112 124 134 147 159 170 183 198 209 219 218 208 197 207 196 195 194 206 205 404 217 409 412 413 260 259 419 261 422 262 263 236 264 416 268 438 423 272 420 275 437 265 237 414 410 411 226 220 210 199 184 171 160 148 135 125 113 384 383 380 97 98 65 32 33 377 376 31 64 30 63 96 379 94 95 436 101 93 62 29 61 28 60 27 92 59 91 26 25 58 90 89 57 24 56 23 55 22 21 54 88 378 86 87 382 381 85 53 84 52 20 19 18 83 50 51 82 49 17 16 48 15 14 47 46 13 12 45 11 44 10 43 8 9 7 6 5 4 3 2
Tour visit points:
  0.00000000000000000 0.00000000000000000
  2.58724420480751238 3.51756425928420979
  2.94369058903356562 3.90693048754879424
  3.30013699379295389 4.29629676431381302
  3.33107242313417817 4.81402628069317995
  3.36200803094460188 5.33175589375467585
  3.37601287393007832 5.56613358449979145
  3.38146253831775789 5.65733274059655233
  3.43401310222214251 6.53675208544503583
  3.48656405444053075 7.41617175391525230
  3.49111728169934521 7.49236204746153955
  3.49567089412010157 7.56855268266219827
  3.54986755920916464 8.47536139359616669
  3.58417298901902015 9.04934929270706689
  3.61847864242209072 9.62333743758520654
  3.65278446627255171 10.19732577788863814
  3.68709040561906276 10.77131426104228851
  3.72139640457837384 11.34530283308157017
  3.75570240720982707 11.91929143950439318
  3.87865470598440654 12.71611582113095373
  4.00160700663838664 13.51294022032235276
  4.12455930824580008 14.30976462839311303
  4.24751160988025678 15.10658903665479436
  4.28503394057130382 15.39737207203779512
  4.32255627126430930 15.68815510741988106
  4.45028915578633555 16.67803380613119302
  4.57802204030907944 17.66791250484202180
  4.64782268578016122 18.20883955245267316
  4.71762333125132294 18.74976660006355189
  5.67662926224083453 20.33988607133016302
  6.64958248592734158 20.34851805654719925
  7.62253570961384508 20.35715004176423193
  8.59548893330034858 20.36578202698126105
  9.56844215698685119 20.37441401219829373
  10.17274082750790498 18.74010850995775357
  10.32051864321518408 18.34044835993417166
  9.41434574842272553 18.07233481252933061
  8.50817285363026876 17.80422126512448955
  7.60199995883781288 17.53610771771964849
  7.57099221704541048 16.50156543747906568
  7.54195618215445407 15.53280718522235482
  8.30045268515660872 15.54262171394272762
  9.05894918815876338 15.55243624266310043
  9.81744569116091981 15.56225077138347146
  10.54668595454840663 15.16567284335573973
  11.27592621793589345 14.76909491532800445
  11.05409323709541347 14.31601621160202065
  10.83226025625493172 13.86293750787603862
  9.36537932008020491 11.41815857353178743
  8.72451108998791902 10.52952925844980570
  9.84088787902860496 10.14416339418229285
  10.95726466806928734 9.75879752991478000
  12.71340761407519260 10.59610739147940706
  13.28232319685113971 9.04992000035582045
  13.54276219405243253 8.25879601656823503
  13.74129006820692922 7.65573670370890191
  13.63271584471375242 7.12416162014847476
  13.52414162122057739 6.59258653658805027
  12.86317364036631083 6.60326812962646237
  12.20220565951210290 6.61394972266488868
  11.54123767865796779 6.62463131570333363
  10.88026969780391084 6.63531290874179636
  10.21930171694991962 6.64599450178027329
  9.55833373609597459 6.65667609481875999
  9.21369375750327713 6.49614860286311746
  8.86905377890966662 6.33562111090696511
  8.50011354736966673 6.09485603357044958
  8.13117331582716041 5.85409095623455933
  7.76223308428197889 5.61332587889965229
  7.54828170581905411 5.47370429313536278
  6.74857101838118911 4.13130662755454736
  7.25626807697921450 3.71549051197159530
  8.25047586568929781 3.71386255088158590
  9.24468365946687776 3.71223459147827173
  10.23889145950549384 3.71060663408632063
  11.23309926590635577 3.70897867870801701
  12.22730707782441506 3.70735072506743846
  13.22151489373147903 3.70572277268692440
  14.21572271174054869 3.70409482098083576
  15.20993052993495454 3.70246686935127611
  15.81775117893990235 4.30961301556134302
  16.83219807496173104 4.38874608686784917
  17.41387005153903189 3.79216009040314228
  18.02077547321527362 3.75971598621634984
  18.97827102357125995 3.75849834587546638
  19.93576657392723206 3.75728070553458204
  20.42907402444401299 3.75665336992765875
  20.92238147496079748 3.75602603432073590
  21.86294521971788996 3.95246004307340115
  22.21088696114732386 3.73015525035299644
  23.09315109167109981 3.73562193745302196
  23.97541522219487220 3.74108862455304703
  24.85767935271864815 3.74655531165307298
  25.52371368028730814 4.00531172890031506
  26.18974800785600721 4.26406814614756868
  27.49381432065389319 4.44002517319912027
  28.50468337838637112 4.57642123863825567
  28.84712418506775933 5.74446557019703974
  29.24855787417332564 7.11373096118950432
  29.25945933969380164 7.82912129906493970
  28.74429915966910798 8.84631603559297730
  29.30937545418949952 9.31723451376550749
  29.30237948747005561 9.78861024633102694
  29.29538354154978563 10.25998597902288800
  29.28835995635494172 10.73322584780219913
  28.75761260933460051 11.36019247608475524
  29.26787204818122490 12.20393298449648434
  29.26732250013212777 13.11859162221610298
  29.26675060005144502 14.03325429464832830
  29.26614833500464385 14.94792464034780721
  29.26550990859652401 15.86260564730355327
  29.26483194701909696 16.77729951787952345
  29.26448636535865688 17.19136272692632872
  29.26372084402017748 18.06687494366537550
  29.26292617820675446 18.94240163411333810
  29.26210934160877741 19.81801819800055497
  29.26146921454382976 20.48734299596728192
  29.26082021680396394 21.15670401138821788
  29.26016938446491267 21.82607283042326429
  29.25999990766798220 22.00037462602494998
  29.25998659325498608 22.96571918685021529
  29.25997280592337191 23.93106317668730654
  29.25995833920334377 24.89640830771129032
  29.25994301579452994 25.86175622226896564
  29.25992669262862123 26.82710841629394238
  29.25992259295623654 27.01084678360930624
  29.25990072136687914 27.94968544015634038
  29.25987802305275665 28.88854981816521317
  29.25985462078273969 29.82741721515940370
  29.25983726243345373 30.49992552240797394
  29.25981943389809103 31.17243181134887209
  29.25979718660001083 32.00009555454513333
  29.25977480343520298 32.82775988164599568
  29.25975714111346093 33.48078837520917972
  29.30009088726763622 34.27738564567704316
  29.34042463221543429 35.07398286645224772
  29.38075837638594479 35.87058005366176872
  29.42109212022009146 36.66717722403592461
  29.46142586415503217 37.46377439430884948
  27.42443422951717835 37.36955921387163215
  27.18006396714845607 36.83944496901827392
  26.93569370300622623 36.30933071732187756
  26.87694819518732459 35.52998073600088702
  26.81820271656295418 34.75063154020444500
  26.75945728093619280 33.97128348153056976
  26.75933638424912431 33.62521740107315793
  26.75921749390811399 33.27915065044066978
  26.75895382280243950 32.49991181973340559
  26.75869604299582960 31.72067496163952427
  26.75848080581655708 31.04802985746250954
  26.75832538422395146 30.53700387598182786
  26.75817860270974435 30.02589113619848504
  26.75804077397463487 29.51470827083516468
  26.75791194905113102 29.00347319290440851
  26.75779192328606371 28.49220459172371278
  26.75768024938804857 27.98092142796613047
  26.75757625696788722 27.46964243965684105
  26.75747907783198798 26.95838567032092925
  26.75738767614664582 26.44716802959105451
  26.75730088247835070 25.93600489551918997
  26.75715563623449000 25.06569126668245673
  26.75707365213922628 24.56662289829867873
  26.75699174620605802 24.06755365405293290
  26.84002739638286883 23.60645304202631678
  26.73938527084393257 23.09730955089784743
  26.63874316269656717 22.58816608674322524
  26.53060306946206381 22.04109062735035707
  26.42246298931354431 21.49401518325588967
  25.86526005478405210 21.29016015302361353
  25.30805713427561088 21.08630518887244776
  24.75085422637359756 20.88245030524536361
  25.53513109788361390 20.27211388165360972
  26.31940831537153613 19.66177676186490686
  26.32443487614631650 19.27305665375001453
  26.33017720931745131 18.82879916251200214
  26.33609613886468637 18.37065126400273130
  26.34201185832013792 17.91249529336446855
  26.34787951560184993 17.45780250398485833
  26.35369941799580218 17.00657432008555503
  26.35948331887537677 16.55794509299948203
  26.36524872686933918 16.11061561959626687
  26.37101323087777160 15.66328665184340529
  26.37400660254590079 15.43096666500307634
  23.73711246770783845 14.46231031529998923
  23.63622895224995091 14.18859196660764077
  24.19926772840203100 13.69859775746640373
  25.50468220436600575 13.57642022980485130
  25.97099603473239071 13.53277919856454758
  26.43730723380607017 13.48914106558363457
  26.43570050454164999 12.98611956130283573
  26.43408488597559014 12.48345079869925378
  26.43245896724578259 11.98128366114516652
  26.43082230028928592 11.47973399447590737
  26.42912224885394323 10.96334475385942220
  26.42743897661831554 10.45543049844384242
  26.42578683492091685 9.95984159924149104
  26.42414070311807350 9.46873248187380234
  26.42248220938104808 8.97615824254079797
  26.42080960294575576 8.48099863944495524
  26.41912946054330646 7.98454578203316334
  26.41744839610564810 7.48809182414799412
  25.20564211916244446 7.26835027586530291
  24.97286439380292222 7.17843648559656522
  24.74008666796945022 7.08852272670778305
  23.85180685525496003 6.74541182701280917
  22.95064284483825645 6.72388162136183887
  22.04947829686105720 6.70235129407108676
  21.14831322426384475 6.68082084360688455
  20.24714776611917699 6.65929029699922115
  19.34598212244242177 6.63775969709254543
  18.44481648996008616 6.61622908910533436
  18.23450000761415879 7.30478284190471516
  19.30823056840218754 8.31473012805709999
  19.33642966838476696 9.05745283789379307
  19.36462876844204928 9.80017554784325107
  19.39282786851466867 10.54289825777234313
  16.86220408678584093 11.16813785966343353
  16.68100808494816079 11.33738403672260198
  16.62284485908125475 11.91436218669070435
  16.56468163321431675 12.49134033665877297
  17.99716868005138792 12.49682122353763525
  19.42965572688845555 12.50230211041649575
  19.35052633506545661 13.14305666857834964
  19.27139694324246122 13.78381122674020709
  18.74677380798322091 14.85883031589523817
  19.38228226203386839 15.44274687599350138
  19.62279779982932482 15.98705987232102643
  19.86331333762477769 16.53137286864854971
  20.10382887542023767 17.07568586497607654
  20.52222207056180636 18.02255547588756102
  20.94061526570337861 18.96942508679904904
  20.74685037669505050 19.32703243498696821
  20.20655447924830739 19.26860732359254413
  19.31186455498996679 18.84437091414090659
  18.41717463073162264 18.42013450468926905
  17.52248470647327849 17.99589809523762796
  16.62779478221493434 17.57166168578598686
  16.48795588292322378 15.56161447823846444
  15.72165840993161368 15.57910103350187292
  14.95536093694000535 15.59658758876528140
  14.18906346394839879 15.61407414402868987
  13.42276599095679046 15.63156069929209657
  13.07738865694587993 16.41795596206774022
  12.73201132293497118 17.20435122484338564
  12.70285129798520174 17.42629207948306558
  12.67369127303543586 17.64823293412274552
  13.53450982267914071 18.09391426101076306
  14.39532837232284912 18.53959558789878770
  14.59390356881207040 18.64240617102922215
  14.80190193507657703 18.80043150924990059
  14.70290902269234934 19.71100362317550392
  14.63526235079063831 20.33324183750836056
  14.61179486163145924 20.54910417247290155
  15.81231834974521888 20.78278103283033573
  17.01284183785897852 21.01645789318776636
  18.21336532597273816 21.25013475354519699
  19.41388881408649425 21.48381161390262406
  19.41509464398392382 22.24045966619440406
  19.41630047388134983 22.99710771848618052
  19.41750630377877940 23.75375577077795697
  19.41871213367620896 24.51040382306973342
  18.28678141475511865 24.70381561516568425
  17.78826747633966576 25.04825812730931744
  16.81680531770918208 24.73759047470826644
  15.94999719023067186 24.58221164597731345
  15.08318906275215987 24.42683281724636402
  14.21638093527364965 24.27145398851541458
  13.69504762596691272 24.05101248615597243
  13.17371431666017756 23.83057098379653382
  12.65238100735344062 23.61012948143709522
  12.73943385671829809 22.68111859818642628
  12.82648670608315555 21.75210771493575734
  12.78599040749412907 21.72924611367869119
  12.29325207375399209 21.70114422285217870
  11.84365420277212699 21.67550272224015728
  11.39405633179026189 21.64986122162812876
  11.01443986963712796 22.49167168134690087
  10.63482340748399757 23.33348214106566942
  10.22308933240302231 23.27348011054894528
  9.56945780799555479 22.95681940574251456
  8.95091661221434975 23.41177954266968797
  8.59686024016617800 23.67327835514761958
  8.24280386811800447 23.93477716762555119
  7.67080189861407558 24.35724615157584694
  7.63923756032226819 25.07293747080612079
  7.60767322203046081 25.78862879003639819
  7.57610888373865254 26.50432010926667203
  8.14619094394632270 26.56481943852484662
  8.71627300415399375 26.62531876778301410
  9.28635506436166125 26.68581809704118157
  9.85643712456933052 26.74631742629934550
  10.30821843383634473 26.87347115627486716
  10.75999974310336071 27.00062488625038881
  11.57789854486682657 27.23082228763351509
  12.39579734663029242 27.46101968901664847
  12.41046466092613443 29.52036671927079325
  11.60587966696532902 29.68157398552699533
  10.80129467300452362 29.84278125178319030
  9.99670967904371999 30.00398851803938527
  9.19212468508291813 30.16519578429558379
  8.38753969112211450 30.32640305055177521
  7.58295469716131354 30.48761031680796663
  7.54315228266116478 32.46841219178769222
  8.42124931513664521 32.46966636639269410
  9.29934634761212386 32.47092054099771019
  10.17744338008760074 32.47217471560272628
  11.05554041256307762 32.47342889020774237
  11.93363744503855095 32.47468306481276556
  12.81173447751402428 32.47593723941778876
  13.68983150998949938 32.47719141402281906
  14.56792854246497093 32.47844558862784226
  15.44602557494044071 32.47969976323287256
  15.30686788975607016 30.31171762502110312
  15.00178402902933250 30.00402924071445909
  14.69670016830259307 29.69634085640781862
  14.67446564696537514 29.15310982303090981
  14.65223112562815366 28.60987878965399389
  14.62869399654676883 28.03482260743694710
  14.60515686746538222 27.45976642521990030
  15.13545855381733851 27.33533784853772630
  15.66576024016929303 27.21090927185555230
  16.19606192652124932 27.08648069517337831
  16.68042058435686670 26.97283206845908410
  17.16477924219248763 26.85918344174479344
  17.73328257885853532 27.04959277004959262
  18.30178591552458300 27.24000209835438469
  19.24326917232402678 26.92958370611260221
  19.82183859811594928 26.73882238385061783
  20.45029968006828369 27.37530264519935486
  20.51808984170253680 27.44395781102092613
  21.44078399016639835 28.23451159822930023
  20.75739532227628104 28.93713247424932433
  20.25825913541893186 29.45031555927997502
  19.75912294856157203 29.96349864431030596
  20.30499944187697281 30.42625952248414123
  20.85087593520025351 30.88902040066269805
  21.39675242853500947 31.35178127884827859
  22.50870438085456726 31.81576948388077497
  22.42424624112168274 32.07188726287639469
  22.33978810133125492 32.32800504249019014
  22.25532996144874431 32.58412282293075890
  22.35386305329407008 33.59986621474619994
  22.43985688038266346 34.48634672633637877
  20.54181319730366440 34.46704741371527092
  19.13879715651370361 34.45278159194000978
  18.59313842682392348 34.24916745126551376
  18.04748117929197448 34.04555301740027318
  17.36703354349203465 34.67659317333330904
  16.68660856237237766 35.30762307460337013
  15.74566508679057009 35.40417765450101228
  14.80519084356500947 35.50056565559920330
  13.86532700092266879 35.59673491882625740
  12.92615146988612551 35.69265444911459184
  11.98768014220965306 35.78831495313750111
  11.04987257966045533 35.88372769972789911
  10.11264086431972409 35.97892196424486855
  9.17586056609572687 36.07394137075884544
  8.23938300412314106 36.16883947859550119
  7.30304718790646046 36.26367477353647928
  6.36669154769599110 36.35850561166876815
  5.68118540082951906 35.94463398403613752
  4.50500141971651757 35.23455806692692960
  4.19294195152899185 35.24197548391153845
  3.88235736610275772 35.24916032957113998
  3.29527222791086194 35.26248506494813029
  2.70827919078357260 35.27557319881107389
  2.25885455213194097 35.28544117048308948
  2.21758020016578117 35.24964294232029971
  2.25954241963457170 35.02636878411417598
  2.35327999611786653 34.52860593156299984
  2.44705639367218675 34.03127669666815081
  2.54087444363812454 33.53390526895616119
  3.12520590644363327 33.41580043808124856
  3.70953620032366915 33.29769609065761671
  4.09137173539281918 33.04483889058790425
  4.20446675268294623 32.67718238099914885
  4.31758384580021470 32.30953602491749166
  4.44929192898782144 31.88152049916895692
  4.45434155682028177 31.52901499353675163
  3.82610391698971286 31.51830340019154875
  3.19759706086397522 31.50729045909639225
  2.56887461112477533 31.49603405192648609
  2.59882094678350661 31.20300614717634957
  2.62847067041347504 30.90999924646134289
  2.65792608151020326 30.61710042799538201
  2.68731656053172285 30.32433924464801223
  3.29770988825727995 29.70950284175503597
  3.29825700405643074 29.50131568806813931
  3.29880225789035952 29.29312408031470483
  2.70081248420059383 28.70595602031567850
  2.70081003597495251 28.29404981461784274
  2.99979307444970233 28.00049414245503243
  3.29877610517389153 27.70693848883740529
  3.29759861240799079 27.29022799780314301
  2.99185998155139821 26.98168397402797680
  2.68612135030197630 26.67313994942821154
  2.64111841144660220 26.25933921837699714
  2.59611547214369542 25.84553848644936025
  2.55111253249765380 25.43173775389805868
  2.50610959265607391 25.01793702105322836
  2.46110665277493812 24.60413628823858545
  2.69897282730704058 24.69784141558127999
  3.87493425175440320 25.25036104782650881
  4.10440104285171081 25.02791750483218536
  4.30239148012079564 24.69725131247660954
  4.47591042109768278 24.40745525815291472
  4.67311602585951213 24.07809982393488113
  4.69886985896074005 23.59328574006634938
  4.20065512481929915 23.15157607718903421
  3.70244039067785602 22.70986641431171549
  3.67851904960626896 22.68865811440361568
  3.13666048928604857 22.60778589766293578
  2.59480192896584194 22.52691368092227364
  2.64254567652299377 21.92243837319615807
  2.69028942408025840 21.31796306546979025
  3.29775961443847976 20.70938265556507574
  3.29779874039931675 20.56988870751919052
  3.29783786636215615 20.43039475947697881
  3.29787699232744913 20.29090081144068947
  2.70818139067786090 19.70174204609193325
  2.69183208932590201 19.68540762854297199
  2.65528157745689386 19.14631679307998269
  2.61873106570216097 18.60722595753469477
  2.58218055409683389 18.06813512185309989
  2.54563004266621995 17.52904428599131492
  2.51205970185126670 17.03390858226477889
  2.47848936122896868 16.53877287836067822
  2.44491902079243095 16.04363717429443525
  2.41134868052523643 15.54850147008927941
  2.37777834040282343 15.05336576577461294
  2.34420800039423005 14.55823006138409603
  2.31063766046408148 14.06309435695363774
  2.27706732057471051 13.56795865251936206
  2.24349698068828340 13.07282294811566459
  2.07903664077402617 11.75587909708838907
  2.01463109477658175 11.24014084787663492
  1.88761085169809961 10.22300487356309695
  1.76059060861888295 9.20586889924951102
  1.63357036553908896 8.18873292493586469
  1.50655012245889841 7.17159695062215086
  1.37952987937850291 6.15446097630836597
  1.25250963629809409 5.13732500199451270
