Number of disks = 194
Depot = yes (node 195)
Tour length = 157.87485485796187845
Tour sequence = 195 194 193 191 192 179 178 177 176 190 189 188 187 186 185 184 183 171 172 170 157 158 159 160 173 174 175 161 162 163 164 151 165 166 153 152 154 141 140 139 138 150 137 149 136 135 134 147 148 146 145 144 132 131 133 120 119 118 106 105 92 93 94 107 95 96 109 108 121 122 110 123 124 125 126 127 114 113 100 101 112 111 99 98 97 84 83 70 69 82 81 80 79 66 67 68 55 54 53 40 41 42 56 43 57 45 44 46 33 31 32 30 18 17 16 29 28 27 14 15 1 2 3 4 5 6 19 7 20 21 34 22 8 9 10 23 24 11 12 13 25 26 38 39 52 51 50 37 36 35 49 48 47 61 60 59 58 71 72 73 85 86 87 88 89 76 75 74 62 63 64 65 78 77 90 91 104 103 102 115 116 117 128 129 130 142 143 155 156 168 169 167 180 181 182
Tour visit points:
  12.69999999999999929 29.00000000000000000
  11.49986233483930320 28.96079023588666956
  10.29972466967860711 28.92158047177333913
  9.09958700451791103 28.88237070766000869
  9.04088375292803548 28.11958606138802708
  8.98218050133815815 27.35680141511604191
  8.52606393714943600 26.95120798800456896
  7.47170088074810934 27.07353551215242859
  7.09241989240550907 27.12437086144603171
  6.85481514066307085 28.23136136798057194
  6.20200900419776513 28.50659078388725121
  5.19303633643265172 28.93198347323669140
  4.35808197714475121 28.90965706966532878
  3.52313058893502928 28.88733148293631103
  2.68818654334563867 28.86500791505670094
  1.85324520737848175 28.84268509223642241
  1.24275078134970518 28.50123986983229329
  1.54673696028843599 27.69059066657309032
  1.85072304483586358 26.87994117518126558
  1.01200744884496685 26.33179788903278862
  1.04034841939128508 25.27440255012432146
  1.56274324774972961 25.17458444537058071
  2.31912805551031020 25.15360478596534222
  3.07573956085737299 25.13272061667965929
  3.95115829294493892 26.07942002354586819
  4.53918950639970031 26.12333009217738322
  5.03287266133203115 26.15356801503188322
  5.16893250244812119 25.13791464624626926
  5.76224943467787565 24.84755035354424280
  6.35556637885313602 24.55718604250850490
  6.94888332714625534 24.26682172244171198
  7.54220027323072539 23.97645740253660662
  8.63590858411675732 24.32556437226606505
  8.94439620801327528 24.14431870343337394
  9.06799510082880467 23.72416210285364713
  9.19159399363674545 23.30400550228618428
  9.96280120964080673 22.58668928850941882
  9.91172024385412520 21.80930063003189190
  9.29956103297208259 21.46920647738967602
  8.45576744334763930 21.60346709147991362
  7.61194968707347641 21.73773723150759807
  6.74280106906405496 22.32358689424426146
  6.22718635490886019 21.85156091601047379
  5.61659461948965788 21.93388190745564259
  4.98454775617703660 21.55474629430042199
  4.35258509262497828 21.17560299515692535
  3.82571548258329930 21.64022329481590390
  3.82136068997865763 22.10434968856234761
  3.81873435390272808 22.37989473936441698
  2.55521459331958400 22.92373767488367520
  1.80260524050094140 22.73049374194288319
  1.04999445825153837 22.53724803578353075
  1.01542246012869719 21.61506921120965785
  0.99246106556001357 21.00259890764425208
  1.92226533476846351 20.57464851370231429
  1.96986607358743937 19.73030853233521853
  1.40341088731092678 19.25819332104435233
  0.83695570067122060 18.78607810884185270
  1.02231329986643504 17.21902830756511094
  0.87688814765622281 16.43583385401784014
  1.15722027506300518 15.55360093335752047
  1.59501729811224657 15.27797852268219891
  2.09295655971274286 15.60358518390535565
  2.59089582131324692 15.92919184512851594
  3.52477433551763930 15.67746881500186795
  4.05868903685983806 15.77326750971964131
  4.06789011160183200 16.62043373445646210
  4.07709118634382506 17.46759995919328290
  4.15611711388968263 18.24497721422851271
  4.36975816818879270 18.32279169132045382
  5.12921372832388300 17.95219204033286076
  5.65828707364005279 18.88291994083076375
  6.60857454153421831 18.76120826764740102
  7.55886200942838293 18.63949659446404183
  8.20024281695775237 18.39369780847121305
  8.84162362448712180 18.14789902247838782
  8.92219922783292319 17.38482542642676520
  8.88891652136401333 16.75374497901097826
  8.84700196079687906 15.95899411760936459
  8.84700196079687906 15.95899411760936459
  7.52071890076172966 16.52746309524750146
  6.85241484459588968 16.44027120161255340
  6.96270394289497307 15.31306559323220640
  6.70713182940751373 15.08972244335902069
  5.94372736465112617 14.22960828051943949
  5.29583170802711667 13.40374298151782817
  4.64793605140310717 12.57787768251621685
  3.86995094949979634 11.58618883226198193
  3.65378537907398515 11.37549207900532267
  3.04207339137772692 12.24731427429551012
  2.53765520264624556 12.84526748177867894
  1.81498503948864065 12.62121539445869978
  1.09231487633103597 12.39716330713871884
  1.21701365311404386 11.65841997309355094
  1.54281905118702323 11.31549540516452090
  1.86862444926000304 10.97257083723549265
  1.93894976486077875 9.53894831287289691
  1.63850718129403972 9.03149504995959340
  1.13477261078940694 8.18067773767927342
  1.05432223852412688 7.85731681122279557
  1.85810481642097902 7.86208832169591698
  2.66188739431783095 7.86685983216903661
  3.46566997221468309 7.87163134264215447
  3.51647319460547036 7.87193292681973222
  4.49786466045221722 8.15849717959561538
  4.91383205161868730 7.51260954234748812
  5.11110572906961824 7.20629555686241119
  6.06803460845787246 6.57395393787674109
  5.90611851198959048 5.70027500029243850
  5.32291913067154621 5.24625105639918399
  5.17864931790556859 5.13393620923882743
  4.00434491303939399 4.98697555605126208
  3.83749064120702776 3.85018992079733158
  3.34673410225104151 3.88420858754394160
  2.85597756329505570 3.91822725429055296
  2.36985234346556339 4.46979621258264537
  1.55352141597027993 4.44585546772333018
  0.73719048847499669 4.42191472286401499
  0.86441100235165114 3.32459622957539436
  0.92499492108047499 3.14123641249250829
  0.74296637948922295 1.57130147675737786
  1.51807478864612078 1.52463063872117255
  2.29318319780301838 1.47795980068496746
  3.46755060741554866 1.57651706457262697
  4.64191801702807538 1.67507432846028603
  5.19494914785343553 1.74040554034351569
  5.51657609641509605 1.96410934467785392
  6.29302750318291881 2.08974675721018066
  6.74766066298086464 2.73824675050877486
  7.12756203304104829 3.28014746898617071
  7.50746340310123017 3.82204818746356700
  7.94888644022711510 3.22576497414567154
  7.89657360587828983 1.12049182527213387
  8.52284819221749501 1.17282772153230441
  9.07066756212195813 1.27499910037946940
  9.65450638065089173 2.24303341362505293
  10.08706805309480892 2.01403951127059067
  10.79087986016341638 1.47081069630541972
  11.31228285500121800 1.65616476470099450
  11.83368584983902139 1.84151883309656927
  11.87615851387279164 3.05389829838392668
  11.93453961219410076 3.51974368385181124
  12.07234381164019688 4.61933674146693463
  12.12421221214249201 4.95052151377541616
  12.15154569494877101 6.33884536509835872
  11.51250484901739490 6.14374431940048549
  10.87346400308601879 5.94864327370261137
  10.28923438115745270 5.75936865463734815
  9.70500475922888661 5.57009403557208582
  9.12077513730032052 5.38081941650682261
  8.99023100556828503 6.99235631833374249
  8.40705790788530649 7.04265059214395350
  7.82388481020232796 7.09294486595416540
  7.80838811381934494 8.59602343286710813
  7.46578202683183978 8.77158166094939595
  6.57851576297664398 9.10647109470683169
  5.85886270639635676 9.64750076406357948
  6.11776014558230852 10.24307893888085808
  6.43135602337599011 10.80217074126600352
  6.74495190116967169 11.36126254365114896
  6.78428465900692412 12.08448079448225876
  7.51100459750051908 12.45385659941953271
  8.23772453599411314 12.82323240435680667
  9.09395031323801462 12.52071929080565482
  9.83281735992530059 12.25967018818088583
  9.85434470750389124 11.49064181537895735
  9.51610887214478929 11.08926381770980640
  9.17787303678568733 10.68788582004065724
  9.72909557201081121 9.97516323982698339
  10.39339012623538494 9.77040536841945872
  11.15439244795641827 9.75093563070176295
  11.91539476967744982 9.73146589298406717
  12.02330826235900396 10.93886694915487290
  12.06418616864023186 11.83766235013655788
  12.10506407492146153 12.73645775111823930
  12.14594198120269120 13.63525315209992428
  12.18681988748392264 14.53404855308160748
  11.55610127653232055 14.93749943446485595
  10.92538266558071847 15.34095031584810442
  11.08976322467841591 16.49305377709996634
  11.51884734347643757 16.78211942568608350
  11.94793146227445568 17.07118507427220067
  11.16102841225185216 19.06096359956411490
  11.57507458492428398 19.41565428189421283
  11.98912075759671580 19.77034496422431431
  12.07411058060845832 20.53305942012934437
  12.12306523221660015 20.93507525798500879
  12.12337678154687381 22.10650781348670790
  12.12360297038414281 22.95698297720648284
  11.87792673342004335 24.59079723962933883
  11.96689042734249142 25.07666575824354993
  10.95427514026853899 25.76389956949391902
  11.10155880808870066 26.11273224679988303
  11.64603648968117078 26.84284706559244782
  12.19051417127363912 27.57296188438501261
