Number of disks = 399
Depot = yes (node 400)
Tour length = 1041.65310209146650777
Tour sequence = 400 289 54 77 199 284 395 234 89 306 268 173 164 186 317 17 67 205 357 211 155 236 202 214 285 282 216 336 117 328 167 26 129 247 120 39 295 304 222 115 137 56 273 300 339 157 92 358 203 275 1 9 201 4 169 256 45 161 34 286 237 258 347 178 309 165 51 238 263 244 88 252 185 127 153 340 71 343 41 381 84 65 366 392 114 315 287 225 261 102 383 162 313 232 90 79 121 375 38 239 133 249 352 290 147 371 166 368 274 20 57 179 227 215 257 66 22 367 108 96 103 354 360 299 385 139 2 122 265 209 60 148 293 344 110 327 307 158 130 251 311 113 350 276 101 396 320 68 397 76 341 69 7 64 160 107 196 118 316 30 15 301 21 391 42 298 384 13 19 24 240 98 288 151 6 136 58 49 342 230 346 379 213 323 119 36 279 184 154 72 271 35 123 47 206 253 48 124 191 23 142 62 329 254 345 362 32 59 224 245 363 100 11 132 332 272 390 116 314 195 387 330 93 3 207 361 16 393 373 135 266 255 5 73 382 212 226 281 280 260 228 80 337 377 14 141 52 353 10 146 189 242 31 125 262 388 221 176 223 269 250 28 378 326 106 82 37 75 270 386 99 111 104 112 264 40 246 109 168 55 380 193 335 8 128 44 181 145 349 229 259 175 319 149 91 338 399 97 219 74 333 70 81 94 235 241 61 324 33 194 105 303 334 310 143 370 355 248 318 291 220 231 170 218 297 63 321 27 12 43 376 126 131 171 294 150 183 283 372 86 302 325 46 138 177 144 198 208 78 292 374 351 322 277 364 267 172 134 188 140 217 182 233 365 305 18 394 152 296 50 83 180 210 204 192 156 359 85 159 308 190 398 53 369 95 197 29 163 25 174 200 331 389 356 243 187 278 312 87 348
Tour visit points:
  2.28315000000000001 35.50849999999999795
  2.59135889654947915 35.80470526155662725
  3.57854000870875044 36.75343919754786270
  7.16940271178198962 37.84434075119905572
  8.39713790012449302 38.21732583450196330
  9.62487308846699641 38.59031091780487799
  8.49974711154097839 41.29127776900303104
  7.37462113461495683 43.99224462020117699
  4.38637949566307928 51.16578942825048415
  4.84107460436837833 53.31366288277691723
  8.31720061522057996 54.80896952016553314
  10.88108310805436751 56.92931148327089375
  12.05017168969796693 56.59612306931862946
  12.25534879543530309 55.40042923001274033
  12.46052590117263570 54.20473539070682989
  12.85487880008052919 51.90659725272064406
  13.24923169898842090 49.60845911473444403
  13.64358459789631439 47.31032097674823689
  14.16250174833244380 44.28626993724787297
  14.66754263444404849 43.20203550732977504
  15.85068527530472515 43.00060769780210279
  17.03382791616540359 42.79917988827441633
  20.32437663099548786 45.74532220042509323
  22.48876521520254812 47.68317431582754296
  21.66258611163337378 49.01918994717124178
  19.79798861385118869 52.03443372716931492
  20.85823662034840709 54.09952181517981984
  20.78316552413001617 54.68882490511774819
  19.33483312726048098 55.97898060599813164
  19.32839050892214416 60.18174925950110321
  19.32839050892214416 60.18174925950110321
  20.87608868246290683 59.80536343632604002
  22.86995367969507953 59.32047398493837420
  24.86381867692132275 58.83558453355325923
  25.90778437774271481 58.15951777501634012
  28.91833096297806094 56.20990346319828035
  30.00038455229344336 55.50917118600234801
  31.74841713301895041 58.40003568718915972
  33.03186149929602067 60.52257264866057085
  34.31530586497636648 62.64510961105921183
  37.14084269044282394 67.31793105247028564
  40.85496626742838799 68.49408903520301806
  41.22937456417194824 69.25892526024640006
  42.14581501806750197 72.96856108080730507
  44.97436431753344266 71.13600039844011746
  47.80291361699954678 69.30343971607312881
  50.63146291646563668 67.47087903370616857
  50.16668215420028076 66.09505893800231036
  48.07015267238147516 64.44529084384008399
  46.08360435977386516 64.54494917893578076
  43.35045488025351546 60.72950550230304856
  42.52222692362980183 59.57330927393820019
  42.51898352232655753 57.73964735312562624
  42.51574012187555951 55.90598543513365826
  40.76414685032383289 53.26192540617461901
  39.01255356407801145 50.61786539712713306
  37.83088295565586634 48.83411343530946880
  36.64921234386164883 47.05036146955611542
  34.78373348369589735 45.35031546170910133
  33.32649376890584136 43.18950213671293170
  33.21851230834279534 40.37062737258781198
  33.18748640846100528 40.37623443585264482
  28.84350095257769553 41.62264946238607877
  27.32424250679896360 40.91690362555018368
  25.37493404744047965 39.04641473247659889
  24.48557422249390925 34.81289050165435128
  23.30546213749031992 34.76517987197473758
  21.11022190874885851 34.89385905846924629
  18.91498168001700364 35.02253824497218204
  18.71480629822964303 32.26653193024064592
  18.58516125821664033 30.48158442158170089
  18.45551621822381705 28.69663691297880348
  16.82398111819920672 26.40570058013326005
  15.19244601838289910 24.11476424797792362
  13.56091091866314891 21.82382791621784790
  11.92937581893619736 19.53289158450530394
  13.81924958805447368 18.09235630201892420
  15.33789075588113704 16.93478894518415956
  14.83969267975556683 16.07829896217790733
  12.85470284653307438 12.66575284850156358
  15.53732314680248017 11.38793373595209246
  18.19902187671018723 10.75046137126468260
  20.86072060661789251 10.11298900657727273
  23.90539455302244676 13.66178385072106316
  24.42715940217895465 15.08540840233632707
  24.94892425133546254 16.50903295395158921
  25.47068910049197044 17.93265750556685489
  26.05178758575161879 19.86274733569825202
  26.63288607101126360 21.79283716582964558
  27.21398455627090485 23.72292699596103915
  27.74916707428296192 23.87876852780967951
  30.58494691483105754 24.01093065588792896
  32.78741837564658823 24.11357731100933677
  30.98884670856554635 28.55947077222121777
  32.20181404069189313 29.26386481598541778
  36.35061605897939785 29.33068144340166583
  37.80735289050972625 30.50226291440623427
  39.73970231570969958 31.15818515016126611
  43.84570900850037134 32.55193984837359977
  47.50923589600240859 34.03889352413236935
  48.01842146787302568 40.36381618675655147
  48.07081948473479116 41.01468577661560744
  51.79217115848938136 46.12861106539984490
  55.26206628348958816 51.32535393113516875
  58.78976151991691523 52.77583937373265854
  62.49601997789391561 54.29974480758959032
  66.20227843586451399 55.82365024143774690
  67.72204884432491667 56.44853552936408647
  69.24181925278439564 57.07342081728876337
  68.80874765027947149 59.62837654095418571
  68.20129012755427311 63.21214205592481505
  67.02769755349419256 64.24099912268287937
  65.09151256671410124 62.35861296540874577
  63.46933110294532554 60.78150543031561881
  61.42217304971109115 60.69452021809540554
  60.49503925779914226 60.65512563909913979
  59.26142090746460411 61.55875992268887131
  58.02780255713008017 62.46239420627860284
  60.81358872850199759 65.34147850094231558
  63.59937489987391501 68.22056279560602832
  63.94111336852189709 69.24225131977787839
  62.97863679206109566 71.38299034934550491
  62.22654894371051171 73.05578306971274571
  61.74426764552598002 74.75280060078786448
  61.26198634734145543 76.44981813186298325
  61.58762878722178158 77.75992404657779389
  61.91327122710211484 79.07002996129261874
  63.34806970629371392 80.14574106643516416
  64.78286818548529880 81.22145217157770958
  62.70739557210453086 83.52788293833764044
  55.21289387218067901 85.07117180109648302
  53.01783249599178305 83.46204315705516308
  51.66107368418372658 82.53306512207365131
  50.30431487238386978 81.60408708699688418
  50.04863321014636313 81.42902085842050042
  47.89858318814972904 81.56466174837618155
  45.74853316271971693 81.70030263938708970
  44.96789177476349408 82.16121676457062506
  44.18725039101715879 82.62213087504005671
  43.40660901506766578 83.08304496504393910
  43.02576040129515889 83.30790940273199396
  42.64491177489042428 83.53277384487260804
  40.83688450529879077 83.79569101039318468
  38.81063253478647823 83.22031868272284783
  36.92979440590742968 84.53410860015718242
  35.91346156398974188 84.77665536403138447
  34.89712872208440331 85.01920212788536446
  33.88079588017198773 85.26174889173427118
  33.51654930962616419 81.34273295152452476
  30.58180253033617291 81.07854835621471068
  27.64705575104596846 80.81436376090425711
  27.23275584684075312 80.77706866842719080
  23.33451750826036886 83.08886401019952928
  20.82375491254819266 81.67520391887507003
  18.31299231683601647 80.26154382755059657
  18.47491620225306619 78.60824055161745605
  18.86253516065207947 78.41536415865788001
  21.24317462160228942 77.23077516419326116
  22.40022337412660747 77.15709355064355179
  25.14555890250909442 73.64486725772660236
  23.61601804062614107 71.49197566050737862
  22.58971165953950333 70.04740726807239071
  21.88414075574647555 69.95130548639043866
  17.00190676182725369 69.28632428764547058
  14.99138312778093685 68.67368250727274415
  10.51767886906146998 64.66753173428125478
  9.12354710928611112 63.36077500285392006
  7.72941534951075404 62.05401827142659243
  5.37635805287810964 62.44336611668870063
  3.02330075624546479 62.83271396195080172
  2.58564392844902136 66.83968958816795691
  2.14798710065257836 70.84666521438512632
  5.10511367530164062 76.26156829968483919
  8.14308456269463754 81.82450837543972000
  7.76714606559021270 82.25159694891277695
  2.63376539081931238 84.12592564103574944
  2.52283918911067140 86.92984492844361455
  2.41191298740203131 89.73376421585149387
  2.30098678569339032 92.53768350325937320
  2.16354694931956626 94.43709079337799039
  2.02610711294574219 96.33649808349659338
  3.47376530125991279 97.04826900788530963
  5.39446995070726310 95.83947041272723766
  11.69063491389010068 92.98270329810723922
  13.45664679882514569 96.75916185109534240
  15.75298282060115440 95.82165808959811670
  16.18800741681296884 95.38761769992696316
  16.62303201302478328 94.95357731025582382
  17.82925669604072283 93.62378399774324578
  19.03548137905665882 92.29399068523066774
  23.18581223245137579 94.06574755152330169
  26.86523469173774714 92.82353595933049917
  27.63329425254807603 92.18679677131268591
  28.40135381335840137 91.55005758329487264
  29.95038827916540214 91.98757150424381734
  31.49942274497241002 92.42508542519276205
  32.31004108247564233 93.41280067825898925
  33.12065941997886398 94.40051593132518803
  35.15747737811885543 97.80124494814555192
  40.36168640551398568 94.03028728339877773
  45.56589543290900934 90.25932961865201776
  48.15504872381015389 90.37946513848672225
  49.50145065160143787 90.44193756762852843
  50.80534283845103261 90.50243756437596687
  52.10923502530079077 90.56293756112366111
  51.48680033092483654 92.91989213784340507
  50.86436563654901022 95.27684671456364640
  50.25248813781665547 97.59382467877520639
  52.07987562012183247 97.63157416896471830
  53.90726310242700237 97.66932365915424441
  56.10795281264653056 96.49414098014187857
  58.30864252286605875 95.31895830112952694
  61.09196193842350908 95.93221296884911453
  65.67827559846533347 96.94272518096738622
  66.98419001156756281 96.27337286551373552
  68.59462511500574067 95.02564117983554581
  72.24845510711512020 96.64631716510866966
  74.94201512996565384 97.84106023015353060
  76.43520480164661990 94.68060569947698468
  77.21321508994216742 93.03388513397200654
  79.24614515520454461 91.44809339340645238
  81.27907522046692179 89.86230165284089821
  82.76059512822776298 90.09129431341477812
  87.40797969609904783 93.85347336958038511
  88.69731454316301722 94.89420758152999724
  91.66286394967619344 95.21539847906312559
  94.62841335618936967 95.53658937659625394
  92.27760820347559445 91.89038369722509003
  90.41324125983973659 88.99866579773441799
  86.44368137971648025 85.78797824925881343
  84.15288046298408631 83.93511642036595788
  81.86207954625137972 82.08225459147294600
  79.29122606722383182 81.61820984557922998
  76.48379148146719331 81.23085547738656942
  75.63587824454005215 81.11386508072403956
  76.38740177985691560 79.44984815983075066
  77.76131981482276956 76.40773075999891262
  78.13866381244189085 76.13729163106822284
  79.12394302760235121 75.43115023085884729
  79.12800180145393369 75.12932356297990566
  79.14877716076553327 73.58446127471225395
  79.16955340290726895 72.03959786418964484
  79.19032997999713075 70.49473426637698026
  82.02500942311343124 72.18487796324701833
  84.85968888009985278 73.87502164869496823
  85.08227200246994926 74.00773418987850505
  88.05715411556901984 75.64134794216626290
  91.03203373545184718 77.27495166644084179
  94.00691412501633693 78.90854902958540151
  96.98179690783031504 80.54214479375892211
  96.70024069399613609 77.97849084005211751
  96.31139186583651224 74.43788386314028571
  96.10026926552026794 72.51552948896981832
  95.46307386471400491 71.81479020897168652
  93.00616172078848365 69.11286526367418048
  90.54924959581350663 66.41094048332072930
  94.52302425494386284 59.29278040321838006
  88.74012392399927762 57.88252626054840988
  84.55421298137937924 60.35939149467068887
  83.50240442525219464 60.72981335115416357
  82.45059586910358007 61.10023520763049021
  81.78529004208398590 60.10359357918634515
  81.38087371632769873 59.49776971736426390
  77.70596011901837130 57.35415975176993442
  77.13961483086339399 57.02380548026683016
  76.66638858790551581 54.48598337926650714
  78.72617834012307014 53.14168545566324298
  77.90099760622211988 50.84822282759810719
  75.97012933912145627 49.38089916418577729
  74.03926107216305752 47.91357550068043736
  72.10839280525831896 46.44625183720447126
  70.23679190760080360 45.76016468561838479
  68.11785972750217866 44.14000710003737993
  62.80646648052800174 40.07886057542900460
  59.73840920645201891 37.25160639128539231
  57.41285429853071065 36.63229936286160893
  57.25880752999687218 36.59127595202180316
  57.17430527956361885 35.17610259395739547
  57.08980304406800599 33.76092923570028148
  57.00530081090533230 32.34575586970549210
  60.02973174676186829 28.32835367698172746
  53.91001179738141502 22.29561513312831167
  49.56245701811728566 21.94578630382384432
  48.54581019882664350 22.19363485533326852
  46.86353728033784449 23.48177205763093056
  46.25921632855660448 23.56706031612324992
  44.00243841579883508 22.82533211761759162
  41.74566050304105858 22.08360391911193688
  39.48888259028327496 21.34187572060628213
  38.65578413017532711 19.82723954024917035
  37.82268567006738635 18.31260335989205856
  40.98973972656308717 17.56668863342788001
  44.38848153114959416 15.61934492626214954
  49.05331769903771288 15.71557805049334711
  51.40422820589354558 15.76407610159748884
  54.88553790153675749 15.83589369526440294
  58.36684759717997650 15.90771128893131348
  62.88386665318618896 17.71550815578865468
  66.30403249485348738 16.56281373920221611
  67.67773764883672527 16.09983552868930801
  74.44377840850268058 15.48588262528275017
  77.99625422828238186 15.16352972773043994
  78.04599750816569781 15.94943275040682806
  78.08239843006992942 17.26034812214894743
  78.11879935197417524 18.57126349389106679
  78.15520027387840685 19.88217886563318615
  78.21172467278715601 21.91780597427926836
  80.78104287757008706 24.07435619443614883
  79.79949480839196951 27.55342678364598186
  79.20857490439627213 29.50700014708858632
  78.61765500040058896 31.46057351053118367
  74.81948318537273224 33.22058142564364402
  74.58772354140045024 35.14307820200038179
  74.35596389742815404 37.06557497835713377
  74.12420425345585784 38.98807175471387154
  76.00952482820933653 39.19344964097464867
  79.30339031811597295 38.69843644849350284
  79.52715036254501513 38.99142163874661549
  80.01749727253962874 39.63346826991068639
  80.46448600517568650 42.54432786468210281
  81.92342810746430359 44.76612946061312215
  83.25119138106285277 44.43311155377187305
  84.96359342897176248 44.00362193238797204
  86.79488796863579125 45.05123710608446430
  87.76593930892131823 46.70878059256293113
  90.11121744099872899 46.49364256854329369
  91.28399438648516195 45.51094423561062285
  92.45677133197160913 44.52824590267795912
  93.50542099397385698 43.93910638960460346
  94.55407065597610483 43.34996687653124781
  94.41933449758001018 42.08704850697147748
  94.28459833918394395 40.82413013741171426
  94.12945073508865335 39.06072030267316109
  87.01687762907545221 31.71814096315190312
  87.96051166991485104 29.15430526565361902
  88.90414571075424988 26.59046956815532781
  95.24323470271816916 24.86645116906082364
  97.43482597646024601 24.27041226125938422
  97.59632208361334449 23.54877106865203018
  96.77828525727616693 21.00966090010368603
  95.96024843093897516 18.47055073155533833
  95.96024843093897516 18.47055073155531701
  93.31568054624791841 18.63774479744780166
  90.67111266155687588 18.80493886334028630
  88.76860828932915126 17.40461029522433023
  89.37362838891024808 15.59157724922997978
  89.97864848849135910 13.77854420323562579
  90.58366858807247013 11.96551115724127712
  93.65978954484343433 9.83878500557946722
  97.65062010594823505 7.07965952240534868
  97.34652909400534782 5.90164447778730139
  94.93122391583075625 4.36115228204693661
  93.09699831514306823 3.79898221221842380
  88.79122589548494204 2.47931009504951438
  77.66303040122055279 7.92629978337778685
  75.37860910653941460 7.45021949209857492
  73.59504782780604160 7.07851993948073588
  71.81148654915044460 6.70682038684794168
  70.02792527050947058 6.33512083421569372
  68.63260020396820948 6.51930021049965713
  65.16642577627239064 4.49152881487575328
  61.70025134857706917 2.46375741925179836
  60.69511288084120793 3.35221218690413902
  58.18629807534426135 5.56978573189193149
  55.48037127016863224 3.28900389840529295
  54.76923624560880910 3.31783423526742416
  52.75898716824535484 3.39933234192171696
  49.45055734745450593 2.34316779254107788
  49.34454976701135820 2.61873726281577923
  49.27488650286060334 5.37938962284566458
  48.05695468675731519 6.97399276103829457
  42.27549446732895433 5.41718523646232608
  38.42669032983367572 7.63425399135385074
  36.44230700299419823 5.95861628798665688
  32.75073655038437437 2.84140876494144834
  26.89234499622606478 4.91313943642290951
  24.71835599517116577 3.90340796107025056
  22.54436699422204526 2.89367648575437952
  21.05902983318717858 2.53870566597260305
  19.57369266658218265 2.18373484575586296
  17.56240991888019565 2.34239601431840638
  13.82022194443641006 2.63760045383462360
  12.20590297678778668 2.76494660286616645
  10.59147908201484078 2.89230072174372177
  8.97705513740090844 3.01965449527222507
  6.63743200271479417 3.20421527544631424
  4.29255894629506241 3.38919001183537638
  1.94768591687022186 3.57416470107154449
  3.19555935608995112 6.14319560674879739
  4.44343279529395030 8.71222650926124764
  3.50002677120570560 10.70459751353446443
  2.55662073237877463 12.69696858370783055
  2.56361169158092705 15.91922888501871114
  2.57060207039813982 19.14148719997465520
  3.87995309479171668 21.20062258415173062
  3.58429661480574513 24.00495656516600107
  3.27845821379716851 26.88949229276733277
  3.23063649796959762 27.31888529166452173
  3.18124422615666758 27.74751103304966904
  2.90648742013899142 30.12185492480709215
