Number of disks = 492
Depot = yes (node 493)
Tour length = 69.89562036447425442
Tour sequence = 493 37 466 381 390 397 410 389 396 367 380 395 458 459 464 469 467 468 470 471 472 473 474 490 491 492 315 425 394 426 38 489 487 486 484 360 481 475 478 479 477 476 480 436 440 439 438 435 482 437 434 433 432 443 444 445 446 447 448 449 450 451 452 427 441 454 455 485 488 429 420 400 483 372 383 393 453 413 382 412 411 373 359 345 332 320 414 305 377 415 364 288 289 290 337 326 313 308 292 321 293 294 295 358 374 355 339 311 312 314 301 300 287 274 273 269 238 124 231 204 198 194 203 187 191 392 399 365 353 346 327 319 268 176 338 182 195 164 157 156 163 196 197 239 189 200 208 215 209 224 331 306 20 108 265 234 223 150 236 173 144 192 110 158 179 178 117 123 140 334 190 167 152 177 111 213 225 142 361 371 347 116 404 186 378 385 407 406 405 199 403 402 401 386 379 366 354 343 330 318 302 307 328 291 352 416 417 418 419 409 387 375 362 350 335 286 310 299 323 285 284 283 282 281 280 279 278 233 252 227 226 232 237 256 257 258 259 260 261 262 263 264 253 228 251 250 249 248 247 246 245 244 243 241 254 255 272 303 317 329 342 356 357 25 316 324 297 351 370 369 368 333 341 344 325 296 275 24 235 217 214 221 229 242 465 340 276 304 384 271 348 398 391 422 421 428 456 461 463 267 462 460 457 442 430 431 424 423 408 388 376 363 349 336 322 309 298 277 270 266 240 230 222 210 205 207 211 216 212 218 219 220 206 147 201 183 168 181 171 155 133 129 141 137 139 143 149 202 146 145 135 136 134 132 130 126 122 119 114 113 109 101 94 98 105 106 120 125 121 127 138 148 154 160 162 169 170 79 180 174 82 103 102 193 185 188 184 92 165 166 161 159 91 107 151 115 93 68 131 96 87 70 175 100 71 104 90 153 78 118 65 72 172 73 81 86 75 97 67 99 61 88 59 12 89 60 112 74 95 128 62 57 19 66 76 3 77 69 58 80 63 52 15 13 85 49 1 31 8 84 22 14 83 36 16 64 44 53 50 17 42 55 18 54 26 41 56 11 33 21 27 28 10 7 46 45 48 30 43 29 23 9 40 47 6 5 51 32 39 34 4 35 2
Tour visit points:
  0.00000000000000000 0.00000000000000000
  10.08638035915143583 5.56509468849187261
  18.29442509392185556 10.09381530856889242
  18.68677227512772276 10.31027468134128355
  19.07911587310234225 10.52671683328641983
  19.47145538374215334 10.74314117390018986
  19.86379030310519056 10.95954711315958541
  20.25612012742921308 11.17593406154123592
  20.64844435314981652 11.39230143003997853
  21.04076247691856238 11.60864863018744941
  21.43307399562111826 11.82497507407071602
  21.82537840639539439 12.04128017435094655
  22.21767520664969453 12.25756334428209904
  22.60996389408085605 12.47382399772966544
  23.00224396669242921 12.69006154918942997
  23.39451492281282086 12.90627541380628251
  23.78677626111348786 13.12246500739305688
  24.17902748062711282 13.33862974644940458
  24.57126808076579394 13.55476904818071837
  24.96349756133925979 13.77088233051708954
  25.35571542257303790 13.98696901213229893
  25.74792116512671569 14.20302851246284170
  26.14011429011213750 14.41906025172700723
  26.53229429911166903 14.63506365094400152
  26.92446069419640153 14.85103813195308931
  27.31661297794446241 15.06698311743278396
  27.31328216119727514 15.08571494696878190
  27.30993683842181596 15.10441812084304658
  27.30657681303176787 15.12309306020629762
  27.30320188894680200 15.14174018700661684
  27.29981187059238934 15.16035992397906895
  27.29640656289956624 15.17895269463537744
  27.29298577130477099 15.19751892325363407
  27.28954930174964133 15.21605903486804223
  27.28609696068087587 15.23457345525871709
  27.28262855505006712 15.25306261094149640
  27.27914389231359849 15.27152692915782062
  27.27564278043252699 15.28996683786464139
  27.27212502787248383 15.30838276572435852
  27.26859044360359974 15.32677514209481551
  27.26503883710046594 15.34514439701931465
  27.26147001834209860 15.36349096121668012
  27.25788379781190685 15.38181526607136362
  27.25427998649769989 15.40011774362357144
  27.25065839589174388 15.41839882655944827
  27.24701883799076896 15.43665894820128059
  27.24336112529606524 15.45489854249774808
  27.23968507081357515 15.47311804401420332
  27.23599048805400358 15.49131788792299780
  27.23227719103294930 15.50949850999383450
  27.22854499427108266 15.52766034658415428
  27.22479371279432669 15.54580383462957016
  27.22102316213406681 15.56392941163431232
  27.21723315832738521 15.58203751566172812
  27.21342351791733805 15.60012858532481594
  27.20959405795322539 15.61820305977677137
  27.20574459599092876 15.63626137870159205
  27.20187495009323442 15.65430398230468434
  27.19798493883019930 15.67233131130353740
  27.19407438127957732 15.69034380691840802
  27.19014309702721022 15.70834191086301779
  27.18619090616750356 15.72632606533533028
  27.18221762930390284 15.74429671300830158
  27.17822308754939442 15.76225429702070890
  27.17420710252706684 15.78019926096797398
  27.17016949637067214 15.79813204889303080
  27.16611009172519786 15.81605310527720931
  27.16202871174756694 15.83396287503116717
  27.15792518010722389 15.85186180348582141
  27.15379932098688442 15.86975033638333521
  27.14965095908321402 15.88762891986809755
  27.14547991960763795 15.90549800047774909
  27.14128602828707315 15.92335802513423637
  27.13706911136478439 15.94120944113487504
  27.13282899560122630 15.95905269614343602
  27.12856550827493152 15.97688823818127624
  27.12427847718342022 15.99471651561846031
  27.11996773064417354 16.01253797716492144
  27.11563309749559636 16.03035307186164715
  27.11127440709804404 16.04816224907187561
  27.10689148933488468 16.06596595847230802
  27.10248417461357207 16.08376465004435829
  27.09805229386677894 16.10155877406539560
  27.09359567855355166 16.11934878110002245
  27.08911416066050393 16.13713512199136701
  27.08460757270301755 16.15491824785237540
  27.08007574772655346 16.17269861005716081
  27.07551851930789510 16.19047666023230647
  27.07093572155650918 16.20825285024823970
  27.06632718911592761 16.22602763221057742
  27.06169275716512246 16.24380145845153578
  27.05703226141995899 16.26157478152126856
  27.05234553813465226 16.27934805417931230
  27.04763242410332680 16.29712172938597448
  27.04289275666150516 16.31489626029375728
  27.03812637368772798 16.33267210023878491
  27.03333311360518465 16.35044970273225218
  27.02851281538332984 16.36822952145186605
  27.02366531853961718 16.38601201023329423
  27.01879046314120814 16.40379762306162448
  27.01388808980673772 16.42158681406284515
  27.00895803970814768 16.43938003749528320
  27.00400015457249125 16.45717774774112385
  26.99901427668383036 16.47498039929784142
  26.99400024888513983 16.49278844676972255
  26.98895791458027560 16.51060234485931133
  26.98388711773595361 16.52842254835891822
  26.97878770288377481 16.54624951214210071
  26.97365951512229643 16.56408369115512613
  26.96850240011910671 16.58192554040848421
  26.96331620411300278 16.59977551496834991
  26.95810077391613291 16.61763406994806758
  26.95285595691621694 16.63550166049962087
  26.94758160107878453 16.65337874180509914
  26.94227755494948084 16.67126576906818869
  26.93694366765636516 16.68916319750558941
  26.93157978891228765 16.70707148233853090
  26.92618576901726968 16.72499107878412872
  26.92076145886094096 16.74292244204689695
  26.91530670992494478 16.76086602731033182
  26.90982137428570553 16.77882228972756806
  26.90430530461650704 16.79679168441409232
  26.89875835418995464 16.81477466643953278
  26.89318037688336460 16.83277169081100766
  26.88757122717412784 16.85078321248543887
  26.88193076014848870 16.86880968634334366
  26.87625883152533746 16.88685156712015001
  26.87055529756637640 16.90490930966182148
  26.86482001523284424 16.92298336847667173
  26.85905284223610678 16.94107419759016864
  26.85325363609204885 16.95918225324491146
  26.84742225658567705 16.97730798686167830
  26.84155856373347149 16.99545185085829857
  26.83566241064013269 17.01361431904904009
  26.82973367471216974 17.03179579750354478
  26.82377220605355816 17.04999677192114405
  26.81777781050439557 17.06821785606925701
  26.81175057039635234 17.08645887574774136
  26.80569001628451886 17.10472123422590229
  26.79959580497385119 17.12300597587077178
  26.79347014840188734 17.14130684948454331
  26.78730728764347546 17.15964036966922990
  26.78111079885597690 17.17799639236397269
  26.77489959801483010 17.19632096541625899
  26.76859947637571224 17.21482609829893917
  26.76232177171611681 17.23319388858089596
  26.75613813671471775 17.25121977165511566
  26.74925507871618180 17.27117003481265201
  26.74356383632334300 17.28764338348024765
  26.73783733671390195 17.30414439360359324
  26.73185268023554784 17.32130990058417552
  26.72560965995544890 17.33914005659795876
  26.71922013696831755 17.35731610694112703
  26.71279611278812993 17.37551918711743681
  26.70899599585025541 17.38621593890378492
  26.70516104038198435 17.39693991618326407
  26.70129121264922034 17.40769111141104375
  26.69738651897432646 17.41846948588746358
  26.69344698649317138 17.42927498483461335
  26.68947265289662951 17.44010754543399244
  26.68546356124364394 17.45096710089084624
  26.68141975743873573 17.46185358241110919
  26.67734128904248792 17.47276692013392108
  26.67322820472496403 17.48370704356051775
  26.66908055402005218 17.49467388174727134
  26.66489838721713923 17.50566736339121121
  26.66068175531391660 17.51668741686753705
  26.65643070999592368 17.52773397024629176
  26.65214530362744938 17.53880695130001754
  26.64782558924716227 17.54990628750777404
  26.64347162056571250 17.56103190605753284
  26.63908345196411176 17.57218373384803201
  26.63466113849239036 17.58336169749031441
  26.63020473586839998 17.59456572330920565
  26.62571430047668741 17.60579573734469605
  26.62118988936736486 17.61705166535330847
  26.61663156025504406 17.62833343280944476
  26.61203937151775278 17.63964096490668609
  26.60741338219587959 17.65097418655906480
  26.60275365199114717 17.66233302240233982
  26.59806024126560331 17.67371739679521170
  26.59333321104062975 17.68512723382054475
  26.58857262299593316 17.69656245728652522
  26.58377853946861791 17.70802299072784791
  26.57895102345221972 17.71950875740680686
  26.57409013859577129 17.73101968031444287
  26.56919594920291416 17.74255568217159862
  26.56426852023096075 17.75411668543000232
  26.55930791729003815 17.76570261227328018
  26.55431420664218578 17.77731338461799737
  26.54928745520052757 17.78894892411462436
  26.54422773052841933 17.80060915214853168
  26.53913510083857830 17.81229398984092427
  26.53400963499231935 17.82400335804978653
  26.52885140249869167 17.83573717737076336
  26.52366047351372202 17.84749536813806969
  26.51843691883959409 17.85927785042535376
  26.51318080992387038 17.87108454404653557
  26.50789221885873914 17.88291536855664887
  26.50257121838025398 17.89477024325264409
  26.49721788186755589 17.90664908717416992
  26.49183228334215201 17.91855181910435846
  26.48641449746716958 17.93047835757058905
  26.48096459954660986 17.94242862084519885
  26.47548266552465179 17.95440252694622885
  26.46996877198492015 17.96639999363812024
  26.46442299614975369 17.97842093843238587
  26.45884541587953009 17.99046527858832079
  26.45323610967193417 18.00253293111361330
  26.44759515666126504 18.01462381276502001
  26.44192263661775044 18.02673784004898039
  26.43621862994682559 18.03887492922222435
  26.43048321768846165 18.05103499629237973
  26.42471648151647301 18.06321795701855137
  26.41891850373781736 18.07542372691190025
  26.41308936729191359 18.08765222123618344
  26.40722915574995611 18.09990335500832614
  26.40133795331421851 18.11217704299893683
  26.39541584481736436 18.12447319973283300
  26.38946291572176150 18.13679173948956347
  26.38347925211878220 18.14913257630388443
  26.37746494072811032 18.16149562396627459
  26.37142006889704859 18.17388079602340056
  26.36534472459980449 18.18628800577858584
  26.35923899643679746 18.19871716629227620
  26.35310297363393417 18.21116819038247669
  26.34693674604192282 18.22364099062521348
  26.34074040413550932 18.23613547935495660
  26.33451403901280585 18.24865156866503213
  26.32825774239450567 18.26118917040807332
  26.32197160662318325 18.27374819619638657
  26.31565572466252689 18.28632855740239549
  26.30931019009659977 18.29893016515900328
  26.30293509712906541 18.31155293036001552
  26.29653054058241679 18.32419676366048478
  26.29009661589722668 18.33686157547713336
  26.28363341913131634 18.34954727598869439
  26.27714104695897035 18.36225377513628487
  26.27061959667014790 18.37498098262378932
  26.26406916616964438 18.38772880791818665
  26.25748985397625646 18.40049716024993742
  26.25088175922195077 18.41328594861331780
  26.24424498165099706 18.42609508176677480
  26.23757962161910129 18.43892446823327091
  26.23088578009252458 18.45177401630062519
  26.22416355864719506 18.46464363402185782
  26.21741305946779477 18.47753322921553121
  26.21063438534682533 18.49044270946608037
  26.20382763968367001 18.50337198212416112
  26.19699292648366651 18.51632095430698044
  26.19013035035709080 18.52928953289862335
  26.18324001651820865 18.54227762455039397
  26.17632203078425590 18.55528513568116367
  26.16937649957442247 18.56831197247768728
  26.16240352990882201 18.58135804089494059
  26.15540322940741191 18.59442324665647561
  26.14837570628894170 18.60750749525473324
  26.14132106936987299 18.62061069195140206
  26.13423942806323552 18.63373274177775230
  26.12713089237751518 18.64687354953498044
  26.11999557291550644 18.66003301979455031
  26.11283358087313999 18.67321105689855898
  26.10564502803827480 18.68640756496006361
  26.09843002678952928 18.69962244786345096
  26.09118869009500230 18.71285560926479619
  26.08392113151104397 18.72610695259222169
  26.07662746518098729 18.73937638104626302
  26.06930780583383012 18.75266379760024549
  26.06196226878292421 18.76596910500064297
  26.05459096992462165 18.77929220576748648
  26.04719402573694964 18.79263300219471944
  26.03977155327815751 18.80599139635060624
  26.03232367018535953 18.81936729007811948
  26.02485049467305700 18.83276058499535210
  26.01735214553171005 18.84617118249590817
  26.00982874212622420 18.85959898374933275
  26.00228040439446886 18.87304388970153468
  25.99470725284569639 18.88650580107520582
  25.98710940855902862 18.89998461837024735
  25.97948699318182975 18.91348024186423160
  25.97184012892812888 18.92699257161283555
  25.96416893857694319 18.94052150745030616
  25.95647354547064012 18.95406694898992583
  25.94875407351323204 18.96762879562447779
  25.94101064716866745 18.98120694652673279
  25.93324339145905455 18.99480130064993588
  25.92545243196291338 19.00841175672831795
  25.91763789481337454 19.02203821327757893
  25.90979990669633182 19.03568056859542068
  25.90193859484860539 19.04933872076206924
  25.89405408705601630 19.06301256764080776
  25.88614651165152480 19.07670200687852713
  25.87821599751323731 19.09040693590627669
  25.87026267406246660 19.10412725193981132
  25.86228667126171743 19.11786285198020607
  25.85428811961265083 19.13161363281439620
  25.84626715015403420 19.14537949101580239
  25.83822389445964163 19.15916032294493121
  25.83015848463615072 19.17295602474996841
  25.82207105332096830 19.18676649236744325
  25.81396173368007396 19.20059162152283605
  25.80583065940579601 19.21443130773124608
  25.79767796471457686 19.22828544629803460
  25.78950378434470281 19.24215393231951410
  25.78130825355400901 19.25603666068362685
  25.77309150811754179 19.26993352607063059
  25.76485368432521028 19.28384442295381618
  25.75659491897935993 19.29776924560022167
  25.74831534939238153 19.31170788807136063
  25.74001511338425985 19.32566024422397533
  25.73169434928007604 19.33962620771077567
  25.72335319590747460 19.35360567198121728
  25.71499179259415513 19.36759853028227596
  25.70661027916526820 19.38160467565924705
  25.69820879594080765 19.39562400095653771
  25.68978748373297805 19.40965639881849469
  25.68134648384350882 19.42370176169023210
  25.67288593806097907 19.43775998181846987
  25.66440598865805711 19.45183095125238992
  25.65590677838874001 19.46591456184450664
  25.64738845048556470 19.48001070525155143
  25.63885114865676940 19.49411927293535385
  25.63029501708345137 19.50824015616376528
  25.62172020041664311 19.52237324601156132
  25.61312684377444171 19.53651843336139748
  25.60451509273899973 19.55067560890473288
  25.59588509335356932 19.56484466314281434
  25.58723699211949665 19.57902548638762141
  25.57857093599314169 19.59321796876287536
  25.56988707238282998 19.60742200020503390
  25.56118554914574403 19.62163747046429307
  25.55246651458474716 19.63586426910562466
  25.54373011744525712 19.65010228550981353
  25.53497650691201670 19.66435140887451993
  25.52620583260588205 19.67861152821532755
  25.51741824458052577 19.69288253236683062
  25.50861389331918616 19.70716430998372815
  25.49979292973130640 19.72145674954194305
  25.49095550514919140 19.73575973933972350
  25.48210177132464693 19.75007316749877972
  25.47323188042552999 19.76439692196544229
  25.46434598503232039 19.77873089051180955
  25.45544423813464974 19.79307496073692363
  25.44652679312778076 19.80742902006797124
  25.43759380380910073 19.82179295576145606
  25.42864542437452258 19.83616665490443864
  25.41968180941492506 19.85055000441574791
  25.41070311391250769 19.86494289104722455
  25.40170949323716343 19.87934520138497163
  25.39270110314278028 19.89375682185062288
  25.38367809976352163 19.90817763870261459
  25.37464063961013139 19.92260753803749296
  25.36558887956612907 19.93704640579120024
  25.35652297688403323 19.95149412774039988
  25.34744308918155653 19.96595058950380874
  25.33834937443771196 19.98041567654352946
  25.32924199098899365 19.99488927416642170
  25.32012109752542983 20.00937126752545936
  25.31098685308667839 20.02386154162110543
  25.30183941705805850 20.03835998130271889
  25.29267894916657156 20.05286647126995092
  25.28350560947689729 20.06738089607415887
  25.27431955838733657 20.08190314011985222
  25.26512095662578261 20.09643308766610303
  25.25590996524561405 20.11097062282803805
  25.24668674562157022 20.12551562957827045
  25.23745145944565849 20.14006799174839202
  25.22820426872293709 20.15462759303046880
  25.21894533576736563 20.16919431697851905
  25.20967482319759512 20.18376804701004801
  25.20039289393271176 20.19834866640755422
  25.19109971118798086 20.21293605832007501
  25.18179543847059421 20.22753010576472832
  25.17248023957533576 20.24213069162825818
  25.16315427858026155 20.25673769866862628
  25.15381771984235115 20.27135100951656099
  25.14447072799314142 20.28597050667716317
  25.13511346793432466 20.30059607253151555
  25.12574610483333259 20.31522758933825656
  25.11636880411891326 20.32986493923523597
  25.10698173147664747 20.34450800424112415
  25.09758505284450081 20.35915666625707132
  25.08817893440829394 20.37381080706832748
  25.07876354259721197 20.38847030834592999
  25.06933904407924274 20.40313505164835206
  25.05990560575663650 20.41780491842320444
  25.05046339476132644 20.43247979000889103
  25.04101257845033146 20.44715954763633903
  25.03155332440112701 20.46184407243067582
  25.02208580040704788 20.47653324541296271
  25.01261017447261281 20.49122694750191798
  25.00312661480885978 20.50592505951563638
  24.99363528982869198 20.52062746217333356
  24.98413636814212779 20.53533403609710106
  24.97463001855163256 20.55004466181366141
  24.96511641004736148 20.56475921975612309
  24.95559571180243807 20.57947759026576406
  24.69359909513627116 20.57690254321179779
  24.43159822444273033 20.57432978378998811
  24.16959451770653544 20.57175854946853022
  23.90758939294902063 20.56918807769724822
  23.64558426819150228 20.56661760592596622
  23.64558426819150228 20.56661760592596622
  23.64558426819150228 20.56661760592596622
  23.64558426819150228 20.56661760592596622
  23.64558426819150228 20.56661760592596622
  23.64558239054341016 20.56661597277239650
  23.55834668219607053 20.49073950320370585
  23.47111097384873446 20.41486303363501520
  23.38387526550139839 20.33898656406632455
  23.29663955715406587 20.26311009449763034
  23.20940384880673335 20.18723362492893614
  23.12216814045940438 20.11135715536023838
  23.03493243211207542 20.03548068579153707
  22.94769672376474645 19.95960421622283576
  22.86046101541742459 19.88372774665413445
  22.77322530707009918 19.80785127708542603
  22.68598959872277732 19.73197480751672117
  22.59875389037545901 19.65609833794801276
  22.51151818202814070 19.58022186837930079
  22.42428247368082594 19.50434539881059237
  22.33704676533351119 19.42846892924187685
  22.24981105698619999 19.35259245967316133
  22.16257534863888878 19.27671599010444581
  22.07533964029157758 19.20083952053572673
  21.91724373733775266 19.06332978746108964
  21.75914783438393130 18.92582005438645609
  21.60105193143010993 18.78831032131181900
  21.44295602847629212 18.65080058823717835
  21.28486012552247431 18.51329085516253770
  21.12676422256865649 18.37578112208789705
  20.96866831961484223 18.23827138901325640
  20.81057241666102797 18.10076165593861219
  20.65247651370721726 17.96325192286396444
  20.49438061075340656 17.82574218978932024
  20.32471531781688512 17.67816955376376953
  20.15505002488036368 17.53059691773822237
  19.96406948683477722 17.36448456239923033
  19.77308894878919077 17.19837220706023828
  19.58210841074360431 17.03225985172124979
  19.39112787269802496 16.86614749638226129
  19.20014733465244205 16.70003514104327280
  19.00916679660686270 16.53392278570428431
  18.81818625856128335 16.36781043036529582
  18.62720572051570755 16.20169807502630377
  18.43622518247013176 16.03558571968731172
  18.24524464442456306 15.86947336434831968
  18.05426410637899082 15.70336100900932408
  17.86328356833342212 15.53724865367032848
  17.67230303028785343 15.37113629833133110
  17.48132249224228829 15.20502394299233195
  17.29034195419672670 15.03891158765332925
  17.09936141615116512 14.87279923231432655
  16.90272709173006405 14.70176928808885286
  16.70609276730896653 14.53073934386337740
  16.50945844288786901 14.35970939963790016
  16.31282411846677505 14.18867945541242115
  16.11618979404568108 14.01764951118694036
  15.91955546962458889 13.84661956696145779
  15.72292114520350026 13.67558962273597345
  15.52628682078241162 13.50455967851048555
  15.32965249636132476 13.33352973428499944
  15.13301817194024146 13.16249979005950799
  14.93281322052391680 12.98836416152562379
  14.73260826910759569 12.81422853299173958
  14.53240331769127458 12.64009290445785183
  14.33219836627495702 12.46595727592396230
  14.13199341485863769 12.29182164739007099
  13.93178846344232191 12.11768601885617791
  13.73158351202600969 11.94355039032228483
  13.53137856060969568 11.76941476178838997
  13.33117360919338523 11.59527913325449511
  13.13096865777707833 11.42114350472059670
  12.93076370636076966 11.24700787618670006
  12.73055875494446454 11.07287224765280165
  12.53035380352816297 10.89873661911890323
  12.33014885211186140 10.72460099058500482
  12.12994390069556161 10.55046536205110463
  11.92973894927926182 10.37632973351720445
  11.72953399786296380 10.20219410498330070
  11.52932904644666579 10.02805847644939874
  11.32912409503036777 9.85392284791549500
  11.12891914361407153 9.67978721938159126
  10.92871419219777529 9.50565159084768752
  10.71278350998804108 9.31783792889603291
  10.49685282777830864 9.13002426694437830
  10.28092214556857620 8.94221060499272369
  10.06499146335884376 8.75439694304106730
  9.84906078114911310 8.56658328108940914
  9.63313009893938421 8.37876961913775276
  9.37367046504992096 8.15309504861939516
  9.11421083116045772 7.92742047810103490
  6.74667639833507682 5.86817022669999666
