Number of disks = 99
Depot = yes (node 100)
Tour length = 58.54123290091339982
Tour sequence = 100 59 85 87 47 30 48 2 4 28 12 95 21 33 55 56 15 25 35 86 26 20 9 19 83 82 45 14 6 62 99 10 92 18 76 24 53 13 66 31 72 7 57 38 73 34 84 75 90 69 79 36 70 8 58 17 29 32 22 91 80 97 98 39 94 42 49 67 89 43 63 88 64 74 23 81 1 52 50 46 93 41 11 61 78 71 44 60 16 3 40 68 54 77 65 27 51 5 96 37
Tour visit points:
  2.77999999999999980 1.64999999999999991
  3.70450986514886127 2.70496835609400321
  4.62902050581775626 3.75993677391236103
  5.55353230540910925 4.81490528397063322
  6.47804564299227259 5.86987391643971002
  7.02762560032840877 6.49700158113589588
  7.57720823479119687 7.12413020613627257
  8.12679410307076822 7.75126020516803749
  8.67638375121281769 8.37839198694005738
  9.22597771311563264 9.00552595400972145
  9.41832640330195581 9.02222911801990080
  9.61067907872021365 9.03893480521152348
  9.80303555877908117 9.05564317342640379
  9.99539565270876906 9.07235437253573274
  10.18775916012493177 9.08906854404136588
  10.38012587161803069 9.10578582070172615
  10.57249556936644552 9.12250632618333590
  10.76486802777153251 9.13923017473888244
  10.95724301411279811 9.15595747091265011
  11.14962028922126613 9.17268830927404011
  11.34199960816913766 9.18942277417989395
  11.53438072097370970 9.20616093956617298
  11.72676337331358454 9.22290286876948251
  11.91914730725512861 9.23964861437874418
  12.11153226198726784 9.25639821811681252
  12.30391797456302605 9.27315171075050770
  12.49630418064722370 9.28990911202400049
  12.68869061527198028 9.30667043060223875
  12.88107701360657664 9.32343566399413426
  13.07346311175711939 9.34020479839365869
  13.26584864762640237 9.35697780832441772
  13.45823336188683861 9.37375465589441070
  13.65061699914938131 9.39053528936191739
  14.63375092696792201 9.47629270125264789
  15.61688555860572514 9.56205366476736529
  16.60002170292515444 9.64781797499257543
  17.58316006491994443 9.73358532653107922
  18.56630119349502905 9.81935526786893931
  19.20183163219460809 9.87480125740352044
  19.83736411894445339 9.93024857044747655
  20.47289803099637595 9.98569616815738215
  21.10843254140435121 10.04114265939906403
  21.74396659381948638 10.09658623765371388
  22.37949887828137108 10.15202462317487253
  23.01502781143126342 10.20745501628489471
  23.65055152464089261 10.26287406798958557
  24.28606786313364907 10.31827787337362246
  24.92157439950457487 10.37366199394248412
  25.55706846900705642 10.42902152289184059
  26.05822162239248385 10.47265071381961477
  26.55936182816403957 10.51624692394549321
  27.06048872718912079 10.55980573446536397
  27.56160197922735122 10.60332278385484805
  27.97369751813243610 10.63906560323492201
  28.38580877362618438 10.67476275039117084
  28.79795004194127728 10.71041272345674322
  29.21013401479670790 10.74601578373292199
  29.14210654564052305 10.37189992969330810
  29.07411772257249893 9.99767145619344255
  29.00616488122842540 9.62329940174767806
  28.98198826487100987 9.48970954225467089
  28.95784258777497655 9.35615412929255186
  28.79218622839425734 9.30744364739760854
  28.64624160287495513 9.26454403892997647
  28.51619177437086350 9.22634690723513984
  28.39409984646512441 9.19053199978947966
  28.27202704974455116 9.15477353690052453
  27.72499650079606681 8.99457906768363458
  27.17794480718494299 8.83441665690856759
  26.63088620965600128 8.67428158176432440
  26.28154712619447153 8.57204571338994370
  25.93798693648044917 8.47151705324038140
  25.60221933565450669 8.37327771989534853
  25.27549590424807491 8.27768669748406793
  24.95825648851145928 8.18486542482242108
  24.65014967619017838 8.09470386716554380
  24.35011836960830678 8.00688562445376917
  24.05653889771478049 7.92092870552950323
  23.76739739084642977 7.83623721306437648
  23.48048478366447611 7.75215849025186543
  23.19359181299987327 7.66804027774959529
  23.03954830583477431 7.62282689815741676
  22.88549959863321703 7.57756341887122709
  22.30949497408362348 7.40826537430586463
  21.73002765546539905 7.23789316685234407
  21.46381732781643592 7.15946493859811106
  21.03275992686862139 7.03255866921865991
  20.43623688197089905 6.85699165799481225
  19.75354818929192291 6.65605440300301865
  19.04450899733695124 6.44731558919777381
  18.33947940381477437 6.23969373423283269
  17.64925311763150617 6.03636139132783711
  16.97492994930930621 5.83764458446619994
  16.31280705167126044 5.64245680572763941
  15.65677990728539903 5.44900289239904989
  15.00074386105941926 5.25548671659028965
  13.04360737823184024 4.67812714795753859
  11.08648292132365754 4.10073415068886060
  9.12938259002272368 3.52332034031081642
  5.95469129501136152 2.58666017015540817
