Number of disks = 317
Depot = yes (node 318)
Tour length = 765.96553449726627605
Tour sequence = 318 275 276 297 298 271 305 310 309 308 303 302 237 233 251 268 258 253 247 263 229 261 234 301 199 200 300 167 168 256 165 277 147 239 179 203 312 176 172 307 191 149 192 204 272 242 306 65 311 205 173 159 182 184 185 181 178 174 186 180 183 156 292 265 287 193 296 293 288 294 282 295 289 34 160 278 90 73 76 79 77 72 80 84 188 150 82 78 68 161 83 46 153 164 195 209 210 155 198 71 104 196 94 86 207 47 60 59 100 145 201 52 89 67 85 151 43 69 51 50 55 187 177 57 154 35 194 88 317 48 202 105 95 87 189 197 64 44 206 38 39 40 190 54 316 45 49 91 62 97 98 101 102 96 99 26 92 37 56 134 27 32 74 75 93 16 70 66 30 81 169 17 103 41 42 20 21 33 24 116 12 124 53 132 63 22 18 4 133 8 11 10 126 125 107 120 106 36 111 19 7 121 136 6 131 2 29 1 23 112 122 117 31 15 108 152 115 9 3 137 123 13 135 140 14 5 144 208 28 141 128 162 163 113 25 255 114 130 58 146 315 281 127 143 231 166 262 129 274 232 235 230 257 61 252 216 260 240 266 170 269 246 254 138 139 250 158 142 171 175 283 314 211 259 284 279 285 313 290 241 148 280 291 264 273 245 243 238 286 212 218 244 228 109 219 213 227 110 236 217 220 221 118 119 225 226 157 248 249 224 267 215 214 223 299 222 304 270
Tour visit points:
  169.30000000000001137 405.50000000000000000
  170.85585060159169757 400.21227046420301576
  172.41170409548507791 394.92452705664499035
  173.96756192576057742 389.63676285143060340
  175.52342553442611006 384.34897093265999501
  177.07929636089659198 379.06114439693891427
  178.63517584147149364 373.77327635589722377
  180.19106540881099932 368.48535993871581695
  180.74395812749048673 364.08408828321120154
  181.29687151049049021 359.68274798667630421
  181.84981083355464193 355.28132895717789097
  182.40278136119940200 350.87982113455785793
  182.95578834480213004 346.47821449403068073
  183.50883702068125558 342.07649904980434030
  183.93066615705095046 338.71940726949975442
  184.35254057185557031 335.36222620133344208
  184.77446203287581739 332.00496564633522212
  185.19643229010080177 328.64763542918234407
  185.61845307502147762 325.29024539439120645
  186.04052609991398981 321.93280540251561206
  186.46265305711258975 318.57532532634957079
  186.88483561827152357 315.21781504713084132
  187.30707543361529588 311.86028445074566662
  187.72937413117691108 308.50274342392953031
  188.15173331602375129 305.14520185046438883
  188.57415456947012444 301.78766960736811598
  188.99663944827605633 298.43015656107598943
  189.41918948383187171 295.07267256361006957
  189.84180618132751306 291.71522744873647071
  190.26449101890668203 288.35783102810677292
  190.68724544680429744 285.00049308738283571
  191.11007088646704233 281.64322338234188692
  191.53296872965668740 278.28603163496092066
  191.95594033753465624 274.92892752947767576
  192.37898703972786052 271.57192070842648945
  192.80211013337503800 268.21502076864720721
  193.11159275849038863 265.76042886041369684
  193.42115618051744264 263.30593702302678594
  193.73080254802391664 260.85154179105700223
  194.04053397160492977 258.39723966164979174
  194.35035252245472748 255.94302709653973693
  194.66026023091450270 253.48890052404669859
  194.97025908499497859 251.03485634105487634
  195.28035102887383800 248.58089091497654977
  195.59053796136689130 246.12700058570132455
  195.90082173437343727 243.67318166753230457
  196.21120415129425396 241.21943045111063952
  196.52168696542318571 238.76574320532901652
  196.83227187831161586 236.31211617923602830
  197.14296053810565468 233.85854560393127599
  197.45375453785658237 231.40502769445342324
  197.76465541380463264 228.95155865166097442
  198.07566464363605974 226.49813466410734009
  198.38678364471502391 224.04475190991044542
  198.69801377228975525 221.59140655861796176
  199.00935631767481482 219.13809477306827489
  199.32081250641004999 216.68481271124798582
  199.63238349639755143 214.23155652814654104
  199.94407037601803268 211.77832237760762268
  200.25587416222819570 209.32510641417852071
  200.56779579864098650 206.87190479495689033
  200.87983615359090095 204.41871368143523569
  201.19199601818604606 201.96552924134360296
  201.50427610435042425 199.51234765048945974
  201.81667704285823106 197.05916509459555641
  202.12919938136352016 194.60597777113511597
  202.44184358242858934 192.15278189116401109
  202.75461002155438450 189.69957368114975793
  203.06749898521636055 187.24634938479687207
  203.38051066891026153 184.79310526486790422
  203.69364517521145785 182.33983760499990012
  204.00690251185284296 179.88654271151520447
  204.32028258982523994 177.43321691522652372
  205.12342692051319659 171.14664304210182877
  205.52000329156709313 168.04337156416175958
  205.91673453999592880 164.93979139523415256
  206.31360898728098618 161.83598562178627844
  206.71061483467101993 158.73203744364641921
  207.10774017017232040 155.62803010537905379
  207.50497297561031473 152.52404682767632949
  207.84200838849281467 149.89130080624585162
  208.17914845488087394 147.25858011495910205
  208.51639160250209670 144.62588534759024128
  208.85373614834441014 141.99321706889267602
  209.13730276476684367 139.78104311154848460
  209.42096816749588584 137.56889219611076669
  209.70473088065378420 135.35676256112748206
  209.88339752759037538 133.96470119340796145
  210.06216139193230674 132.57264239489950342
  210.24102224915122861 131.18057682644274564
  210.41997975380985508 129.78849517770822786
  210.59903343806510634 128.39638818050488567
  210.77818271031955533 127.00424662200033765
  210.95742685402723282 125.61206135783383786
  211.13676502665921930 124.21982332510425806
  211.31619625883459435 122.82752355521463983
  211.49571945362225733 121.43515318655578028
  211.67533338601856485 120.04270347701091737
  211.85503670260604281 118.65016581626460379
  212.03482792139780599 117.25753173789831862
  212.21470543187200519 115.86479293125658785
  212.29658438670972487 115.23138131952762819
  212.37854547053782994 114.59787582205360934
  212.46058641949497314 113.96428204661069117
  212.54270485192401452 113.33060570923569799
  212.62489827150162114 112.69685262203284992
  212.70716407053831176 112.06302868090422464
  212.78949953344491064 111.42913985322894632
  212.87190184036052187 110.79519216551521765
  212.95436807093770426 110.16119169104933917
  213.03689520827930437 109.52714453756462376
  213.11948014302188881 108.89305683495254584
  213.20211967756020499 108.25893472303793885
  213.28481053040647453 107.62478433943867628
  213.36754934067866429 106.99061180752947564
  213.45033267271077193 106.35642322452864050
  213.53315702077901506 105.72222464972558953
  213.61601881393633562 105.08802209286579910
  213.69891442094854028 104.45382150270962995
  213.78184015532451667 103.81962875578051353
  213.86479228043302214 103.18544964531781716
  213.94776701469888280 102.55128987044969335
  214.03076053687072999 101.91715502560153084
  214.11376899135333929 101.28305059015562506
  214.19678849359655715 100.64898191837824015
  214.27981513553379500 100.01495422962902637
  214.37934283668448643 99.25498295951481964
  214.47887346275302889 98.49502503176505286
  214.57840486411672032 97.73506662711453430
  214.62627223590720860 97.36957257573691038
  214.67413608791048318 97.00408123463606103
  214.72199424082339192 96.63859421629487656
  214.76984449799780919 96.27311314323279134
  214.81768464829636400 95.90763964610604830
  214.86551246890206812 95.54217536184798121
  214.91332572805899304 95.17672193186498930
  214.96112218774820235 94.81128100028513472
  215.00889960635234388 94.44585421221887600
  215.05665574143449703 94.08044321193904125
  215.10438835280970693 93.71504964084746803
  215.15209520605355920 93.34967513512160053
  215.19977407638722866 92.98432132308488463
  215.24742275248405576 92.61898982263605262
  215.29503903923301777 92.25368223944929014
  215.34262075805511927 91.88840016697965041
  215.39006220937170610 91.52394004573990571
  215.43746751292920294 91.15948757202301067
  215.48483587577496223 90.79503377643727902
  215.53216648327156690 90.43056964777611029
  215.57945848121948984 90.06608611709434342
  215.62671091993931327 89.70157399865993852
  215.67392264321264861 89.33702386842210785
  215.72109216824776468 88.97242593231010233
  208.02754024922396070 89.00471107255980030
  200.33400733702603702 89.03681039083241444
  192.64052485046673269 89.06865034455708496
  189.38709670634557369 89.08182259110543555
  186.13358855618855614 89.09466968302447754
  182.87993816228765809 89.10716172550731073
  179.62608705219801664 89.11927591517667224
  177.29718134684199526 89.12756151487211298
  174.97663723224198407 89.13543687333097409
  172.59748898464488320 89.14277193985644487
  170.28851459287099601 89.14971441641220906
  168.06494086453241721 89.15624602666967746
  165.92285402643557291 89.16232444950618685
  163.84383675709278805 89.16792419170329254
  161.80498140500901627 89.17303929240908644
  161.29408058582183116 89.17439610525538285
  160.08294070306405388 89.17692134799345638
  158.20248952524755737 89.18062424928072573
  156.05573106318576038 89.18469459322938064
  153.93686483946882504 89.18852911187133259
  151.99960278062457064 89.19183320532432901
  150.30251047290443012 89.19452337432613831
  148.84302729969718371 89.19662975161648433
  147.40509354582553669 89.19807716214229742
  145.92749173628561721 89.19895224061816918
  144.47579050923738464 89.19944303006305120
  143.12245230283235742 89.19971439219567344
  141.88752509748090347 89.19984966739008314
  140.74064213103216048 89.19985509242374633
  139.62740153224382311 89.19969033006944414
  138.59399314570299566 89.19940676228200971
  137.63874364269162243 89.19897446310415035
  136.66573190433683749 89.19827284828923553
  135.56650667299385304 89.19717901473221389
  134.28067332709119341 89.19562311591175785
  132.80497914863781261 89.19359343624290659
  131.17387985281942520 89.19111621017140124
  129.43565171003348269 89.18823262510217376
  127.63556291557881650 89.18498299178958177
  125.80794716220279383 89.18139928887161716
  123.97478507937626091 89.17750367162614111
  122.14770782418926842 89.17331007989048430
  120.33111106453382888 89.16882686031385674
  118.52508474741881628 89.16405925751107020
  116.72763984151296768 89.15901132244385963
  114.93616588724073324 89.15368718103191270
  113.14825575547463643 89.14809177668006157
  111.36208489913256869 89.14223123486418388
  109.57650813539208912 89.13611296069370837
  107.79098778362363475 89.12974552141963613
  106.00542382042105771 89.12313833069320879
  104.21993509892503482 89.11630117046182420
  102.43464061831957679 89.10924365594480889
  100.89020958432358555 89.10292512811946608
  99.34595866459650892 89.09640221489112832
  99.72663745030874338 91.99969538434999095
  100.10749209962450834 94.90279659199809714
  100.48852000521382877 97.80571259251456695
  100.86971823438855722 100.70845050605609572
  101.25108354939069955 103.61101779438851622
  101.63261243641397868 106.51342222702410822
  102.01430113792086729 109.41567184352373943
  102.39614568473018608 112.31777491595674690
  102.77814192579533881 115.21973991387550029
  103.16028555462861505 118.12157547299204907
  103.54257213202625110 121.02329036795718764
  103.92499710519209088 123.92489348914573100
  104.30755582360960432 126.82639382307118581
  104.69024355213340982 129.72780043591984622
  105.07305548180184473 132.62912245965856073
  105.45598673884869356 135.53036908019120688
  105.83903239233559646 138.43154952708744077
  106.22218746075505180 141.33267306446359157
  106.60544691787649185 144.23374898264484045
  106.98880569803326068 147.13478659027327922
  107.37225870097886116 150.03579520654878365
  107.82419020493439632 153.45419185400214701
  108.27620166744104324 156.87256510958033573
  108.72828592949421989 160.29091778168029236
  109.18043582210567877 163.70925268218260840
  109.63264417210881163 167.12757262477086329
  110.08490380784853357 170.54588042327696940
  110.53720756475460973 173.96417889005118695
  110.75034769819910707 175.57467547388199591
  110.96352714867853706 177.18517984749433936
  111.17674353611424465 178.79570058058973814
  112.96016696452466022 192.26667123347397137
  114.74357392886960838 205.73769806500786217
  116.52693781054392730 219.20880084628393547
  116.59868294191322491 219.75115606772473598
  116.67038027597334349 220.29356772330046965
  116.74202755409798726 220.83602595011188896
  116.81362258643217444 221.37852083271852166
  116.88516325402537177 221.92104241635635731
  116.95664751088469302 222.46358072019737051
  117.02807338594774933 223.00612575063539111
  117.09943898497418502 223.54866751458254726
  117.17074249235545835 224.09119603276033672
  117.24198217284227042 224.63370135296941044
  117.31315637318870415 225.17617356332189615
  117.38426352371271832 225.71860280542006194
  117.64220074435759500 227.68671022095728063
  117.90007069201904244 229.65478658910424770
  118.15787337465926043 231.62283793001324739
  118.41560887783312239 233.59087029669350954
  118.67327736303708718 235.55888976973787408
  118.93087906600452186 237.52690245200759023
  119.18841429495181217 239.49491446327647282
  119.44588342877982257 241.46293193483674600
  119.70328691523488374 243.43096100406788196
  119.96062526903334344 245.39900780897062305
  120.21789906995348929 247.36707848266797782
  120.47510896089886501 249.33517914787503855
  120.73225564593602144 251.30331591133978009
  120.98933988831068120 253.27149485825651709
  121.24636250844491769 255.23972204665454910
  121.50332438191875895 257.20800350176403981
  121.76022643743903018 259.17634521036131900
  122.01706965479813505 261.14475311509647781
  122.27385506282529093 263.11323310880510462
  122.53058373733267672 265.08179102880831124
  122.78725679905899426 267.05043265120201568
  123.04387541161236186 269.01916368514076794
  123.30044077941469993 270.98798976711753994
  123.51774643492807115 272.65604567460542285
  123.73499906840152107 274.32419110574483057
  123.95219884937147015 275.99242319998006678
  124.16934598515958044 277.66073903470464757
  124.38644072012850472 279.32913562789315165
  124.60348333494394524 280.99760994072238418
  124.82047414584374678 282.66615888018310443
  125.03741350391437948 284.33477930167924796
  125.25430179437525169 286.00346801161651911
  125.47113943587106633 287.67222176997955785
  125.68792687977261835 289.34103729289705598
  125.90466460948620409 291.00991125519584557
  126.12135313977171336 292.67884029294293668
  126.33799301606958920 294.34782100597726640
  126.55458481383695357 296.01684996043007914
  126.77112913789248694 297.68592369123530261
  126.98762662177055915 299.35503870463037401
  127.20407792708434158 301.02419148064751653
  127.42048374289787205 302.69337847559660304
  127.63684478510717213 304.36259612454051648
  127.85316179583027463 306.03184084376317742
  128.06943554280599074 307.70110903323148932
  128.28566681880144529 309.37039707905177011
  128.50185644102816696 311.03970135592214774
  128.71800525056684705 312.70901822958097682
  128.93411411180014170 314.37834405925258352
  129.15018391185409996 316.04767520009175996
  129.36621556004718059 317.71700800562729228
  129.58220998734773843 319.38633883020560233
  129.79816814583858786 321.05566403143586740
  130.44115484263420512 326.02609964643067997
  131.08411226472239264 330.99651778310385453
  131.72704393251660804 335.96691253239578145
  132.36995337924881255 340.93727800205573431
  133.01284414890741914 345.90760832004480108
  133.65571979417859438 350.87789763794660303
  139.62933749568836106 360.03203682188654966
  145.60294673308794700 369.18615115569173213
  147.75867483390285884 372.48963422773607590
  159.52342923282429865 390.51818635333012253
  164.41171461641218343 398.00909317666508969
