Number of disks = 441
Depot = yes (node 442)
Tour length = 84.05460847567984217
Tour sequence = 442 3 35 115 104 43 10 66 74 75 76 67 126 389 152 46 72 12 68 36 14 151 77 78 396 161 9 73 386 79 154 13 6 45 173 105 155 174 81 107 20 42 187 11 387 119 21 201 378 53 179 175 69 86 439 128 100 200 57 84 398 87 22 50 178 106 48 203 145 392 140 60 18 92 16 101 56 166 47 51 393 83 27 54 382 80 379 94 99 215 96 142 55 31 82 191 25 97 19 93 24 180 15 98 17 91 89 377 33 49 28 52 62 85 384 95 124 376 65 26 409 146 32 63 90 64 196 207 208 182 436 130 197 404 380 261 23 259 30 58 29 134 61 159 59 206 412 158 236 218 210 108 184 220 217 125 258 383 139 169 113 199 148 226 195 168 410 88 171 264 135 120 419 263 194 123 265 260 391 423 181 272 408 422 133 110 122 121 385 112 411 131 143 237 160 118 254 109 225 157 164 132 381 216 231 214 156 232 394 167 438 153 257 233 209 147 170 413 388 163 129 268 219 176 144 198 111 328 414 224 298 395 397 192 390 165 183 250 300 296 223 297 345 295 332 301 306 251 303 262 431 324 420 327 430 364 416 302 429 344 275 329 322 202 330 319 326 435 252 417 323 367 368 321 255 190 256 437 432 363 304 193 333 305 334 320 336 360 307 415 337 373 375 338 374 335 427 369 372 371 331 370 315 287 425 291 313 299 293 355 365 366 205 343 356 318 351 362 361 204 358 325 246 317 284 434 213 316 222 424 286 309 310 352 433 288 354 418 349 253 308 357 189 359 221 294 292 188 278 282 244 230 290 353 340 249 239 279 283 311 228 266 245 238 172 227 405 400 426 342 399 348 289 273 341 346 347 136 350 117 248 247 270 281 234 440 428 127 339 276 314 235 312 137 406 149 243 162 280 441 271 402 285 177 277 269 401 403 141 103 267 421 274 242 211 138 186 71 240 241 229 212 37 70 40 2 5 185 150 116 407 114 39 44 41 7 38 1 8 102 34 4
Tour visit points:
  0.00000000000000000 0.00000000000000000
  0.11662121169761747 0.37182923746427227
  0.23324285668320563 0.74365838093118652
  0.34986515145474201 1.11548738343382658
  0.46648831236430133 1.48731619803701687
  0.58311255558495079 1.85914477784452514
  0.68736211340713138 2.19151528233773130
  0.79161319727119295 2.52388565288141198
  0.89586606180566020 2.85625604546204048
  1.00012100020116934 3.18862673972452360
  1.10437835336896706 3.52099816814490563
  1.20863850819984986 3.85337091051340774
  1.31290187615091969 4.18574562584741461
  1.41716884387836961 4.51812289543473256
  1.52143969077890784 4.85050296072562048
  1.62571447410436187 5.18288535825323216
  1.72999288998542555 5.51526847815278831
  1.83427412674658674 5.84764909841207992
  1.93855673343191248 6.18002196773158907
  2.04283852968693624 6.51237952007235332
  2.14711658181359111 6.84471179968583421
  2.25138726360899044 7.17700665563649221
  2.35564641023768528 7.50925023185617135
  2.45989457473287398 7.84144369117610296
  2.56414978872390131 8.17364380742431429
  2.66845505885598477 8.50598678409404663
  2.77285691775734788 8.83861994256346328
  2.87736665924930524 9.17157836171696594
  2.98193675201802666 9.50470993265956032
  3.08647053151962236 9.83770638326562263
  3.19085754555823664 10.17021589209243437
  3.29501331139645304 10.50196959909729344
  3.39890509686435394 10.83286349221413936
  3.50255662368482135 11.16297314340528146
  3.60603517123663231 11.49251246303907337
  3.70942985903275213 11.82176448089624010
  3.81282989919086157 12.15101215154890468
  3.87124518924787875 12.33699655647828664
  3.93034952008932903 12.52515173569126361
  3.99037424913507843 12.71621339649302129
  4.05145642008896889 12.91061705091803802
  4.11363941787928589 13.10850015504609090
  4.17688534587742399 13.30974153111960945
  4.24109510260269307 13.51402527466557579
  4.30613139978883908 13.72091400984794340
  4.37184057885484822 13.92991831354935783
  4.43807043367036069 14.14055342648122604
  4.50468274847842931 14.35237914504571322
  4.57156051471178237 14.56502278008054496
  4.63861062041802263 14.77818770912256952
  4.70576320250226843 14.99165131008612306
  4.77296890501130644 15.20525623266091486
  4.84019512086503578 15.41889843589206954
  4.90742202614503320 15.63251456654383809
  4.97463893222463405 15.84607034962578531
  5.04184123449143584 16.05955087794181679
  5.10902805070415322 16.27295309657880296
  5.17620052005218412 16.48628039013541624
  5.24336066679099844 16.69953896669510485
  5.31051070605263487 16.91273564897095127
  5.37765266996449842 17.12587668478104774
  5.44478824771749448 17.33896723838991250
  5.51191875511124785 17.55201129391904402
  5.57904517192937366 17.76501177466787951
  5.64616820633414385 17.97797074847414933
  5.71328836309533905 18.19088964528680918
  5.78040600641850588 18.40376945745649451
  5.84752141822667504 18.61661092529091377
  5.91463485909880493 18.82941473058090409
  5.98174664051130733 19.04218172541637699
  6.04885721420189704 19.25491321470762784
  6.11596728047011240 19.46761129818661473
  6.18307790189600404 19.68027922925239537
  6.25019060280244521 19.89292172858781527
  6.31730744717876558 20.10554522960070045
  6.38443100383333562 20.31815776771559356
  6.45156422951268027 20.53076861062652370
  6.51871039263180041 20.74338801680345057
  6.58587232285347568 20.95602486582113144
  6.65304891511795482 21.16867562254492796
  6.72022730192094908 21.38129963460627181
  6.78737215773645808 21.59378539514128903
  6.85444664156276851 21.80601667616301853
  6.92144410378887720 22.01797260312251225
  6.98836363478705103 22.22965040316092100
  7.05534744789008794 22.44149907793699583
  7.12253380426611837 22.65395506459540798
  7.18962877520909949 22.86609028897422036
  7.25761539891941343 23.08100811011020070
  7.32582693116248951 23.29660341149004665
  7.39112761406079333 23.50297626703398279
  7.46552999835662323 23.73805130050169865
  7.53017022810213543 23.94227364140436265
  7.57431179981541991 24.08174723381231530
  7.59817095082097271 24.15715473471991714
  7.60772032973407430 24.18735221583385098
  7.63301531170884218 24.26722718216407060
  7.67442933591293119 24.39795888406490221
  7.72660435286237846 24.56263185537086358
  7.78487749952053587 24.74652543150996564
  7.84627191959710757 24.94024182421644298
  7.90912913088251823 25.13854545602103130
  7.97260408445248814 25.33876880524866237
  8.03630059262762764 25.53966140984133659
  8.10005047646976273 25.74069262802271751
  8.16380136621744334 25.94169738507948253
  8.22755880579972221 26.14269339659328040
  8.29132829337270394 26.34369834422022194
  8.35148538902348392 26.53328814460790497
  8.41129549060950055 26.52840265089633931
  8.47111762844135185 26.52352509704773453
  8.53095203371782596 26.51865557057246292
  8.59079893304832076 26.51379415607650714
  8.65065854775487253 26.50894093483148595
  8.71053109331380071 26.50409598443816961
  8.77041677895122618 26.49925937859307012
  8.83031580736652089 26.49443118694065902
  8.89022837454764669 26.48961147498702573
  8.95015466964524009 26.48480030405268337
  9.01009487487970695 26.47999773124730183
  9.07004916546347673 26.47520380945428542
  9.13001770952739911 26.47041858731786590
  9.19000066804535720 26.46564210922866067
  9.24999819475470453 26.46087441530609752
  9.31001043607231438 26.45611554137751043
  9.37003753100719017 26.45136551895459220
  9.43007961107109693 26.44662437520807785
  9.49013680018880201 26.44189213294176000
  9.55020921460926431 26.43716881056672463
  9.61029696281896761 26.43245442207653184
  9.67040014545820625 26.42774897702393133
  9.73051885524101401 26.42305248049950350
  9.79065317687905434 26.41836493311247835
  9.85080318700980584 26.41368633097387786
  9.91096895412911039 26.40901666568205997
  9.97115053852819244 26.40435592431067491
  10.03134799223513518 26.39970408939904800
  10.09156135896084372 26.39506113894498540
  10.15179067404943680 26.39042704639989267
  10.21203596443309358 26.38580178066631277
  10.27229724859131998 26.38118530609774126
  10.33257453651464353 26.37657758250075446
  10.39286782967275080 26.37197856513945737
  10.45317712098705343 26.36738820474220901
  10.51350239480771975 26.36280644751063207
  10.57384362689519364 26.35823323513092475
  10.63420078440621808 26.35366850478745704
  10.69457382588437433 26.34911218917863351
  10.75496270125520049 26.34456421653510461
  10.81536735182585929 26.34002451064024442
  10.87578771028943159 26.33549299085295203
  10.93622370073381234 26.33096957213274081
  10.99667523865526242 26.32645416506714753
  11.05714223097660920 26.32194667590147930
  11.11762457607011889 26.31744700657083413
  11.17812216378505674 26.31295505473443797
  11.23863487547992968 26.30847071381230506
  11.29916258405944163 26.30399387302419356
  11.39131882372916493 26.29718609722350564
  11.48348855629634002 26.29038555268927979
  11.57567101889374506 26.28359209883594616
  11.66786544201702647 26.27680559103211166
  11.76007104998790886 26.27002588064496891
  11.85228706142046384 26.26325281508708542
  11.94451268969018187 26.25648623786547731
  12.03674714340552399 26.24972598863308093
  12.12898962688173832 26.24297190324250550
  12.22123934061657735 26.23622381380215174
  12.31349548176770980 26.22948154873462201
  12.40575724463149143 26.22274493283748242
  12.49802382112282473 26.21601378734633059
  12.59029440125585886 26.20928793000014068
  12.68256817362515676 26.20256717510891420
  12.77484432588716601 26.19585133362361873
  12.86712204524158842 26.18914021320837904
  12.95940051891246014 26.18243361831492066
  13.05167893462859219 26.17573135025922682
  13.14395648110312287 26.16903320730044058
  13.23623234851190844 26.16233898472193431
  13.32850572897041452 26.15564847491457456
  13.32915542496770733 26.15560489491670637
  13.32980162916722833 26.15556508854990270
  13.33044384354988310 26.15552908182722902
  13.33108157352568846 26.15549689779663822
  13.33171432829990799 26.15546855652831226
  13.33234162123619804 26.15544407510429892
  13.33296297021647092 26.15542346761030146
  13.33357789799728188 26.15540674512971719
  13.33418593256246254 26.15539391573993200
  13.33478660747174693 26.15538498451079263
  13.33537946220517689 26.15537995350532441
  13.33596404250305056 26.15537882178266216
  13.33653990070113515 26.15538158540318037
  13.33710659606096804 26.15538823743584018
  13.33766369509497629 26.15539876796772845
  13.33821077188622439 26.15541316411575323
  13.33874740840252038 26.15543141004054206
  13.33927319480472562 26.15545348696248240
  13.33978772974899840 26.15547937317989380
  13.34029062068278471 26.15550904408934585
  13.34078148413436971 26.15554247220806161
  13.34125994599574305 26.15557962719843133
  13.34172564179862341 26.15562047589456540
  13.34217821698342021 26.15566498233092574
  13.34261732716097093 26.15571310777293945
  13.34304263836683724 26.15576481074964477
  13.34345382730801965 26.15582004708828379
  13.34385058160188287 26.15587876995086347
  13.34423260000714428 26.15594092987259600
  13.34459959264675888 26.15600647480225405
  13.34495128122253327 26.15607535014436635
  13.34528739922132168 26.15614749880323586
  13.40318701800555345 26.16858244209532813
  13.46107049396406197 26.18102055934917871
  13.51893755946287534 26.19346179729339497
  13.57678795944379502 26.20590610031714007
  13.63462145159977190 26.21835341051457036
  13.69243780654109699 26.23080366773091754
  13.75023680795233361 26.24325680961019103
  13.80801825273991668 26.25571277164441852
  13.90322921215395802 26.27624399021033241
  13.99842134768356594 26.29677767255406451
  14.09359404736304633 26.31731363779640631
  14.18874671425465905 26.33785170344667748
  14.56133993020879380 26.41827966242403036
  14.93392280178842846 26.49871137894487561
  15.30650018120572931 26.57914767668629352
  15.67907692115838181 26.65958937524683492
  15.83122684525578627 26.69244495756293745
  15.98337608715303659 26.72530573290092093
  16.13552462627231421 26.75817159157150371
  16.28767244258201430 26.79104242014081905
  16.43981951661093888 26.82391810152054745
  16.59196582946209375 26.85679851506060700
  16.74411136282602897 26.88968353664429145
  16.89625609899379910 26.92257303878582420
  17.04840002086944395 26.95546689073018243
  17.20054311198206776 26.98836495855522344
  17.35268535649740684 27.02126710527592124
  17.50482673922901000 27.05417319095076323
  17.65696724564888243 27.08708307279008309
  17.80910686189771397 27.11999660526641520
  17.96124557479457806 27.15291364022660048
  18.10680981608346585 27.18441176566078354
  18.25237322385430971 27.21591312275495156
  18.39793583393536736 27.24741757257029207
  18.54349768272592414 27.27892497395799509
  18.68905880716846113 27.31043518366706735
  18.83461924472043236 27.34194805645352844
  18.98017903332573653 27.37346344519097130
  19.12573821138578722 27.40498120098232349
  19.27129681773039138 27.43650117327280924
  19.41685489158824396 27.46802320996398450
  19.56241247255720950 27.49954715752877021
  19.70796960057438696 27.53107286112742003
  19.85352631588589745 27.56260016472431573
  19.99908265901652271 27.59412891120554079
  20.14463867073913761 27.62565894249710041
  20.29019439204403241 27.65719009968374564
  20.43574986410804684 27.68872222312832676
  20.58130512826363656 27.72025515259151618
  20.72686022596784028 27.75178872735193991
  20.87241519877116858 27.78332278632649022
  21.01797008828647151 27.81485716819085496
  21.16352493615775998 27.84639171150013581
  21.30907978402904490 27.87792625480940956
  21.30907978402904490 27.87792625480940956
  21.30907978402904490 27.87792625480940956
  21.30907978402904490 27.87792625480940956
  21.30907978402904490 27.87792625480940956
  21.30907978402904490 27.87792625480940956
  21.30907978402904490 27.87792625480940956
  21.30907978402904490 27.87792625480940956
  21.30907978402904490 27.87792625480940956
  21.30907978402904490 27.87792625480940956
  21.30907978402904490 27.87792625480940956
  21.30907978402904490 27.87792625480940956
  21.30907978402904490 27.87792625480940956
  21.30907978402904490 27.87792625480940956
  21.30907978402904490 27.87792625480940956
  21.30907978402904490 27.87792625480940956
  21.30907978402904490 27.87792625480940956
  21.30907978402904490 27.87792625480940956
  21.30907978402904490 27.87792625480940956
  21.30907978402904490 27.87792625480940956
  21.30907978402904490 27.87792625480940956
  21.30907978402904490 27.87792625480940956
  21.30907978402904490 27.87792625480940956
  21.30907978402904490 27.87792625480940956
  21.30907978402904490 27.87792625480940956
  21.93790218967886574 28.20310006244806900
  22.56672459495657179 28.52827387036354878
  23.19554699967657996 28.85344767869392157
  23.11373185018180010 28.41786966552092153
  23.03191669980934364 27.98229165304576327
  22.95010154840015915 27.54671364140915912
  22.86828639579596611 27.11113563075121036
  22.78647124183933670 26.67555762121128637
  22.70465608637382360 26.23997961292797143
  22.59693766127367809 25.66649446913745791
  22.48921923426747327 25.09300932702629439
  22.38150080515856999 24.51952418680410517
  22.20961067288956059 23.60439354668720213
  22.03772053717564106 22.68926290529334722
  22.00126598670675193 22.49518153459522551
  21.96481143285674520 22.30110016376780990
  21.92835687566072878 22.10701879338468601
  21.89190231515593155 21.91293742401878930
  21.85544775138165718 21.71885605624203919
  21.81899318437928770 21.52477469062498372
  21.78253861419222304 21.33069332773641946
  21.74608404086587754 21.13661196814305043
  21.68591757371400774 20.81629032032794058
  21.62575110252224420 20.49596867204618178
  21.56558462684444066 20.17564702141850930
  21.50541814623759862 19.85532536656834068
  21.44525166026213725 19.53500370562299793
  21.41567872513659765 19.37755973695929157
  21.38610578460939848 19.22011576244051057
  21.35653283866919239 19.06267178219224334
  21.32695988730809589 18.90522779634363815
  21.29738693052170007 18.74778380502734620
  21.26781396830904924 18.59033980837941513
  21.23824100067264453 18.43289580653921789
  21.20866802761846870 18.27545179964933553
  21.17909504915593644 18.11800778785549326
  21.14952206529791567 17.96056377130644677
  21.11994907606071337 17.80311975015389336
  21.09037608146404352 17.64567572455236544
  21.06080308153104497 17.48823169465914162
  21.03123007628823515 17.33078766063413312
  21.00165706576550306 17.17334362263978420
  20.97208404999609854 17.01589958084098342
  20.94251102901658257 16.85845553540492148
  20.91293800286682725 16.70101148650100953
  20.88336497158997318 16.54356743430076904
  20.85379193523241170 16.38612337897771098
  20.82421889384373515 16.22867932070722574
  20.79464584747672973 16.07123525966647293
  20.76507279618730806 15.91379119603426950
  20.73549974003449847 15.75634712999096898
  20.70592667908039530 15.59890306171835483
  20.67635361339011268 15.44145899139950195
  20.64678054303174548 15.28401491921868782
  20.61720746807632310 15.12657084536125041
  20.58763438859776684 14.96912677001348690
  20.55806130467283310 14.81168269336252585
  20.52848821638107069 14.65423861559620100
  20.49891512380475689 14.49679453690294295
  20.46934202702885841 14.33935045747164949
  20.43976892614096030 14.18190637749157545
  20.41019582123122333 14.02446229715220127
  20.38062271239230938 13.86701821664310863
  20.35104959971933880 13.70957413615387388
  20.32147648330980516 13.55213005587394015
  20.29190336326352906 13.39468597599249478
  20.26233023968259772 13.23724189669834495
  20.23275711267126908 13.07979781817980758
  20.20318398233594337 12.92235374062458497
  20.17361084878506006 12.76490966421964046
  20.14403771212904815 12.60746558915108828
  20.11446457248024799 12.45002151560406567
  20.08489142995283316 12.29257744376262984
  20.05531828466274291 12.13513337380962120
  20.02574513672761469 11.97768930592656922
  20.00206225145655381 11.85160434068608915
  19.97837936344367549 11.72551937625803475
  19.95469647264323854 11.59943441201326486
  19.93101357901132431 11.47334944732292250
  19.90733068250583671 11.34726448155883816
  19.88364778308655190 11.22117951409393122
  19.85996488071512189 11.09509454430260256
  19.83628197535511006 10.96900957156113599
  19.81259906697201245 10.84292459524809615
  19.78891615553327554 10.71683961474473001
  19.47172043533316099 10.54506006859474176
  19.15452471519169109 10.37328051972553489
  18.83732899666496508 10.20150096887479307
  18.63617321190405107 10.09256364953075824
  18.16366320098242682 9.83667255183291012
  18.02171689036227420 9.75980053246705381
  17.87977057782037349 9.68292850890540890
  17.73782426347369778 9.60605648117227595
  17.59587794744029310 9.52918444929459341
  17.45393162983921087 9.45231241330193583
  17.31198531079041558 9.37544037322648016
  17.17003899041473503 9.29856832910299147
  17.02809266883376083 9.22169628096879812
  16.88614634616976673 9.14482422886375801
  16.74420002254565176 9.06795217283024613
  16.60225369808485141 8.99108011291311371
  16.46030737291124169 8.91420804915966336
  16.31836104714908586 8.83733598161961709
  16.17641472092294208 8.76046391034507899
  16.03446839435758164 8.68359183539050861
  15.89252206757791264 8.60671975681267654
  15.75057574070890531 8.52984767467062888
  15.60862941387550507 8.45297558902565349
  15.46668308720255069 8.37610349994123204
  15.32473676081470160 8.29923140748299915
  15.18279043483635604 8.22235931171870860
  15.04084410939156946 8.14548721271817300
  14.89889778460398162 8.06861511055323000
  14.75695146059672780 7.99174300529769166
  14.61500513749237129 7.91487089702729563
  14.47305881541281813 7.83799878581965714
  14.33111249447924251 7.76112667175421134
  14.18916617481201570 7.68425455491217413
  14.04721985653060834 7.60738243537647740
  13.90527353975354963 7.53051031323172104
  13.76332722459831892 7.45363818856411697
  13.62138091118129246 7.37676606146143232
  13.26051441023957089 7.18133600533849492
  12.89964791092460317 6.98590594685223287
  12.53878141317913553 6.79047588604076768
  12.17791491694496031 6.59504582294367392
  11.81704842216293194 6.39961575760196766
  11.45618192877302377 6.20418569005806653
  11.09531543671435294 6.00875562035576838
  10.73444894592522836 5.81332554854022110
  10.37358245634318621 5.61789547465789418
  10.01271596790503615 5.42246539875654410
  9.65184948054689507 5.22703532088518941
  9.29098299420422791 5.03160524109407081
  8.93011650881189922 4.83617515943462450
  8.56925002430420335 4.64074507595944841
  8.20838354061491238 4.44531499072226310
  7.84751705767732322 4.24988490377788075
  7.48665057542428958 4.05445481518216777
  7.12578409378827171 3.85902472499201021
  6.76491761270138081 3.66359463326527601
  6.24153380161599269 3.38015199677399236
  5.71814999344948482 3.09670936030715271
  5.19476618938318602 2.81326672464474914
  4.61756993757968548 2.50068153134231563
  4.04037368897410065 2.18809633866729314
  3.46317744311251330 1.87551114653062490
  2.88598119953954191 1.56292595484296903
  2.30878495779863346 1.25034076351475210
  1.73158871743235765 0.93775557245622954
  1.15439247798269951 0.62517038157754146
  0.57719623899134975 0.31258519078877073
