Number of disks = 194
Depot = yes (node 195)
Tour length = 45.70172493681138803
Tour sequence = 195 169 194 165 128 151 187 174 154 134 190 188 180 179 193 147 175 148 156 146 132 89 192 106 123 152 164 126 74 181 117 114 59 78 112 141 58 138 136 130 135 46 150 48 153 49 149 66 99 35 105 86 90 92 31 42 64 50 115 45 40 140 33 96 124 127 55 68 51 108 54 52 87 93 77 28 85 109 25 107 17 69 63 104 29 36 20 84 70 9 60 7 37 6 10 2 8 79 34 4 16 30 41 14 13 19 47 80 71 11 62 43 12 102 1 97 32 95 100 57 26 111 94 27 22 15 38 23 3 18 76 83 91 67 39 61 5 103 24 53 122 121 21 118 137 44 133 131 113 101 65 163 166 56 162 129 116 98 145 142 110 160 144 120 88 178 82 159 73 173 75 167 176 72 81 143 139 158 119 157 177 171 161 186 170 185 172 183 184 168 189 191 182 125 155
Tour visit points:
  12.69999999999999929 29.00000000000000000
  12.55124577264216867 28.51016822584327670
  12.40249277461859911 28.02033334659557084
  12.25374161504012704 27.53049382371432685
  12.10499289745646578 27.04064813267255829
  11.95624721845857330 26.55079476648176140
  11.80750516627418811 26.06093223923256019
  11.65876731935255961 25.57105908966286023
  11.51003424493319649 25.08117388476689413
  11.36130649759220468 24.59127522346125971
  11.25013289290540364 24.22504391085533726
  11.13896253403363445 23.85878770739085653
  11.02779437166888776 23.49250100410398545
  10.91662735425580699 23.12617828519589125
  10.80546043070735251 22.75981414425035965
  10.69429255316653560 22.39340330075616237
  10.58312267980049803 22.02694061678263537
  10.47194977760391588 21.66042111356807709
  10.36077282517970310 21.29383998768720332
  10.24959081545683048 20.92719262637601929
  10.13840275829895887 20.56047462152206862
  10.05548387540939714 20.28694198713906260
  9.97256831307351455 20.01336835873216202
  9.88966072695250631 19.73976869655905020
  9.83575367088879382 19.56181993438522326
  9.78185685071473721 19.38385251679637378
  9.72797135326624662 19.20587020364351361
  9.67409823510282507 19.02787678637929147
  9.62023852182321093 18.84987607608815097
  9.56639320773877166 18.67187189142992665
  9.38122271259601703 18.05967802875453287
  9.19606532833278223 17.44748027239078425
  9.01092040508724423 16.83527841407208214
  8.95769434682868138 16.65923590074044469
  8.90448899001271243 16.48321762713389305
  8.85130647844014895 16.30723120961929951
  8.79814744177091157 16.13127924357285536
  8.74501108668484051 15.95535960621677418
  8.69189544377859846 15.77946627596133489
  8.63879772308439797 15.60359051199097813
  8.58571472388915602 15.42772221397484600
  8.53264324452877077 15.25185128178302030
  8.49694514117977384 15.13351265336580198
  8.46125858568381339 15.01517218425103017
  8.42558358926670614 14.89683027155996697
  8.34345204382210248 14.62434268395238135
  8.26133184359308181 14.35185463063637279
  8.17922287576319995 14.07936660034245513
  8.09712502280065038 13.80687908145992182
  8.01503816198351515 13.53439256189211015
  7.98615099169266163 13.43846673000060221
  7.95727404169312802 13.34254001635760645
  7.92840691845527790 13.24661148015906420
  7.89954922365690759 13.15068018068712696
  7.87070055447431294 13.05474517758200292
  7.84186050392312506 12.95880553117536671
  7.81302866123318474 12.86286030288529325
  7.78420461224189086 12.76690855566951122
  7.75538793979114960 12.67094935453060423
  7.72657822411444872 12.57498176706387305
  7.69777504320224981 12.47900486403611708
  7.67507168621307123 12.40332286642029658
  7.63919034155541343 12.28368173948486053
  7.60331738215287611 12.16403908983631688
  7.56745265353179963 12.04439503669946099
  7.53159599813665626 11.92474969802744411
  7.49574725520652763 11.80510319010226006
  7.45990626063214357 11.68545562716900577
  7.42407284679934065 11.56580712110651277
  7.38824684242493124 11.44615778113657001
  7.35242807239090013 11.32650771357336872
  7.31661635758253048 11.20685702161445541
  7.28081151473559096 11.08720580517396215
  7.24501335629716348 10.96755416075848721
  7.20922169030402404 10.84790218138559581
  7.17343632028178924 10.72824995654445246
  7.13765704516740218 10.60859757219774480
  7.10188365925679577 10.48894511082360204
  7.06611595217898358 10.36929265149593604
  7.03035370889720923 10.24964027000114086
  6.99459670973727388 10.12998803898888056
  6.95884473044267970 10.01033602815428303
  6.92309754225581120 9.89068430444863900
  6.88735491202402716 9.77103293231542303
  6.85161660232923531 9.65138197394820985
  6.81588237163929023 9.53173148956699556
  6.78015197447931683 9.41208153770910627
  6.74442516162095451 9.29243217553100109
  6.70870168028740199 9.17278345911701010
  6.67298127437210464 9.05313544379122348
  6.64192277616532056 8.94909402047409763
  6.61086672384992191 8.84505280725980114
  6.57981279858501811 8.74101155885652936
  6.54876067914210402 8.63697003055127510
  6.51771004216370553 8.53292797853951512
  6.48666056242964562 8.42888516024986423
  6.46383565351512956 8.35239780811793864
  6.44101154215355365 8.27590975065387546
  6.41818804596502890 8.19942101914541510
  6.39536498098862349 8.12293164508195176
  6.37254216177323407 8.04644165990140436
  6.34971940147383318 7.96995109473886920
  6.32689651195013614 7.89345998017532668
  6.30407330386399689 7.81696834598397050
  6.28124958677145706 7.74047622087138709
  6.25886420910694241 7.73466915408836009
  6.23647860233649265 7.72886154484035615
  6.21409290531723446 7.72305336602725845
  6.19170725638231900 7.71724458974544625
  6.16932179350224796 7.71143518734796984
  6.14693665444872916 7.70562512950693979
  6.12455197695600972 7.69981438628192105
  6.10216789887332389 7.69400292719885304
  6.07978455830151177 7.68819072134435810
  6.05740209370694327 7.68237773748019848
  6.06683200121972632 7.75139469511420298
  6.07626322802200480 7.82041094633892797
  6.08569599205230283 7.88942650502375287
  6.09513050746643703 7.95844136531640256
  6.10456698376932483 8.02745549921937140
  6.11400562506351886 8.09646885542412775
  6.12344662943368068 8.16548135943809683
  6.13289018848057221 8.23449291496649316
  6.14233648701226276 8.30350340643975393
  6.15178570289552340 8.37251270251289093
  6.16123800706817715 8.44152066031043269
  6.17069356371393951 8.51052713015308804
  6.18015253060423930 8.57953196048225841
  6.18961505961460468 8.64853500269691544
  6.20621593174252428 8.76956264218246062
  6.22282148411946423 8.89059237603234287
  6.23943211835856371 9.01162505754754051
  6.25604812613947825 9.13266077008322696
  6.27266970574247384 9.25369893962290213
  6.28929698957433825 9.37473852725566381
  6.30593007707729036 9.49577826162659555
  6.32256906750755832 9.61681687141197550
  6.36218391791792648 9.90494216463190469
  6.40180670897733428 10.19307158471967867
  6.45828159942049318 10.60368569758134250
  6.51476615285418870 11.01430238168245168
  6.57126125859879995 11.42492086299801812
  6.62776779456520604 11.83554036646748031
  6.82863779346589972 13.29510836547014385
  6.88874648898755293 13.73176024972905118
  6.94887399918079751 14.16843383234115272
  7.00902040262942272 14.60512927728757404
  7.06918532505888120 15.04184622292473605
  7.10771768986744767 15.32143060971853288
  7.14626594455261355 15.60102658120419505
  7.18484396114882085 15.88063017175167246
  7.22344856201395569 16.16023598828533281
  7.23397548346644736 16.23629679133838621
  7.24452688630037400 16.31234662741046648
  7.29271471736936405 16.65946706741616978
  7.30319653304275462 16.73486761723384575
  7.31826039865755451 16.84342039347036035
  7.33821465514575966 16.98719455016158975
  7.36182916373508256 17.15711798864100501
  7.38814615100813032 17.34616288220339797
  7.41623984792370017 17.54765120360833563
  7.44500998587141272 17.75373867229354019
  7.47120213838620817 17.94119936638571744
  7.49395370173604558 18.10391170698949992
  7.51417769651319656 18.24844698870183635
  7.53322483693308431 18.38447788720921849
  7.55237683580272190 18.52113486888756100
  7.57266953833299894 18.66575605289708051
  7.59476420833210497 18.82299883395494788
  7.61888008044395892 18.99438270847118204
  7.64482343017006105 19.17850684359347824
  7.67209768372809364 19.37183461334556966
  7.70005412285618274 19.56976160669286813
  7.72804288173844167 19.76768359034481648
  7.78290995384668616 20.15543199265751895
  7.83721731271407407 20.53897627168167972
  7.89080964840997989 20.91722065307263279
  7.94362026013119937 21.28970062114298756
  7.99565322281655355 21.65645593258164681
  8.04696233724537358 22.01788091415139448
  8.09763139485096417 22.37458411979395123
  8.14775833154621765 22.72727557869963988
  8.19744428296077565 23.07668880692215296
  8.24678746648223004 23.42353705732515934
  8.29588111087626245 23.76849829789152224
  8.34481422043222310 24.11222034620784171
  8.39367374290186419 24.45533605531019106
  8.44254671047629657 24.79847844602997853
  8.85623134525182287 25.20669941668811376
  9.26992359036971791 25.61493823527755964
  9.68362061471262514 26.02319070375775922
  10.09731960982606758 26.43145272311556582
  10.51101775915291014 26.83972025163756214
  10.92471220784805830 27.24798926294982593
  11.81235610392402968 28.12399463147491119
