Number of disks = 399
Depot = yes (node 400)
Tour length = 224.84040247220224273
Tour sequence = 400 289 162 317 67 51 187 356 19 331 348 199 243 77 369 197 25 163 29 211 395 190 174 53 159 359 398 308 268 121 85 90 319 278 238 234 95 366 225 133 156 84 65 83 313 153 165 214 381 249 145 287 256 312 375 244 71 88 79 252 261 343 91 349 315 229 192 392 394 335 246 296 181 149 127 114 399 340 4 41 180 152 210 383 193 185 140 259 204 305 102 182 365 128 258 70 364 217 61 324 188 38 175 241 44 248 355 81 18 208 94 150 294 8 283 372 50 267 33 333 134 233 302 131 198 183 374 144 86 177 292 351 322 219 78 46 172 74 318 264 55 277 43 370 380 40 105 274 303 109 138 20 126 168 12 386 325 194 338 290 147 257 250 235 97 66 239 215 352 218 111 310 106 57 231 112 99 368 360 297 166 82 227 28 269 354 75 270 337 326 376 367 104 171 291 5 73 265 37 63 203 92 176 223 371 122 334 221 27 135 22 255 179 143 220 358 170 262 330 103 388 146 280 226 157 96 266 377 139 108 353 93 228 31 3 373 299 385 293 242 321 382 345 339 141 361 2 189 52 281 10 116 209 390 378 207 60 148 393 363 212 14 16 110 11 307 125 100 254 300 130 260 273 329 387 350 332 245 132 396 56 397 80 195 314 272 68 275 113 1 123 251 59 32 158 142 253 64 344 23 201 320 9 47 48 191 316 101 30 327 45 224 271 42 362 118 15 76 154 62 202 323 124 35 247 311 384 151 276 98 391 173 240 72 298 336 169 6 26 213 136 346 379 119 282 49 285 279 36 184 205 341 206 137 107 230 342 160 13 286 178 347 328 117 222 17 196 21 58 69 304 115 164 161 167 295 34 7 301 89 357 306 120 263 237 216 24 87 389 186 288 129 39 236 284 309 232 155 200 54
Tour visit points:
  2.28315000000000001 35.50849999999999795
  3.09682597430124673 34.99947712222383700
  3.91050194942142015 34.49045424624048195
  4.30320486888575982 34.24478548710614234
  4.69590779136464054 33.99911672950126729
  5.08861071795459186 33.75344797329368163
  5.48131364975095536 33.50777921835093309
  5.87401658784763736 33.26211046454032072
  6.26671953333685838 33.01644171172890907
  6.65942248730890007 32.77077295978357796
  7.05212545085185649 32.52510420857102247
  7.44482842505138365 32.27943545795780977
  7.83753141099044726 32.03376670781041469
  8.23023440974906961 31.78809795799521254
  8.62293742240408356 31.54242920837855735
  8.93919100176687564 31.34458601584289994
  9.25544460871432939 31.14674281580581550
  9.57169825007946073 30.94889960442081289
  10.87420189668585202 30.84715468514294656
  12.17670550069514057 30.74540975163272449
  13.47920902362384687 30.64366480245322322
  14.78171242701635002 30.54191983617151607
  15.97875936128529339 30.44841256441515398
  17.17580068176754082 30.35490569660663951
  18.37283364600634172 30.26139944291946549
  19.56985551619582964 30.16789401317389974
  20.76686356032870151 30.07438961674830580
  21.96385505334191990 29.98088646249062705
  22.12458104611925336 29.96931659524804559
  22.28529318400723369 29.95774813594821850
  22.44599282325410528 29.94618116655781392
  22.60668132476212477 29.93461576838883076
  22.76736005350869974 29.92305202206839354
  22.92803037796571175 29.91149000750891673
  23.08869366951727997 29.89992980387869181
  23.24935130187632026 29.88837148957281542
  23.41000465050023038 29.87681514218458645
  23.95313974325416595 29.83774782337895104
  24.49627327390242826 29.79868346637031351
  25.03940660365099546 29.75962256657521721
  25.58254109322492909 29.72056561778986250
  26.12567810231263721 29.68151311198754527
  26.66881898901099746 29.64246553911715409
  27.21196510927157419 29.60342338690285757
  27.53653697939868294 29.58009882140638780
  27.86111347844289909 29.55678041170177295
  28.18569430134815335 29.53346852141153889
  28.51027914139978492 29.51016351132879478
  28.83486769034837494 29.48686573926978483
  29.15945963853429745 29.46357555992810617
  29.48405467501292776 29.44029332473066773
  29.80865248768043685 29.41701938169548924
  30.13325276340014724 29.39375407529143303
  30.45785518812928316 29.37049774629996435
  30.78245944704615766 29.34725073167898302
  31.10706522467761204 29.32401336442891093
  31.43167220502674652 29.30078597346106406
  31.75628007170076827 29.27756888346843667
  32.08088850803891035 29.25436241479898669
  32.40549719724038624 29.23116688333152169
  32.73010582249223432 29.20798260035434524
  33.05471406709703075 29.18480987244663538
  33.37932161460036440 29.16164900136281446
  33.70392814891795297 29.13850028391980018
  34.02853335446245353 29.11536401188741863
  34.35313691626980415 29.09224047188185125
  34.67773852012501834 29.06912994526223670
  35.00233785268749642 29.04603270803041681
  35.32693460161573995 29.02294903073367394
  35.65152845569143381 28.99987917837049878
  35.97611910494307352 28.97682341029907604
  36.30070624076890340 28.95378198014831739
  36.62528955605947800 28.93075513573107216
  36.94986874531981869 28.90774311895908966
  37.27444350479128587 28.88474616575923903
  37.59901353257335188 28.86176450599041843
  37.92357852874545898 28.83879836336051028
  38.24813819548896277 28.81584795534275756
  39.09661808151692242 28.75586573188325090
  39.94509748395197590 28.69589990828515980
  40.79357882502897326 28.63595080730262055
  41.64206452524013713 28.57601874492671712
  42.49055700236498012 28.51610403024339035
  43.33905867049754335 28.45620696528849436
  44.18757193907256209 28.39632784490169470
  45.03609921189249832 28.33646695658149639
  45.88464288615784170 28.27662458034393822
  46.71206296482127129 28.21829201516193208
  47.53949863788142238 28.15997887011483058
  48.36694949270378174 28.10168558716900833
  49.19441511084161789 28.04341259998538405
  50.02189506822787735 27.98516033371629064
  50.84938893536229187 27.92692920478577179
  51.67689627749211212 27.86871962063782959
  52.50441665478474107 27.81053197943585431
  53.33194962249145021 27.75236666970126365
  54.15949473110268997 27.69422406989337659
  54.98705152649821315 27.63610454795772142
  55.81461955009887532 27.57800846090328051
  56.64219833903009516 27.51993615449995900
  57.46978742630813741 27.46188796319980341
  58.29738634105799377 27.40386421035963593
  59.12499460876286861 27.34586520876641202
  59.95261175153279964 27.28789126134110177
  60.78023728836295447 27.22994266174428901
  61.60787073533840186 27.17201969447060250
  62.43551160573478143 27.11412263395349953
  63.26315940997019993 27.05625174225709983
  64.09081365538479247 26.99840726513096101
  64.91847384633599916 26.94058943105113357
  65.74613948561250254 26.88279846274477691
  66.57381007760294267 26.82503460532823425
  67.40148513200576019 26.76729815956600689
  68.22916416547836604 26.70958949561176254
  69.05684669884104210 26.65190902465361589
  69.88453224938619712 26.59425712420922139
  70.62404987326358707 26.54277546295854151
  71.36357520280283495 26.49132218081102508
  72.10311016508313742 26.43989680836661904
  72.84265636760093798 26.38849858493931677
  73.58221515384954614 26.33712650840237046
  74.32178775478459443 26.28577947915302104
  75.06137551221702608 26.23445651559685388
  75.80098007148485806 26.18315694046686914
  76.54073552230758537 26.13201028743726440
  77.28044506038760630 26.08082078838920026
  78.02011181471225143 26.02958922824092269
  78.01463122323289667 26.13445888918336379
  78.00915747673792566 26.23952239553742771
  78.00370650510289749 26.34475663179329175
  77.99828806382696200 26.45009188901195429
  77.99290688728733301 26.55545474009569773
  77.99138250067478850 26.58533846493459762
  77.98627294845141478 26.68650340198613691
  77.97753679783993164 26.85974404972158780
  77.96689462146086669 27.07118132313854275
  77.95565319639997881 27.29508478329185195
  77.94448502039401205 27.51820920272058402
  77.93364173675988127 27.73559147610811593
  77.92311500807549862 27.94743020450894377
  77.91276759763341886 28.15650526225614314
  77.90246165365940101 28.36559628677725797
  77.87692273752422523 28.88456348769446080
  77.85142295180285998 29.40354162463397714
  77.82596211287761889 29.92252857153363976
  77.80054049092224489 30.44152239065852328
  77.77515864607157425 30.96052127683249111
  77.74981730549629333 31.47952351946127791
  77.72451728185929198 31.99852748263711177
  77.69925942390000273 32.51753159978331809
  77.67404458886639418 33.03653437881595778
  77.64887362852282138 33.55553441448699203
  77.62374738299578780 34.07453040546783285
  77.59866667885967217 34.59352117447939179
  77.57363232939415809 35.11250569029520108
  77.54864513592654873 35.63148309076207454
  77.52370588974089571 36.15045270615103590
  77.49881537432963796 36.66941408222539422
  77.47397436790018332 37.18836700244413151
  77.44918364612395578 37.70731150875072757
  77.42444398518240689 38.22624792045354525
  77.39975616521812185 38.74517685077181994
  77.37512097426508717 39.26409922064812719
  77.35053921249928521 39.78301626933300383
  77.32601169612013337 40.30192956096487222
  77.30153925935367454 40.82084098589880483
  77.27712275210987514 41.33975275498255542
  77.25276303256821109 41.85866738623620620
  77.22846096005172001 42.37758768756476258
  77.20421739868534416 42.89651674266751513
  77.18003323769691804 43.41545790428656204
  77.15590941768026312 43.93441478793010191
  77.13184693311026763 44.45339124652111451
  77.10784677466106984 44.97239130196760470
  77.08390978684828099 45.49141901772881624
  77.06003644219001103 46.01047831370515695
  77.03622656374636790 46.52957274536790067
  77.01247905624127554 47.04870528806287666
  76.98879172451772490 47.56787817986052147
  76.96919024252726160 47.99879486512542570
  76.94985064659526586 48.42518579607021678
  76.93087300275253426 48.84476583315550613
  76.91234615027380528 49.25549912681339748
  76.89433704381013968 49.65584664379299795
  76.87688109424342997 50.04499007503837760
  76.85997591138273322 50.42297704908587974
  76.84357996914680200 50.79075285107708737
  76.82761652559034360 51.15007112974149095
  76.81198199201456589 51.50330219609206495
  76.79655713823818530 51.85317603435829881
  76.78121918219200381 52.20250490734707682
  76.76585292908842462 52.55392772834636617
  76.75035957721539148 52.90970797703027273
  76.73466242393166681 53.27160276270340233
  76.71870932382969954 53.64080642582843694
  76.70247225226326293 54.01796055160476584
  76.68594465031993934 54.40321485207563512
  76.66913736391099121 54.79632023727244672
  76.65207396983340971 55.19673585387936754
  76.63478615457893284 55.60373479220139359
  76.61730962957054203 56.01649734836239958
  76.59968087377116319 56.43418515938648028
  76.58193482233225780 56.85599348999300418
  76.56410348506497598 57.28118205359946558
  76.54621538585217877 57.70908688724647106
  76.52829566013031126 58.13911705466217938
  76.51036662463198468 58.57074049862971776
  76.49244863375083980 59.00346338065699570
  76.47456105407670179 59.43680686235666144
  76.45672321669744065 59.87028463621908969
  76.43895523679877613 60.30338382423926902
  76.42127861369927189 60.73555133886610946
  76.40371654344988883 61.16618738960909241
  76.38629390602966396 61.59464710177527991
  76.36903694957034361 62.02024966456648514
  76.35197278757286199 62.44229197075821958
  76.33512892138320183 62.86006115862026178
  76.31853304354658007 63.27283930879720231
  76.30221331918205863 63.67989509682765714
  76.28619917571792541 64.08046164102236730
  76.27052097294003374 64.47374472244463561
  76.25520744060649747 64.85899148394418035
  76.24028254219680889 65.23557444030259944
  76.22512660452153455 65.61966946993300098
  76.20944310236066599 66.01900173852475007
  76.19373204191522575 66.42049669593853878
  76.17905140243040307 66.79650790320879139
  76.16654254076445341 67.11720251229743894
  76.15609935472961922 67.38532822001343447
  76.14686418670945045 67.62326863559547974
  76.13799015608444165 67.85311288461321055
  76.12900808372168626 68.08704502920929258
  76.11983381118712089 68.32714574105837357
  76.11049471460083282 68.57281988146341689
  76.10104049359500777 68.82300988054559809
  76.09159761785502951 69.07445745892111688
  76.08238915564503202 69.32105240768261467
  76.07366701146729326 69.55573000083536783
  76.06561095778961601 69.77334718731574981
  76.05826149653805146 69.97262078484327219
  76.05151427680878840 70.15632955289794381
  76.04528592129295816 70.32666306892686237
  76.03951789661947203 70.48514020145066183
  76.03408285954920132 70.63527239551149250
  76.02874584237457611 70.78366340429892034
  76.02321553456521031 70.93855167983177523
  76.01723371438399113 71.10726890532545497
  76.01064430505020653 71.29427378157085116
  76.00341621947983128 71.50049445130468939
  75.99562517456469379 71.72383438903756314
  75.98741377698006261 71.96029613219189969
  75.97894884312827912 72.20518614087569631
  75.97038784576044179 72.45406371313316640
  75.96185874412907424 72.70331279403245617
  75.95345215651961723 72.95036553696265003
  75.94522231772893406 73.19367800385869316
  75.93719283269490461 73.43257095020973679
  75.92936398573441181 73.66702751540746874
  75.92171957446211650 73.89750494410374415
  75.91423243213166927 74.12478284013556618
  75.90686869559910122 74.34984450306650672
  75.89959133537361424 74.57377490988019986
  75.89236349686316885 74.79765887374551880
  75.08685643471928017 74.77193151114701664
  74.28139040318008313 74.74616236951513315
  73.47596171304172685 74.72035326115604903
  72.67056700840342387 74.69450568779878097
  71.86520321802115063 74.66862088665804720
  71.05986750478902536 74.64269987824393127
  70.25455721922993746 74.61674351039970077
  69.44926985958586840 74.59075249613459846
  68.64400303912175616 74.56472744467301084
  67.83875446019010269 74.53866888614112440
  67.03352189412471773 74.51257729076131398
  66.22830316589993060 74.48645308354838335
  65.42309614254388350 74.46029665545282228
  64.61789872443104343 74.43410837176810446
  63.81270883873909838 74.40788857846976612
  63.00752443450760154 74.38163760701074523
  62.20234347886868420 74.35535577797396911
  61.39716395412688144 74.32904340388280673
  60.59198385544940635 74.30270079139151562
  59.78680118899197993 74.27632824301863934
  58.98161397033267406 74.24992605854129124
  58.17642022312077188 74.22349453613659875
  57.37121797787261102 74.19703397333182693
  56.56600527086356323 74.17054466780845701
  55.76078014307691433 74.14402691809225132
  54.95554063917678178 74.11748102415300821
  54.15028480647413289 74.09090728793051994
  53.34501069385212446 74.06430601379908296
  52.61365308708532496 74.04011988736550620
  51.88228038413039656 74.01590700682794477
  51.15089417917682368 73.99166776918552557
  50.41949606789741267 73.96740257521535966
  49.68808764737935491 73.94311182971381413
  48.95667051604345943 73.91879594170546852
  48.22524627355478799 73.89445532462198685
  47.52512960825261956 73.87113242998677265
  46.82500572381059101 73.84778550589263091
  46.12487456838937305 73.82441490926467509
  45.42473609166356141 73.80102100187849601
  44.72459024487162793 73.77760415041116460
  44.02443698085991031 73.75416472647128785
  43.32427625412084637 73.73070310660992277
  42.62410802082599304 73.70721967231355620
  41.92393223885432718 73.68371480998119694
  41.22374886781608438 73.66018891088673115
  40.52355786907268964 73.63664237112833177
  39.82335920575319932 73.61307559156611546
  39.12315284276751726 73.58948897774959619
  38.42293874681681842 73.56588293983625704
  37.72271688640155674 73.54225789250232026
  37.02248723182726309 73.51861425484689505
  36.32224975520857413 73.49495245029069679
  35.62200443047159126 73.47127290646992037
  34.92175123335493936 73.44757605512657506
  34.22149014140961043 73.42386233199553658
  33.52122113399795467 73.40013217668945344
  32.82094419229178328 73.37638603258172054
  32.12065929926993846 73.35262434668821641
  31.42036643971523091 73.32884756954820205
  30.72006560021110744 73.30505615510479345
  30.01975676913792057 73.28125056058507880
  29.31943993666901704 73.25743124638060522
  28.61911509476669124 73.23359867592780859
  27.91878223717802854 73.20975331558915400
  27.21844135943071663 73.18589563453467406
  26.51809245882889599 73.16202610462420353
  25.81773553444902802 73.13814520029038135
  25.11737058713585924 73.11425339842216431
  24.41699761949852387 73.09035117824943484
  23.71661663590676383 73.06643902122797840
  23.01622764248732977 73.04251741092544137
  22.31583064712056697 73.01858683290778629
  21.61542565943725691 72.99464777462655718
  20.91501269081562242 72.97070072530655693
  20.21459175437867373 72.94674617583412157
  19.51416286499177843 72.92278461864574979
  18.81372603926054055 72.89881654761730090
  18.11328129552900279 72.87484245795329230
  17.41282865387818646 72.85086284607653795
  17.26799467493486517 72.49309014976773824
  17.09754975304960922 72.07206647005541811
  16.92709788830752515 71.65103939590706261
  16.75663917290511407 71.23000906798107223
  16.58617370052310491 70.80897562761370523
  16.41570156630640653 70.38793921678630738
  16.24522286684407391 69.96689997809262707
  16.07473770014917491 69.54585805470603077
  15.90424616563861093 69.12481359034691764
  15.73374836411282196 68.70376672924997763
  15.56324439773529633 68.28271761613163449
  15.39273437001194544 67.86166639615727547
  15.22221838577023334 67.44061321490869432
  15.05169655113808425 67.01955821835132099
  14.88116897352254320 66.59850155280165040
  14.71063576158811870 66.17744336489441537
  14.54009702523487668 65.75638380154998686
  14.36955287557617567 65.33532300994151854
  14.19900342491611234 64.91426113746237547
  14.02844878672659235 64.49319833169320759
  13.85788907562407779 64.07213474036932155
  13.68732440734596345 63.65107051134792471
  13.51675489872660307 63.23000579257531228
  13.34618066767294309 62.80894073205423211
  13.17560183313982058 62.38787547781113574
  13.00501851510485807 61.96681017786353607
  12.83443083454301004 61.54574498018738637
  12.66383891340073120 61.12468003268451611
  12.49324287456978233 60.70361548315010936
  12.32264284186066838 60.28255147924028279
  12.15203893997573381 59.86148816843976306
  11.98143129448189725 59.44042569802959264
  11.81082003178304340 59.01936421505502040
  11.64020527909209868 58.59830386629349164
  11.46958716440275161 58.17724479822266659
  11.29896581646088727 57.75618715698877281
  10.86607651597516622 56.68791627664828070
  10.43318424970528291 55.61964660643967306
  10.00028915239277083 54.55137803761306969
  9.56739135940972396 53.48311046118724477
  9.13449100672771941 52.41484376797485822
  8.70158823088646471 51.34657784860788610
  8.26868316896225863 50.27831259356299398
  7.83577595853618991 49.21004789318701000
  7.40286673766214953 48.14178363772251146
  6.96995564483465291 47.07351971733329066
  6.53704281895647021 46.00525602213003395
  6.21599030095688132 45.21302505635981106
  5.89493621280328206 44.42079404350171501
  5.53376136685610742 43.52956475237285616
  5.17258526329831358 42.63833542352875128
  4.81140805881025546 41.74710606166806315
  4.45022991029543036 40.85587667149620472
  4.08905097484340008 39.96464725772419513
  3.72787140969263664 39.07341782506757255
  3.36669137219333425 38.18218837824524314
  3.00551101977017465 37.29095892197834416
  2.64433050988508711 36.39972946098917816
