Number of disks = 492
Depot = yes (node 493)
Tour length = 109.62115758363025009
Tour sequence = 493 31 27 28 29 26 30 38 32 23 22 33 24 21 268 465 384 265 428 25 344 430 369 340 297 423 276 296 431 462 316 349 388 254 356 424 300 304 463 460 421 389 370 422 275 325 270 407 364 313 395 391 457 277 398 240 442 271 444 363 456 461 396 376 367 341 459 445 257 466 351 333 357 386 467 443 464 401 328 368 348 320 458 383 324 420 400 488 485 263 469 454 380 441 439 451 450 429 448 447 446 377 486 455 432 433 434 436 479 438 487 440 483 480 435 476 468 327 478 481 453 484 394 470 308 427 452 475 372 371 347 250 311 338 353 365 366 449 360 426 492 274 334 490 491 474 473 472 471 393 477 315 482 489 331 319 301 287 403 314 361 425 355 337 358 404 321 343 346 326 330 352 306 350 392 385 289 406 405 290 419 402 411 412 379 409 354 414 378 318 302 307 295 294 305 292 291 345 233 288 246 230 332 382 359 373 416 399 293 212 413 235 415 418 280 211 207 299 387 375 362 310 335 323 256 317 286 285 284 283 282 281 259 374 278 214 228 227 226 232 237 279 417 258 437 260 261 262 219 264 253 241 251 196 249 248 247 221 245 244 243 252 242 255 272 303 381 329 342 410 397 390 181 273 408 339 336 171 312 322 309 298 202 208 222 266 215 205 183 216 229 218 185 206 165 189 224 155 210 200 267 146 147 175 148 173 193 158 223 234 162 154 135 239 153 20 159 179 160 136 209 168 143 131 169 145 188 172 138 166 144 178 133 180 139 132 126 151 125 184 170 124 137 149 197 174 128 217 129 201 167 186 141 190 130 191 134 220 152 161 187 199 156 198 195 164 238 140 177 157 225 150 269 213 176 236 231 203 194 192 182 204 142 113 123 163 108 110 102 103 111 117 112 116 122 93 90 91 119 107 105 109 118 114 92 87 88 96 101 100 98 120 99 74 97 104 94 85 127 121 75 89 106 76 95 71 115 78 70 67 84 73 69 81 77 83 82 61 86 60 72 59 79 56 68 15 80 65 13 19 12 55 66 14 53 63 64 62 58 54 57 11 52 17 16 18 7 5 4 3 8 6 47 9 49 48 10 51 50 46 45 44 40 36 42 41 2 43 34 35 37 39 1
Tour visit points:
  0.00000000000000000 0.00000000000000000
  17.91076409767699218 8.30440390768438341
  18.73929578846171751 8.68855624028473450
  19.07760589763686454 8.84541519794286835
  19.41591600684975205 9.00227415540110165
  19.75422611608286161 9.15913311265047447
  19.82035875403202496 9.18979579837034954
  19.88649141375119100 9.22045849396809913
  20.32729121856376509 9.41612715106936271
  20.76809100505868955 9.61179581359220769
  21.20293045521409425 9.80481873478317922
  21.57395196938121629 9.96951323875313200
  22.58030733179300142 10.41622914531477129
  23.58666260669306780 10.86294506728487086
  24.59301769586458519 11.30966097507952206
  25.18654888129966452 11.57312652701144806
  25.20167622147037889 11.57984155445311636
  25.21680320479158510 11.58655649916785890
  25.34659908560448116 11.59146888011842158
  25.47639470161034225 11.59638113832057904
  25.60619010027840048 11.60129325462030003
  25.73598532977676356 11.60620521054284104
  25.86578043877013755 11.61111698837053297
  25.99557547621651210 11.61602857121756571
  26.12537049116350829 11.62093994310153100
  26.25516553254509589 11.62585108901149056
  26.37308874065313447 11.63031279079541314
  26.49101221807058693 11.63477424833848417
  26.54465210235045802 11.63680337344801252
  26.59829213408904636 11.63883224111597414
  26.65193225169489466 11.64086084645041907
  26.70557239349628276 11.64288918572859544
  26.75921249801349333 11.64491725641436304
  26.81285250422940436 11.64694505717127093
  26.86649235185751650 11.64897258787136458
  26.92013198160638510 11.65099984959961432
  26.97377133543956873 11.65302684465401661
  27.08371995537372712 11.65718148304951285
  27.19366838867558656 11.66133587995379273
  27.30361668087821769 11.66549004963052738
  27.41356487777446205 11.66964400739948537
  27.52351302516580844 11.67379776958786941
  27.63346116861211144 11.67795135347823354
  27.74340935318312518 11.68210477725318519
  27.85335762321265207 11.68625805993704603
  27.96330602205628324 11.69041122133469912
  28.07325459185345551 11.69456428196786035
  28.17323209216573332 11.69834061851592466
  28.27320972642678498 11.70211688940451999
  28.37318747492757964 11.70589311306692615
  28.47316531736698764 11.70966930845360388
  28.57314323301307013 11.71344549497741916
  28.67312120086531024 11.71722169245732559
  28.77309919981722430 11.72099792106062921
  28.87307720881871376 11.72477420124404723
  29.39421174900820333 11.74445819220813014
  29.47921097854654704 11.74443577994887633
  29.56420710359238413 11.74441239866640707
  29.64920275485359369 11.74438764466620100
  29.73420048949263617 11.74436111520510373
  29.81920277448077528 11.74433240870816064
  29.90421197149752075 11.74430112498674461
  29.98923032356109175 11.74426686545817233
  30.07425994354788301 11.74422923336698865
  30.15930280472914760 11.74418783400801836
  30.24436073342198483 11.74414227495135421
  30.32943540381960190 11.74409216626935937
  30.41452833503310060 11.74403712076580852
  30.49964089034449444 11.74397675420721576
  30.58477427863851617 11.74391068555643081
  30.66992955794944820 11.74383853720853388
  30.75510764102946837 11.74375993522907891
  30.84036041682570328 11.74367439438257854
  30.92570055258377693 11.74358145797584996
  31.01088949289146157 11.74348108110336142
  31.09528028164522340 11.74337393964159837
  31.17783548577305552 11.74326143384855925
  31.25730803712575678 11.74314539346754138
  31.33249059594228214 11.74302764627553408
  31.40243409421512055 11.74290962822149176
  31.46611649633441488 11.74279390519198785
  31.52265051394879691 11.74268352656121017
  31.57178321315323899 11.74258007068704224
  31.61412711226195427 11.74248251099056439
  31.65097908945842775 11.74238755650780419
  31.68391764857219428 11.74229086701956426
  31.71441824698597856 11.74218830395242996
  31.74361973492928612 11.74207672214919640
  31.77225747886149065 11.74195421614452783
  31.80071313621090212 11.74181997297288582
  31.82911719188381738 11.74167394220294369
  31.85745534731516670 11.74151648891530364
  31.88565251644737941 11.74134812021245189
  31.91362680108609595 11.74116931248635787
  31.94131683787775344 11.74098042855521129
  31.96869028440709215 11.74078169834804264
  31.99574137853658229 11.74057323596989910
  32.02248372428883982 11.74035507198986217
  32.04894223838883960 11.74012718742263672
  32.07514630174271275 11.73988954242115312
  32.10112485062467869 11.73964209725498975
  32.12690338325838013 11.73938482579852582
  32.15250250871640958 11.73911772296899869
  32.17793757393580734 11.73884080786606532
  32.20630699138796160 11.73851346625662373
  32.23605422022230016 11.73815493426864798
  32.26562747421024113 11.73778507046194619
  32.29425280266995912 11.73741418114398094
  32.32173750020499625 11.73704526054864061
  32.34817788389732129 11.73667757865681338
  32.37376504162263302 11.73630911101179386
  32.37455788343376639 11.73629424149496892
  32.38399199149102969 11.73614585889449380
  32.40400715509645835 11.73583250249064491
  32.43045663550366697 11.73541167042845146
  32.45966644839791115 11.73493561750645142
  32.48938894537580779 11.73443737180958557
  32.51846708491977722 11.73393496113452272
  32.54640205526459340 11.73343706536710407
  32.57305347175454102 11.73294698133398484
  32.59579479771557686 11.73252039808150826
  32.61443532279589164 11.73216341631211890
  32.63081344304664810 11.73184009051996135
  32.64699985714892705 11.73150902804816731
  32.66427939134552361 11.73114438243016444
  32.68302551613662388 11.73073865456525766
  32.70302046479666558 11.73029610745495255
  32.72382465420691489 11.72982513297953311
  32.74500409728567263 11.72933382404504243
  32.76620197061100015 11.72882900178495369
  32.78712456978883694 11.72831694190205987
  32.80751323324904689 11.72780405796183523
  32.94240053739169127 11.72439677779456702
  33.07685450351222300 11.72098680480467436
  33.21093859396201964 11.71757331016654469
  33.34471755578593388 11.71415550785974524
  33.47825485257215661 11.71073263935852538
  33.61161183310996137 11.70730396011314056
  33.74484804946657590 11.70386872617871710
  33.87802215002191986 11.70042618149549796
  34.01119277398521490 11.69697554861614464
  33.97678984859328466 11.73140907557787394
  33.94238425177137231 11.76583376528664537
  33.90797638018051430 11.80024923055014341
  33.87356662827686193 11.83465508036970881
  33.83915538911794840 11.86905092238985127
  33.80474305483721764 11.90343636470662503
  33.77033001685240521 11.93781101720309223
  33.73591666586482773 11.97217449255791877
  33.70150339169455833 12.00652640704259788
  33.66709058298483370 12.04086638119319908
  33.63267862679983011 12.07519404041777911
  33.59826790813243491 12.10950901558133985
  33.56385880933416388 12.14381094359587543
  33.52945170947576514 12.17809946803292398
  33.49504698364547295 12.21237423976876002
  33.46064500219048909 12.24663491766730949
  33.42624612990716315 12.28088116930247331
  33.39185072518493769 12.31511267171894630
  33.35745913910961491 12.34932911222894347
  33.32307171453146566 12.38353018924094862
  33.28868878510425589 12.41771561311565009
  33.25431067430149312 12.45188510704355878
  33.21993769441643707 12.48603840793824205
  33.18557014555270257 12.52017526733882136
  33.15120831461251782 12.55429545231496213
  33.11685247428969348 12.58839874636765188
  33.08250288207432277 12.62248495031878370
  33.04815977927649584 12.65655388318274888
  33.01382339007577116 12.69060538301324570
  32.97949392060334617 12.72463930771873741
  32.94517155806329356 12.75865553584021050
  32.91085646989919411 12.79265396728517956
  32.87654880301192151 12.82663452401224902
  32.84224868303412137 12.86059715066095777
  32.80795621366622328 12.89454181512200570
  32.77367147607861142 12.92846850904352962
  32.73939452838401110 12.96237724826949567
  32.70512540518332401 12.99626807320688471
  32.67086411718814531 13.03014104911876636
  32.63661065092221492 13.06399626634098965
  32.60236496850360766 13.09783384042070864
  32.56812700750916889 13.13165391217543920
  32.53389668092187037 13.16545664767195944
  32.49967387716139200 13.19924223812472341
  32.46545846019791526 13.23301089971407052
  32.43125026974824010 13.26676287332485238
  32.39704912155350769 13.30049842420654649
  32.36285480773672418 13.33421784155635770
  32.32866709723859344 13.36792143802709631
  32.29448573632932806 13.40160954916199287
  32.26031044919402291 13.43528253275886897
  32.22614093858901185 13.46894076816638552
  32.19197688656610268 13.50258465551522491
  32.15781795526172004 13.53621461488737410
  32.12366378774754594 13.56983108542673122
  32.08951400893924699 13.60343452439445677
  32.05536822655975016 13.63702540617260262
  32.02122603215342167 13.67060422121958574
  31.98708700214735146 13.70417147498119625
  31.95295069895600903 13.73772768676087530
  31.91881667212544116 13.77127338855298255
  31.88468445951314223 13.80480912384287251
  31.85055358849970730 13.83833544637754898
  31.81642357722838810 13.87185291891069383
  31.78229393586864759 13.90536211192591232
  31.74816416789976969 13.93886360234193766
  31.71403377141072610 13.97235797220364972
  31.67990224041223257 14.00584580736266282
  31.64576906615717888 14.03932769615128429
  31.61163373846553526 14.07280422805363251
  31.57749574704973838 14.10627599237770191
  31.55290645135815808 14.13037809500490560
  31.52831449583759849 14.15447555347719089
  31.50371988223928099 14.17856842919729488
  31.47912261217301122 14.20265678334922299
  31.45452268709981070 14.22674067688968513
  31.42992010832500327 14.25082017054029571
  31.40531487699164614 14.27489532478050371
  31.38070699407436237 14.29896619984123340
  31.35609646037347886 14.32303285569916085
  31.33148327650953036 14.34709535207162112
  31.30686744291800139 14.37115374841209459
  31.28224895984441289 14.39520810390621719
  31.25762782733960066 14.41925847746830058
  31.23300404525527085 14.44330492773830876
  31.20837761323972259 14.46734751307924860
  31.18374853073384401 14.49138629157495650
  31.15911679696720071 14.51542132102820304
  31.13448241095436231 14.53945265895914218
  31.10984537149132834 14.56348036260400391
  31.08520567715210703 14.58750448891405505
  31.06056332628543615 14.61152509455475368
  31.03591831701162462 14.63554223590510439
  31.01127064721944393 14.65955596905716618
  30.98662031456322552 14.68356634981567410
  30.96637819935239833 14.70327705298517529
  30.94613373275063495 14.72298418670260389
  30.92588706743248750 14.74268764463580261
  30.90563835316394758 14.76238732275860421
  30.88538773617862532 14.78208311995607893
  30.86513535858012958 14.80177493860440840
  30.84488135777454687 14.82146268512168596
  30.82462586593655374 14.84114627048604262
  30.80436900951274026 14.86082561071780361
  30.78411090876517164 14.88050062732255086
  30.76385167735817916 14.90017124769230783
  30.74359142199094563 14.91983740546228354
  30.72333024207818042 14.93949904082097468
  30.70306822948089476 14.95915610077165958
  30.68280546828883715 14.97880853934377221
  30.66254203465591388 14.99845631775285426
  30.64227799668948293 15.01809940450823433
  30.62201341439408608 15.03773777546788359
  30.60174833966973651 15.05737141384029520
  30.58148281636462684 15.07700031013359165
  30.56121688038160400 15.09662446205239839
  30.54095055983749418 15.11624387434345884
  30.52068387527392446 15.13585855859121132
  30.50041683991796049 15.15546853296500807
  30.48014945999061709 15.17507382191993059
  30.45988173506074048 15.19467445585343235
  30.43961365844172207 15.21427047072049277
  30.41934521762801324 15.23386190761005743
  30.39907639476827939 15.25344881228596172
  30.37880716717163310 15.27303123469570956
  30.35853750784333371 15.29260922845066339
  30.33826738604604500 15.31218285028145587
  30.31799676788259035 15.33175215947256298
  30.29772561689607713 15.35131721728007292
  30.27745389468311288 15.37087808633685171
  30.25718156151573268 15.39043483004932433
  30.23690857696777101 15.40998751199013661
  30.21663490054123002 15.42953619529099107
  30.11820063845060247 15.52444586744161192
  30.01976572638187690 15.61935173280587286
  29.92133018618201135 15.71425388562200354
  29.82289404058201754 15.80915241871026389
  29.72445731337759156 15.90404742328892596
  29.62602002957795833 15.99893898882323739
  29.52758221552010198 16.09382720291038638
  29.42914389894655258 16.18871215120262264
  29.33070510904580175 16.28359391736972839
  29.23226587645528696 16.37847258310122811
  29.13382623322797826 16.47334822814766042
  29.03538621276429055 16.56822093039950161
  28.93694584971195027 16.66309076600150973
  28.83850517983711370 16.75795780949943392
  28.74006423987077241 16.85282213401555751
  28.64162306733484087 16.94768381144885083
  28.54318170035276125 17.04254291269522881
  28.44474017744985161 17.13739950788293953
  28.34629853734851324 17.23225366661812430
  28.24785681876364762 17.32710545823533010
  28.13389595388573738 17.43690813160869624
  28.01993492736728442 17.54670876432181359
  27.90597369773201208 17.65650751937072727
  27.79201222361021806 17.76630455966446576
  27.67805046376775735 17.87610004808023589
  27.56408837713509996 17.98589414752118643
  27.45012592283612207 18.09568702097604742
  27.33616306021665565 18.20547883157987457
  27.22219974887223515 18.31526974267512387
  27.10823594867493469 18.42505991787216857
  26.99427161979878065 18.53484952110829198
  26.94740098495288549 18.58000216831578655
  26.90052996842447897 18.62515420720963633
  26.85365864386933055 18.67030562049588482
  26.80678708495416629 18.71545639158280139
  26.75991536528979609 18.76060650465498725
  26.71304355836802813 18.80575594473678436
  26.66617173750283598 18.85090469774391408
  26.61929997577620455 18.89605275052238298
  26.57242834598897119 18.94120009087401968
  26.52555692061679338 18.98634670756829124
  26.47868577177135307 19.03149259034022833
  26.48694470369445852 19.13018456641205489
  26.49520387273139477 19.22887591488596826
  26.50346325862318508 19.32756669019340734
  26.51172284075757091 19.42625694752897303
  26.51998259818906334 19.52494674277930642
  26.52824250966561692 19.62363613244643190
  26.53650255366137856 19.72232517356658121
  26.54476270841478680 19.82101392362555359
  26.55302295197115470 19.91970244047134031
  26.56128326222862057 20.01839078222486989
  26.56954361698644362 20.11707900718943520
  26.57780399399445059 20.21576717375951660
  26.58606437100245756 20.31445534032960154
  26.58606437100245756 20.31445534032960154
  26.58606437100245756 20.31445534032960154
  26.58606437100245756 20.31445534032960154
  26.58606437100245756 20.31445534032960154
  26.58606437100245756 20.31445534032960154
  26.58606437100245756 20.31445534032960154
  26.58606437100245756 20.31445534032960154
  26.58606437100245756 20.31445534032960154
  26.58606547966161671 20.31445798699779459
  26.58606658818876411 20.31446063360154142
  26.72282662628796501 20.27722102315649622
  26.85883841369967939 20.24017259971277838
  26.99615853317348524 20.20274715721770065
  27.13774393929519846 20.16413100889409904
  27.28664620905882643 20.12348539547653914
  27.44532733988289763 20.08013363589286371
  27.61522246811967563 20.03368074590138193
  27.79655917404840793 19.98406288473644565
  27.98838952841618877 19.93153860418412293
  28.18877967045017741 19.87663697037681487
  28.39510372389709758 19.82007708317182448
  28.60438987135325206 19.76267326168134986
  28.81366641439676712 19.70524018659180143
  29.00575997413739060 19.65249050265782671
  29.19994850775436035 19.59913369373327541
  29.39714381078642091 19.54491996563196210
  29.59812067138064506 19.48963747152625814
  29.80348972564909360 19.43311972935032017
  30.01367676043157573 19.37525127464618890
  30.22890978706272946 19.31597118579659522
  30.44921463925206950 19.25527427299739713
  30.67441925849524509 19.19320988316682985
  30.90416629474820809 19.12987841997197691
  31.13793320433603284 19.06542580114206942
  31.37505868001580467 19.00003617154698787
  31.61477399512416397 18.93392326117703917
  31.85623767791915739 18.86732082385054809
  32.09857185001184376 18.80047261601100672
  32.34089856395595319 18.73362237529517316
  32.70157419445898483 18.63412160541998830
  32.84617033270382791 18.59423047111943816
  32.99076645676534980 18.55433931781844592
  32.99262296197507283 18.55382713403070127
  32.99447946718479585 18.55331495024296018
  32.99447946718479585 18.55331495024296018
  32.85624858493117983 18.86114686399904272
  32.71801770267756382 19.16897877775512882
  32.57978682042394780 19.47681069151121491
  32.44155593817033179 19.78464260526730101
  32.30332505591672287 20.09247451902339066
  32.16509417366312107 20.40030643277948030
  32.02686329140951216 20.70813834653556995
  31.88863240915591746 21.01597026029165960
  31.57048234186024160 21.72447144671671282
  31.25233227456457286 22.43297263314176249
  31.03808608123782165 22.91008610179297023
  30.82383988791107399 23.38719957044417797
  30.37025138510406919 24.39731405861389391
  30.16071542927203453 24.70724091356792229
  29.95117947343999276 25.01716776852194712
  29.74164351760795100 25.32709462347596485
  29.53210756177590568 25.63702147842999324
  29.32257160594385681 25.94694833338401807
  29.11303565011180439 26.25687518833804646
  28.90349969427974841 26.56680204329208195
  28.69396373844769244 26.87672889824611744
  28.48442778261562935 27.18665575320014582
  28.28415339297680475 27.19104006574242760
  28.08387900333798370 27.19542437828470938
  27.88360461369916266 27.19980869082699826
  27.68333022406033450 27.20419300336928359
  27.48305583442150279 27.20857731591157602
  27.28278144478267109 27.21296162845387201
  27.08250705514383583 27.21734594099616800
  26.88223266550499702 27.22173025353846754
  26.68195827586615465 27.22611456608076708
  26.48168388622730873 27.23049887862307372
  26.28140949658845926 27.23488319116538037
  26.08113510694960979 27.23926750370769057
  25.88086071731075677 27.24365181625000432
  25.68058632767189664 27.24803612879231807
  25.48031193803304006 27.25242044133463537
  25.28003754839417638 27.25680475387695978
  25.07976315875530560 27.26118906641928419
  24.87948876911643836 27.26557337896161215
  24.67921437947756758 27.26995769150394366
  24.47893998983869324 27.27434200404627518
  24.27866560019982245 27.27872631658861380
  23.87459951063835817 27.28757194097220307
  23.47053342107690099 27.29641756535579233
  23.14375006785544642 27.30943648707146210
  22.81696671463399539 27.32245540878713541
  22.49018336141254437 27.33547433050280873
  22.16340000819109690 27.34849325221847849
  21.83661665496964233 27.36151217393414470
  21.50983330174818775 27.37453109564980736
  21.18304994852673317 27.38755001736546646
  20.98053640287644583 27.39561807827245588
  20.77802285722615849 27.40368613917944529
  20.57550931157586760 27.41175420008643471
  20.53337278949363309 27.33356839021352158
  20.49123626741139859 27.25538258034061201
  20.44909974532916408 27.17719677046769533
  20.40696322324692602 27.09901096059478220
  20.36482670116468796 27.02082515072186197
  20.32269017908244635 26.94263934084893819
  20.28055365700020118 26.86445353097601085
  20.23841713491795957 26.78626772110308352
  20.19628061283571441 26.70808191123015263
  20.15414409075346569 26.62989610135722174
  20.11200756867121697 26.55171029148428730
  20.06987104658896826 26.47352448161135285
  19.96603267496403333 26.28084870344593327
  19.86219430333909841 26.08817292528051013
  19.75835593171415994 25.89549714711507988
  19.65451756008922146 25.70282136894965319
  19.55067918846427943 25.51014559078421939
  19.44684081683933741 25.31746981261878204
  19.34300244521439538 25.12479403445334114
  19.23916407358944980 24.93211825628790024
  19.13532570196450422 24.73944247812245223
  19.03148733033955509 24.54676669995700422
  18.92764895871460595 24.35409092179155266
  18.82381058708965682 24.16141514362610110
  18.71997221546470414 23.96873936546064598
  18.61613384383975500 23.77606358729519087
  18.51229547221480232 23.58338780912973931
  18.40845710058984963 23.39071203096428064
  18.16589680559675202 23.05825079510255549
  17.92333651060365085 22.72578955924081967
  17.68077621561055324 22.39332832337908741
  17.43821592061745207 22.06086708751735870
  17.19565562562435446 21.72840585165563354
  16.98483834069621423 21.43945264482424307
  16.77402105576807401 21.15049943799284549
  16.56320377083993023 20.86154623116145146
  16.35238648591179000 20.57259302433005743
  16.02822961720304917 20.12829280121626851
  15.70407274849431012 19.68399257810247960
  15.38237861376698667 19.24306786037832140
  15.06282974286821386 18.80508351285658719
  15.06282974286821386 18.80508351285658719
  15.07976220550841440 18.79072793691099008
  15.09669466814861494 18.77637236096539652
  15.11362713078881370 18.76201678501979941
  15.21309004007077093 18.67769075529171729
  15.31255294935273170 18.59336472556363518
  15.41201585863469070 18.50903869583555306
  15.91665448464336485 18.08119909124372882
  16.42129311065205499 17.65335948665187260
  16.92593173666072204 17.22551988206006257
  16.94167819296972510 17.21216981868055385
  16.95742464927874593 17.19881975530095630
  16.95742464927824500 17.19881975529998286
  16.90378297829715493 17.09472840663087823
  16.85014130731600090 16.99063705796162793
  16.79649963633485044 16.88654570929235277
  16.66522802732617592 16.63181392011114212
  16.53395641831750495 16.37708213092992438
  16.40268480930883399 16.12235034174870663
  15.50333455532777371 15.23837067359130337
  14.60398430134671344 14.35439100543390012
  13.70463404736565494 13.47041133727649687
  12.14556380305690908 11.93798679956445952
