Number of disks = 99
Depot = yes (node 100)
Tour length = 89.66792264654175426
Tour sequence = 100 48 51 35 62 19 37 92 87 26 21 55 25 95 9 56 10 28 12 47 20 82 85 18 86 65 14 96 68 99 31 33 45 78 80 57 72 74 76 46 61 7 67 75 36 29 58 23 22 42 90 94 70 98 49 97 17 11 32 89 38 66 52 34 8 88 50 1 13 79 81 24 84 27 41 15 73 69 54 91 63 77 39 4 16 71 53 43 64 44 93 6 5 83 59 40 60 3 30 2
Tour visit points:
  2.77999999999999980 1.65000000000000013
  2.85388218306264596 2.18939453325355116
  2.92776428195021809 2.72878899766641192
  3.00164626819260372 3.26818336995493031
  3.14413607146637153 4.30846768863078200
  3.28662570559083456 5.34875193459510001
  3.42911516538378569 6.38903612567366164
  3.63081009316238879 7.86156760031174251
  3.83250487005499396 9.33409903947583430
  4.03419952555302963 10.80663045645210651
  4.23589409680823170 12.27916186526869957
  4.31579304311862622 12.86248842974787721
  4.39569194180559641 13.44581493868644628
  4.47559081562315875 14.02914137735621658
  4.76195930012457946 14.50235967893034683
  5.04832777093684371 14.97557794182560542
  5.33469623490453149 15.44879618538143262
  5.62106469887221749 15.92201442893725805
  5.62106469887222016 15.92201442893725982
  7.39580739089892614 15.64105543576444290
  9.17064694140765013 15.36009445064221701
  10.94568893125382125 15.07912928608576308
  12.72074791023278806 14.79816376964758184
  13.64473213902013171 14.90542776143935022
  14.31781709148035908 14.98358190460680994
  14.63406189688787684 15.02032488742491623
  15.13030336805708664 15.07787585174919620
  15.88272097904138214 15.16502261982964939
  16.76330792130427483 15.26690807603527666
  17.64403171961569683 15.36869381756245012
  18.33333065952259844 15.44823433445812100
  19.04260233972811278 15.52996998942769480
  19.76647295826225204 15.61330199187247558
  20.51431087644908047 15.69933271333315261
  21.26842439291244347 15.78605122937320893
  22.02259833974470382 15.87276792451754304
  23.88661171401605188 15.54375745040003309
  26.17227425057486201 15.14032561879685979
  26.83042631196184757 15.02415965853485780
  27.48858121269926968 14.90799363375015396
  28.75959218950100649 15.07320705233053992
  30.03060940057639883 15.23842089871707728
  31.30163514920615242 15.40363547945759848
  32.57267183604591310 15.56885111048053538
  33.90504783004839595 15.65183281980312557
  35.23740856124552323 15.73482840278576766
  35.28620570760961073 14.25846376030740714
  35.33494623167137405 12.78211962579672090
  35.38361647846713964 11.30579576646439577
  35.43220922554834118 9.82948981601995619
  35.48072360153062732 8.35319793574357305
  35.52915386598277792 6.87691691377956182
  35.55897006636217839 5.96578647469616996
  35.58875297937040472 5.05437862274921734
  35.55306913944588132 4.92594675535551385
  35.51747228722656047 4.79757210204130935
  35.08828863590882463 4.85674806331699926
  34.65894452992034758 4.91608588641370314
  34.22992713517059826 4.97552458126141950
  33.24943261408681394 5.11150971458077130
  32.26718737766669420 5.24785757413126941
  31.28412206633560899 5.38440619578296698
  30.30115459661670485 5.52098915363985743
  30.04922981919905567 5.55602760230667414
  29.79743302030840013 5.59106530813510627
  28.47759499005483974 5.42294221262436871
  27.83937946594942403 5.34163109425854987
  27.20120772565268652 5.26031495613103939
  26.56308442007822634 5.17899877998862390
  25.98348613703113585 5.10513845200116290
  25.71641018615601482 5.16367828947246732
  25.15330438631095689 5.28710501723311310
  24.59018867714088330 5.41053390966731573
  24.02706103900127843 5.53396493111551457
  23.46392130590046321 5.65739787933906513
  22.90077086789290917 5.78083240938964860
  22.33761218938494508 5.90426807010854660
  21.77444824583695393 6.02770435022337647
  20.80620211628561833 6.04556332720898926
  19.83794039672482157 6.06342733293554570
  18.86966062189096860 6.08129806485168078
  17.90136224462479930 6.09917680938375462
  16.93304648155819692 6.11706442069291967
  15.96471600415481440 6.13496132329140309
  14.99637452207292831 6.15286753478897097
  14.02802631106136566 6.17078270442133636
  13.05967573765392942 6.18870616282001063
  12.71185525693766216 6.19515180586175873
  12.36404256072661312 6.20160428266469843
  12.01624214850172834 6.20806252670750602
  11.66845793447987134 6.21452530747119347
  11.03144071887799349 6.22636545464040925
  10.88379694011147159 6.14448851934797080
  10.73615912435412234 6.06261154980229833
  10.58852511441491195 5.98073334750542518
  10.12199848902436905 5.72199323575933150
  9.30292636335480161 5.26772506017915809
  8.48385708775035141 4.81345585376501806
  5.40700188311715380 3.10698044747794411
  4.09350094155857658 2.37849022373897201
