Number of disks = 317
Depot = yes (node 318)
Tour length = 1425.63024576744942351
Tour sequence = 318 271 263 273 267 265 256 274 253 269 254 315 268 272 261 266 250 259 262 264 251 255 258 260 257 314 252 249 248 245 246 247 244 223 224 215 228 214 227 219 226 234 237 225 238 213 235 222 236 218 233 212 211 217 109 229 110 240 216 239 221 220 313 243 230 140 232 119 231 144 139 143 241 242 142 118 130 121 122 113 123 114 131 209 129 147 148 151 152 157 141 146 159 160 145 150 156 38 138 149 153 154 155 39 132 125 35 117 133 34 208 134 128 4 124 137 136 107 108 126 127 116 135 106 115 14 120 13 111 112 9 5 26 17 3 18 20 15 21 11 22 7 6 1 2 33 12 8 103 10 16 29 24 40 25 44 19 104 27 23 37 28 30 31 48 32 51 36 316 42 47 53 317 43 58 105 41 54 46 56 45 49 52 55 63 50 67 57 69 83 59 70 71 80 64 62 72 89 75 78 74 68 96 81 76 97 77 98 73 84 82 79 92 85 101 91 102 86 93 99 90 94 201 206 207 100 202 190 95 182 198 196 87 197 189 88 191 187 210 184 61 188 183 65 60 178 66 173 172 169 164 185 161 181 176 162 175 163 177 158 186 166 168 171 167 170 165 174 194 179 204 180 203 200 195 288 294 293 301 311 292 302 199 312 296 193 289 205 306 281 307 277 299 282 287 278 295 303 286 192 283 308 284 309 291 279 280 300 290 285 297 304 310 298 305 276 270 275
Tour visit points:
  169.30000000000001137 405.50000000000000000
  170.73954686380784551 387.37352356390351815
  172.17909372679412172 369.24704712817970176
  173.18007573176390679 356.64288868843959790
  174.18105773573518036 344.03873024922535251
  175.18203973878269153 331.43457181052451688
  175.32661917608481872 329.61405741660848889
  175.47119861283417208 327.79354302194553838
  171.55200104058110355 326.92848239396386134
  167.63280346982247693 326.06342176618528583
  164.20789907071440439 325.88201620632878530
  160.78299467337799911 325.70061064671313034
  157.35809027766418922 325.51920508731791415
  153.93318588327241514 325.33779952810243685
  150.50828148979707066 325.15639396901144664
  147.08337709677985572 324.97498840998281366
  143.65847270376266920 324.79358285095412384
  143.65847270376264078 324.79358285095412384
  141.81996517068924391 326.21886607848216499
  139.98145763775175965 327.64414930606801590
  138.14295010501493266 329.06943253373913194
  136.30444257254040963 330.49471576152171792
  134.46593504038594347 331.91999898944038705
  132.62742750860485330 333.34528221751770616
  126.89155903239425527 337.79195268117177875
  121.15569055791789310 342.23862314430260767
  115.41982208581535474 346.68529360658317273
  109.68395361668851251 351.13196406770140356
  103.94808515109400560 355.57863452736398813
  96.65882241383835094 356.47508355759731558
  89.36955967696677305 357.37153258391737154
  82.08029693891893430 358.26798160518580971
  74.79103419817032261 359.16443062034352351
  67.50177145325142192 360.06087962842400430
  60.21250870276617917 360.95732862856465317
  52.92324594540932026 361.85377762001780866
  48.82176988083934077 362.35818583408479299
  44.72029380620743666 362.86259403923367017
  44.73360647928864609 356.12859151395281287
  44.74691913341129634 349.39458898016113153
  44.76023176456909880 342.66058643822924523
  44.77354436912084878 335.92658388863179653
  44.78685694383715798 329.19258133194063021
  44.80016948594160908 322.45857876881706261
  44.80769827523811699 318.65020670011233506
  44.81522703016707254 314.84183464509584383
  44.82275575057961703 311.03346261336656653
  44.83028443681394037 307.22509061403070518
  44.83781308968823964 303.41671865557378851
  44.84534171048751006 299.60834674574294922
  44.85287030094421112 295.79997489144102474
  44.86039886321317738 291.99160309863390239
  44.86792739984089451 288.18323137227270081
  46.38315258225012627 286.50568632358806553
  47.89837779441243271 284.82814129644333434
  49.41360306282622616 283.15059626832623962
  50.92882841263529059 281.47305121716453868
  52.44405386724437790 279.79550612167065538
  53.95927944796715536 278.11796096166858661
  55.47450517371122913 276.44041571839863991
  56.98973106070465633 274.76287037479522724
  58.50495712226737055 273.08532491573470224
  60.02018336863032033 271.40777932824971685
  61.53540980680470796 269.73023360170714113
  64.97006089444539612 265.92764409456162866
  68.40471211379137628 262.12505449858645079
  71.83936343206733000 258.32246484049369428
  75.27401481544328021 254.51987514739889207
  78.70866622961561632 250.71728544632784974
  82.14331764038598749 246.91469576373467021
  81.78551509087745330 245.99345620287809311
  81.42771253708298218 245.07221665251771014
  80.91821263233170214 243.76039969529270479
  80.36937038788245502 242.34728744235266618
  78.16106281284801582 236.66152521517275886
  75.95275524396257083 230.97576295902828747
  73.74444768622021229 225.29000065957342258
  71.53614014461318504 219.60423830278082846
  69.32783262405773428 213.91847587502718397
  67.11952512932039383 208.23271336317702662
  68.37954051244474840 207.36216685473957000
  69.63955589597028961 206.49162025975675760
  77.05726861621589308 201.36671082187368143
  84.47498123329644670 196.24180125760821625
  89.46386504951991014 192.79497318092958835
  94.45274895982799990 189.34814477274363753
  99.44163306108887923 185.90131593477048000
  104.43051744808614956 182.45448657251773739
  109.41940221285740620 179.00765659594114254
  114.40828744405688155 175.56082592006879395
  114.57184126798627233 174.79446040966857367
  114.73539544701561965 174.02809501444011175
  114.89894992204089874 173.26173013742010198
  115.06250463224566261 172.49536617498623059
  114.10272850335420003 171.38692969401046184
  113.14295181812974533 170.27849353231482610
  112.18317418978463706 169.17005739095307604
  111.22339524123499643 168.06162097301196923
  110.47652229255571399 167.19906831413499049
  109.72964856839028869 166.33651619300178481
  108.98277434758162485 165.47396500775937511
  108.23589991055196435 164.61141514664348051
  107.48902553724597908 163.74886698514913519
  101.31460883600672673 156.61817614954375699
  96.50151295202927315 155.46118108762405541
  91.68841349671777152 154.30418141479560745
  86.87531059326916250 153.14717602504651950
  82.06220439099385544 151.99016386595403105
  77.48772874205715766 150.89050863247777556
  72.91325248339984455 149.79084538064103072
  68.33877695563153054 148.69117358614997215
  63.76430348253448699 147.59149279692263690
  59.18983336065147682 146.49180263646317712
  54.61536784915107035 145.39210280665392361
  52.81531518698664485 144.95935988206375100
  51.01526056050924041 144.52660550169332510
  49.21520073359101133 144.09383891885420326
  47.41513253903438851 143.66105949223182847
  45.61505290376764066 143.22826669056345850
  45.32566927377007460 139.63556657543682604
  45.03627061736665382 136.04287098692529412
  44.74685534246363972 132.45018874474894233
  44.45742200765945995 128.85752848523517855
  44.15707371171875906 125.12965508388602132
  43.85670264020786391 121.40179319134968239
  43.55630673796522956 117.67393747120874536
  43.25588417255618623 113.94608258013289515
  42.95543334742669117 110.21822321211354279
  42.65495291289813196 106.49035414198662863
  42.35444177493424434 102.76247026788033168
  41.81904790837894126 96.12121040060384303
  41.28362292181574844 89.47995125917370274
  40.74816699140533416 82.83870053769204844
  40.21268054454028373 76.19746579943939935
  39.67716425348534415 69.55625441602471426
  39.20921055931770383 63.75331078517879746
  38.74122595406991820 57.95036609821045204
  38.27321028310338136 52.14740825944185332
  37.80516364314463829 46.34442537642119930
  37.62076571402695180 44.05855535808944268
  37.43633992120847154 41.77268003246388872
  37.25188814091057310 39.48680925290781829
  37.06741244324626905 37.20095275701714854
  36.88291507412773029 34.91512008905750974
  40.02333873811154774 34.87060900540132025
  45.41615660021517442 34.79420392534031947
  50.80894291029141385 34.71783386211210143
  56.20169433515885515 34.64150259931605547
  61.59440785227299386 34.56521357430492714
  66.98708077249564496 34.48896985224039469
  72.38793117277334943 34.41265788444050600
  77.78877054958695680 34.33639567558034855
  83.18961370256093346 34.26018482367589257
  88.59047527871632610 34.18402649148117689
  93.24266438081991737 34.11847881304355923
  97.89483152033244551 34.05298524654056536
  100.27455132441977526 34.01953687286368222
  102.65425527209004031 33.98614148914190025
  105.03394658758128344 33.95279788174514124
  107.41362857281747267 33.91950441848538134
  109.79330457951893152 33.88625906530813836
  112.17297798112880969 33.85305940623179310
  114.69029683148160359 33.81798220109920550
  117.20760715380285433 33.78294471373150998
  119.72490611737042343 33.74794348634711127
  122.24219100921663994 33.71297478887114352
  125.26705205844217517 33.67098270668384430
  128.29193563699817560 33.62901293976050709
  141.98593853980341351 33.43901110514686081
  142.01633518302119796 33.43901210953735870
  144.46147046260801972 33.43909297416969650
  146.90667718739882730 33.43917419543369363
  149.35198872007717341 33.43925604561638920
  151.74284870380390089 33.46785179021258472
  154.13373734770874535 33.49642345493411000
  156.52461648833906338 33.52495959516575397
  158.91544879404347057 33.55344958606796979
  161.66186137919649468 33.58612039444266628
  164.40819957112228167 33.61872395895920818
  167.15445082803353216 33.65125088223924621
  169.90060310531418963 33.68369222972761889
  172.64664448233330063 33.71603919400034499
  175.39256274542864844 33.74828272225280301
  179.37647523893696189 33.79494755426349428
  183.35426178714519097 33.84141004826123122
  187.32518251182071367 33.88764546746683237
  191.28990762168828610 33.93364431677955650
  195.25012607956870170 33.97940794137694098
  199.20803613789107089 34.02494292863404013
  203.16583594474289498 34.07025565223045049
  206.21388695761262966 34.10491740427816154
  209.26263324614347994 34.13933818569402234
  212.20305480366261008 34.17227511303651255
  215.14367847011823187 34.20494286987970867
  218.08426186617819553 34.23732982289857318
  221.02456442736624354 34.26942622216962064
  227.08661067064687700 34.33529952208063207
  233.14895141540492318 34.40086542567858885
  238.51747595732311424 34.45860973220874968
  243.88605375816067067 34.51603155271496348
  249.25456528866624240 34.57312601740564162
  254.62289200518557664 34.62988972207035232
  259.99091647789748549 34.68632048215369679
  261.03391459580512901 34.69695609898229804
  262.07661290023503398 34.70726190001946776
  263.11901417205581311 34.71724116067371568
  264.13905847434330099 34.72668700435468025
  265.15892407565405620 34.73581721376014286
  266.17867091938222757 34.74463901165601243
  267.68654361182410639 34.75738734455438816
  269.19402930710117516 34.76984855601403268
  270.70106844834413096 34.78203592443200165
  272.20765430038801469 34.79396455449315795
  273.71382543589163561 34.80565131562966741
  275.21965282113916373 34.81711470246944629
  276.72522418369567276 34.82837463668735012
  278.23062834675533850 34.83945223257699553
  277.30907888769758074 46.44652825908227811
  276.38739853883555497 58.05348332148096091
  275.46560677586097654 69.66034917681494676
  274.54372378328747573 81.26715799113135574
  273.62177030296373914 92.87394209530596356
  272.69976747087901003 104.48073373983487500
  271.77773664776242413 116.08756485837675143
  271.27273908589955909 122.44449543681948001
  268.89074992646118289 124.76766393462392557
  266.50875315672141141 127.09085151543905567
  264.12675206727567456 129.41405255390165507
  261.74474995896235896 131.73726136216617988
  259.36275011561383508 134.06047223687210135
  258.29115161124559563 135.10562627220164700
  252.83913697507122720 137.09532142347694617
  247.38712921169508263 139.08501213149813225
  241.93512718692625185 141.07469904955448214
  236.48312974055417612 143.06438284768685776
  231.03113569364532509 145.05406420825198666
  225.57914385516778566 147.04374382196436954
  220.12715302829678876 149.03342238421015509
  214.67516201675442744 151.02310059142698151
  213.32625464849900254 151.51537756718553851
  211.97734782297314382 152.00765405377239858
  211.23497369528971035 153.53032017719152691
  210.49260005639419546 155.05298585707842562
  209.75022687765977025 156.57565111775883793
  209.00785412948522435 158.09831598445023815
  208.08362271191671766 159.99398772250899015
  207.15939147170914225 161.88965949482815176
  206.06345476392453975 164.13751317887249570
  204.96751815233349703 166.38536695324131642
  203.87158159552762982 168.63322084739550633
  202.77564505147398677 170.88107489223466473
  201.67970847747085372 173.12892912043758997
  200.58377183011418765 175.37678356677182023
  200.09001685780489765 177.87448998963671443
  199.59626184977909702 180.37219638571465907
  198.99227308333883002 183.42753042100403604
  198.38828426653168435 186.48286440742199943
  197.78429538959079537 189.53819833142483731
  197.18030644088287318 192.59353217744069298
  196.39478968079498600 196.56714066241025307
  199.47507137372312513 206.93810131306011613
  202.55535393854984250 217.30906239283950754
  203.15229019798789523 219.31887612876190019
  203.74922757170074306 221.32869055946156323
  204.34616620151930988 223.33850583010459445
  204.94310623992458886 225.34832209286139459
  205.54004784668643424 227.35813950524538996
  220.45541815828903509 227.10455568172852736
  235.37079446378103853 226.85097724361568794
  246.88964120992852713 226.65515079847932611
  258.40849276120547984 226.45933295602921476
  261.95972605926476717 226.39897191548064370
  265.51096933799601629 226.33862017911204134
  266.05351549590625382 236.53910131922793880
  266.59608811098894421 246.73961911702392058
  267.13869496294040573 256.94018659025829265
  267.21035431285736195 258.28671767998611131
  267.28204606240990415 259.63324256865718098
  267.35376906754584070 260.97973218402188422
  267.42552212599690620 262.32615652155288899
  267.49730410232081113 263.67248405735608685
  267.56911396563964445 265.01868180673096731
  267.64095036851688292 266.36471886341263371
  267.71281283375634530 267.71055770980791522
  266.84340295730510206 270.38004326246152687
  265.97396347648668780 273.04934118232506535
  265.10446300035084732 275.71844770325083118
  264.23489724064484108 278.38741631168409185
  263.16603790988136780 281.66795877957287075
  262.09708917548920226 284.94885462540815979
  261.02910529392511307 288.22129549636269985
  259.96097212093837925 291.49501496176185356
  260.07639218317217455 292.89254671869321101
  260.15009147597749006 293.79020520695212326
  260.21627038965840484 294.59378267925893624
  260.29650324844931220 295.55905397340552554
  260.39834214440293181 296.77492295452248072
  260.41088344115740938 296.92537743231605418
  260.55064483522448882 298.57153234185426527
  260.77951837530167722 301.26257987971450802
  261.13994974543413718 305.49187711683822499
  261.53513039338696444 310.11657144754434512
  261.94738107109850489 314.92591380376654797
  262.36744890792959950 319.80966871440017485
  262.79109168340875158 324.71757432048963210
  263.21650804139159163 329.62883066691279055
  263.64308709555183441 334.53710390120733109
  264.07080893319653114 339.44329763787476395
  264.49962812945898349 344.34834211859009656
  265.09143883283360310 351.10626169785274442
  265.68397687362840998 357.86333413132985015
  266.27704465128408629 364.61972578302442116
  266.87044021224443213 371.37560977532024253
  256.55045158238777958 374.98538760675990034
  246.23053889598290311 378.59482116006353181
  226.99786568700801581 385.32129034328960415
  207.76523096301227156 392.04758505327373541
  188.53261548150615567 398.77379252663683928
