Number of disks = 441
Depot = yes (node 442)
Tour length = 144.83019725248087184
Tour sequence = 442 35 34 1 2 68 69 6 67 38 36 42 71 3 75 4 5 37 7 116 39 70 74 73 78 12 40 8 72 45 14 41 77 99 44 9 43 15 107 100 13 80 48 79 10 118 11 47 139 46 140 76 141 176 154 105 393 129 138 188 397 106 165 177 117 128 189 222 175 164 153 230 201 163 229 211 213 223 246 212 245 231 247 402 249 221 248 250 200 415 202 254 215 251 214 417 255 203 252 190 233 216 418 204 253 257 192 224 178 256 398 395 180 409 166 232 191 225 179 143 194 394 181 142 155 131 144 193 130 168 157 391 145 156 108 109 167 132 390 378 119 439 121 54 20 21 18 17 50 388 49 16 84 86 382 19 22 52 83 56 81 82 51 23 85 87 88 120 89 110 24 53 385 90 55 57 381 92 26 101 25 111 122 28 123 29 95 58 61 124 60 91 93 98 59 27 377 33 94 376 383 31 63 30 32 379 62 380 97 113 65 384 64 96 134 436 147 160 170 148 125 183 133 146 182 112 158 135 199 209 219 171 169 210 159 184 411 220 237 226 265 410 197 414 198 206 218 196 207 236 195 262 205 263 261 208 408 217 404 260 419 412 264 258 416 413 422 423 259 420 438 275 306 305 272 307 268 304 331 432 330 337 427 437 336 333 372 370 335 375 338 332 374 345 368 371 373 328 369 367 365 329 334 327 366 303 364 301 326 431 363 344 429 298 299 325 362 361 324 323 430 300 360 297 302 321 359 278 322 294 435 295 358 296 320 318 357 293 319 291 434 317 316 356 292 289 355 290 343 288 315 424 287 354 353 421 285 425 352 311 286 351 348 309 350 314 349 340 313 346 308 347 433 339 312 426 440 342 341 279 428 310 277 270 284 276 273 281 282 269 271 283 235 266 280 239 243 238 240 274 244 242 234 267 241 227 405 403 228 406 400 162 185 407 172 152 401 161 187 399 186 392 137 387 174 151 149 173 150 136 396 115 114 441 127 389 102 386 104 126 103 66
Tour visit points:
  0.00000000000000000 0.00000000000000000
  0.74841713869245330 1.93889323631694976
  0.99023835154495154 2.56536942153213721
  1.23205956439742481 3.19184560674733309
  1.47388077724986744 3.81832179196253474
  1.71570199010227453 4.44479797717774172
  1.95752320295464100 5.07127416239295226
  2.19934441580696216 5.69775034760816634
  2.44116562865923381 6.32422653282338132
  2.68298684151145217 6.95070271803859718
  2.92480805436361369 7.57717890325381127
  3.16662926721571614 8.20365508846902181
  3.30653179756458204 8.56609477058472457
  3.44643432791341997 8.92853445270051260
  3.58633685826224768 9.29097413481643031
  3.72623938861108250 9.65341381693252032
  3.86614191895993953 10.01585349904881994
  4.00604444930883474 10.37829318116537181
  4.14594697965778458 10.74073286328220789
  4.28584951000680370 11.10317254539936904
  4.30156022340448629 11.37584732824773148
  4.31727093680232965 11.64852211109645452
  4.33298165020037906 11.92119689394555415
  4.34869236359867450 12.19387167679504458
  4.36440307699725771 12.46654645964493469
  4.38011379039616511 12.73922124249523158
  4.39582450379543221 13.01189602534594059
  4.41153521719509101 13.28457080819705993
  4.42724593059517080 13.55724559104858962
  4.44295664399569556 13.82992037390052786
  4.45866735739668929 14.10259515675286046
  4.46733110479172169 14.25296295859657114
  4.47599485218723903 14.40333076044069394
  4.48465859958324398 14.55369856228523950
  4.49332234697973476 14.70406636413020784
  4.50198609437670871 14.85443416597559718
  4.51064984177415607 15.00480196782140574
  4.51931358917206705 15.15516976966762641
  4.61046298746340710 15.14935884027253721
  4.70161238575497897 15.14354791087791163
  4.79276178404666098 15.13773698148376567
  4.88391118233833765 15.13192605209011710
  4.97506058062989087 15.12611512269698189
  5.06620997892120428 15.12030419330436715
  5.15735937721216597 15.11449326391227643
  5.55746070520555602 15.08898612277696927
  5.64223151342612272 15.08358183936684860
  5.98512877837316992 15.06172155468643403
  6.32802604332023844 15.03986127000644579
  6.67092330826740998 15.01800098532684302
  7.17464031454174922 14.98588816822200442
  7.67835732081601385 14.95377535111745537
  8.44053209369734958 14.90518541117444506
  9.20270686657868175 14.85659547123155200
  9.38623825185852922 14.84489503282082268
  9.56976963713846729 14.83319459441016086
  9.75330102241854391 14.82149415599954168
  9.93683240769880882 14.80979371758894203
  10.12036379297931177 14.79809327917833350
  10.28189769194688452 14.79814264112424560
  10.44343159091453543 14.79819200307015059
  10.60496548988218279 14.79824136501604848
  11.00153012911934525 14.79836254826235553
  11.39809476835650770 14.79848373150865726
  11.79465940759366660 14.79860491475495188
  12.26487885123417421 14.79874860562652827
  12.73509829487467826 14.79889229649809934
  13.20531773851518409 14.79903598736966153
  13.55089067329866914 14.79914158843924099
  13.89646360808212577 14.79924718950881335
  14.24203654286554865 14.79935279057838571
  14.58760947764892713 14.79945839164795274
  14.93318241243224698 14.79956399271751621
  15.27875534721549577 14.79966959378708147
  15.62432828199868950 14.79977519485664494
  15.96990121678173935 14.79988079592620487
  16.26716496840250414 14.80449947142604294
  16.56442872002410738 14.80911814692669104
  16.86169247165170404 14.81373682243277479
  17.15895622331077774 14.81835549796723761
  17.45621997510436074 14.82297417362290659
  17.47865384033878655 15.00982949959010249
  17.50108770683544179 15.19668482541130672
  17.52352157690205559 15.38354015071742786
  17.54595545614671792 15.57039547464760076
  17.56838935701865267 15.75725079530604411
  17.61096240886518416 16.11184759388062915
  17.65353558786281596 16.46644430830962591
  17.69610901293454930 16.82104085373570257
  17.73868288205485300 17.17563709068990008
  17.78125750752816359 17.53023280014156882
  17.82383335651432077 17.88482765488323523
  17.84686527119334087 18.07663503981155628
  17.86989854614586548 18.26843310456004943
  17.89293343606197340 18.46021634394763211
  17.91597029365971494 18.65197818813431496
  17.81636505170133944 18.97056614684379028
  17.71674473545831674 19.28914496422271441
  17.61710042369057305 19.60772000734890597
  17.51742297726282160 19.92629644062675354
  17.41770321781095276 20.24487943503110898
  17.35367652346588230 20.44928741379743187
  17.33444999035181766 20.51052240385566350
  17.20648052265413952 20.91793055061867790
  17.07843798124654811 21.32539657132124944
  16.95030029705848662 21.73299057746147511
  16.78499457306527987 21.84541505000312966
  16.61962421288186320 21.95797164802545609
  16.45420927456857640 22.07065001815277228
  16.28877142913629328 22.18343249219372737
  16.11685432968551268 22.30071173506543047
  15.94500972615752765 22.41800763869914448
  15.77327316834425552 22.53527858076547119
  15.60166954684177831 22.65248788798254509
  15.28604944526896503 22.73947604763712604
  14.97054214874575351 22.82641488480398095
  14.65512535014821971 22.91331703858948288
  14.33977104048255491 23.00019570291561166
  14.02444900201129840 23.08706723263511407
  13.70912956161879848 23.17395042816696815
  13.48966640482261070 23.23442439703658025
  13.29808721165272978 23.23452570666500705
  13.13458331788189959 23.23461725389985943
  12.95396984003961016 23.23466530116854045
  12.75006978006584468 23.23463012636803526
  12.52402927746421213 23.23448683574751428
  12.28016086882534985 23.23423083562602187
  12.02413902801563772 23.23387064418552583
  11.76231505644747166 23.23342192661909777
  11.50101891912877328 23.23290325569775661
  11.16110815879974716 23.23216661159008822
  10.82114765506620735 23.23137782977283905
  10.48085515787244582 23.23054668192488847
  10.27655903226288103 23.23001274459466003
  10.07203742041325079 23.22945014303344635
  9.86734571037924013 23.22886602488491548
  9.66254012739420531 23.22826765073271815
  9.45767733742744454 23.22766233552650661
  8.36002672745468978 22.96077836827937446
  7.26237065104759338 22.69388940940490684
  7.00828589003796676 22.63210522319416995
  6.75420658939936214 22.57031624475357745
  6.50013820466063752 22.50852257706262805
  6.11971374006064739 22.41598783612005974
  5.73928719865158588 22.32344161670971161
  5.36368470238590778 22.23205621612704519
  5.21464347356633962 22.19578058442231949
  5.06559979179141084 22.15949037252516973
  4.91655625860646595 22.12318567330937924
  4.76751546194308329 22.08686665120327319
  4.55930340369851717 22.03611291993287580
  4.35110688508511689 21.98534695050765464
  4.35135095134848537 22.07356887405537549
  4.35161279943574719 22.16189503466105393
  4.35189336086039269 22.25035696746861547
  4.35219344895499027 22.33896573270603270
  4.35251377560723718 22.42771314414505213
  4.35285497330185489 22.51657510837857146
  4.35321761924241279 22.60551643651674780
  4.35360225827732972 22.69449639230171201
  4.35400942168745164 22.78347424060961401
  4.35514462088145748 23.02620562570321283
  4.35630639068224301 23.26898972759299866
  4.35749667562857823 23.51185895375557067
  4.35871733918847770 23.75484909421762225
  4.35997013953775703 23.99799855496459600
  4.36125670466142434 24.24134707882185324
  4.36257850802987690 24.48493411556330912
  4.36393684598393694 24.72879701879320180
  4.36533281776687510 24.97296924132054841
  4.36676730890357234 25.21747867870429616
  4.36824097838055536 25.46234627860246746
  4.36975424985278060 25.70758499742089498
  4.37130730691074554 25.95319915032955649
  4.37290009229176224 26.19918416927626836
  4.37453231080976668 26.44552675787403473
  4.37620343570100445 26.69220541231503319
  4.37791271802731607 26.93919126317675961
  4.37965919873462894 27.18644918307460046
  4.38144172292469491 27.43393909848075651
  4.38325895586078396 27.68161743984612144
  4.38510940019542605 27.92943866202628911
  4.38699141388629776 28.17735676694393021
  4.39088326277617735 28.68633562834113349
  4.39480074022646416 29.19537682667161249
  4.39874071476765227 29.70446272533797227
  4.40269996756235393 30.21357555441391796
  4.40667520789288858 30.72269749354053658
  4.41066308889083114 31.23181075500954407
  4.41466022339240816 31.74089766648003419
  4.41589908633451600 31.89761004550412693
  4.41714517446868804 32.05430584030969499
  4.41839743136669316 32.21099002060260119
  4.41965477861185008 32.36766758489441287
  4.42091612048823190 32.52434353866598116
  4.42313328241198533 32.79949654716665464
  4.42535044433572367 33.07464955566730680
  4.42535044433645552 33.07464955566739917
  4.55592757143358984 33.09064040295655218
  4.68650468944415088 33.10663123351285719
  4.81708179396691438 33.12262203923147297
  4.94765888074048821 33.13861281226508737
  5.07823594567553016 33.15460354508320506
  5.20881298488536881 33.17059423052855038
  5.33938999471480358 33.18658486187010936
  5.47246785193535690 33.20288169378808618
  5.60554592832574361 33.21917849061018302
  5.73862434462143511 33.23547526217770098
  5.87170321795872763 33.25177201845256292
  6.00478266098758340 33.26806876943851421
  6.13786278102644900 33.28436552510263624
  6.27094367926533724 33.30066229529773381
  6.64809209297597192 33.26871362779508701
  7.02524058704925825 33.23676535248849717
  7.40238881435339202 33.20481765213712322
  7.77953643255573457 33.17287070357836853
  8.15668310676070263 33.14092467639206063
  8.53382851206889370 33.10897973163181263
  8.82706869003347094 33.08414279213970843
  9.12030842820609422 33.05930704652838870
  9.41354814305900334 33.03447253609513723
  9.70678824799511908 33.00963929216250392
  10.00002915014153437 32.98480733591168956
  10.29327124721705822 32.95997667829657019
  10.58651492449768661 32.93514732003822587
  10.78323463166003471 32.91849222744380654
  10.97995609836337216 32.90183842964113836
  11.17667939295012047 32.88518590919035489
  11.91569702507689854 32.82262984392332328
  12.30988795895451560 32.78926386716167940
  12.70407761514607436 32.75589928652633631
  13.09826657082779278 32.72253599367378030
  13.49245540413939715 32.68917387104476546
  13.88664468965832732 32.65581279285478900
  14.28083499393717837 32.62245262614100483
  14.67502687113870330 32.58909323185706342
  15.24443244055242985 32.54090674226071656
  15.81383816606030912 32.49272086180709351
  16.38324334295316120 32.44453550235154182
  16.81990521329498023 32.40758377456629091
  17.25656683291900961 32.37063230837526362
  17.26795537401551073 32.09942116159130165
  17.27934371429728699 31.82821021098356695
  17.29073188087441793 31.55699942179951023
  17.30211990200233885 31.28578875829689210
  17.31350780685211888 31.01457818403077482
  17.32218952952905155 30.80781498793498585
  17.33087118150969985 30.60105184609436790
  17.33955278623545482 30.39428874051904472
  17.34823436733376667 30.18752565307637425
  17.35691594843207497 29.98076256563370734
  17.35691594843207497 29.98076256563370734
  17.35691696340848722 29.98076205484391110
  17.57203649150197933 29.87250255572964264
  17.78715609416170551 29.76424306206101988
  18.00227580838999586 29.65598357654020489
  18.21739567090934031 29.54772410184889253
  18.43251571809380351 29.43946464064331181
  18.64763598590127103 29.33120519554928407
  18.86275650980667606 29.22294576915732733
  19.07787732473626363 29.11468636401786725
  19.29299846500311233 29.00642698263651553
  19.50811996424396355 28.89816762746944079
  19.72324185535750729 28.78990830091890629
  19.97446354333319007 28.96625270114986250
  20.22568578078575641 29.14259703495345377
  20.47690864482101603 29.31894125508384974
  20.72813221122343919 29.49528531459715808
  20.97935655431682278 29.67162916693893138
  21.37670223062871599 29.95054019362727260
  21.77404901684614558 30.22945094014538370
  22.17139707614313693 30.50836137085081745
  22.56874656900271958 30.78727145076030070
  22.96609765292246763 31.06618114561398158
  23.36345048212635334 31.34509042193813499
  23.76080520728352852 31.62399924710619104
  24.15816197523451692 31.90290758939801208
  24.55552092872533620 32.18181541805731172
  24.95288220615001507 32.46072270334710197
  25.35024594130196718 32.73962941660303727
  25.74761226313475504 33.01853553028460198
  26.14498129553251715 33.29744101802405254
  26.33028468447340487 33.42749923608894846
  26.51558656388544577 33.55755377506539361
  26.78483665657175550 33.74652487813914092
  27.05408650892439937 33.93549308254265640
  27.32333675503339165 34.12445878586957093
  27.59258802707672231 34.31342238963679847
  27.86184095414687079 34.50238429852677058
  28.13109616108539868 34.69134491962515199
  28.11200223001868537 34.41693660147774381
  28.09291133082756176 34.14252649377514359
  28.07382383036308582 33.86811435109910207
  28.05474008847974687 33.59369993227490880
  28.03566045738204338 33.31928300081140293
  28.01658528098668910 33.04486332533132042
  27.99751489430157747 32.77044067999115384
  27.92218850700947286 31.68640317349304425
  27.90279863184751719 31.40726292209554416
  27.88341578043411317 31.12812245240056441
  27.86404031399421299 30.84898243771670678
  27.84467257937654239 30.56984354927138270
  27.82531290843794736 30.29070645497478864
  27.80119890964540019 29.94289978365299021
  27.77709355603880326 29.59509370576044773
  27.75299711378299961 29.24728762039763552
  27.72890983202803739 28.89948092778286437
  27.70483194248293657 28.55167303035594983
  27.68076365902270197 28.20386333387583022
  27.65670517732932510 27.85605124851002046
  27.63265667456727570 27.50823618991402242
  27.60861830909403380 27.16041758029859920
  27.58459022020606355 26.81259484948306593
  27.56057252792066947 26.46476743593264302
  27.54165293700846107 26.19061463480355201
  27.52274404387095430 25.91645876163870099
  27.50384596912703827 25.64230062880362482
  27.48495881316118883 25.36814105133893804
  27.46608265597838994 25.09398084545516383
  27.44721755709701938 24.81982082702817394
  27.42836355547983018 24.54566181009787584
  27.40952066950298871 24.27150460537300702
  27.39068889696322628 23.99735001874465468
  27.37186821512291246 23.72319884981132887
  27.35305858079295049 23.44905189041820037
  27.33167464911820588 23.13723011843206834
  27.31030145653943464 22.82541215045169380
  27.28893881942268962 22.51359777426981879
  27.26758653502161422 22.20178677212939888
  27.24624438189911402 21.88997892128289280
  27.22491212038196906 21.57817399454982166
  27.20358949304737450 21.26637176087029957
  27.18227622524038622 20.95457198585237535
  27.16097202562117374 20.64277443231108222
  27.13967658674093641 20.33097886079738359
  27.11838958564531055 20.01918503011530248
  27.09711068450410920 19.70739269782570346
  27.07583953126604470 19.39560162073544447
  27.05457576033730405 19.08381155537078655
  27.03331899328253485 18.77202225843407035
  27.01206883954705162 18.46023348724305535
  26.99082489719877742 18.14844500015230366
  26.96958675368866665 17.83665655695633845
  26.94835398662813120 17.52486791927440279
  26.92712616458209851 17.21307885091690437
  26.90590284787629116 16.90128911823372349
  26.88468358941724290 16.58949849044480018
  26.86346793552363721 16.27770673995347295
  26.84225542676750109 15.96591364264331858
  26.82104559882376904 15.65411897815916831
  26.79983798332674283 15.34232253017327174
  26.77863210873200117 15.03052408663755202
  26.75742750118221025 14.71872344002298938
  26.73622368537539984 14.40692038754722581
  26.71502018543418089 14.09511473139157545
  26.69381652577446573 13.78330627890839111
  26.68662776964532313 13.62786256750048608
  26.67943898050180707 13.47241878089427125
  26.65272239984005154 12.89472453219672410
  26.62600579016400459 12.31703021829950018
  26.59928915354712586 11.73933584436600697
  26.57257249210670835 11.16164141565641899
  26.54585580800000599 10.58394693751802684
  26.53099007927546538 10.26250591499802312
  26.51612433025895399 9.94106484627180897
  26.50125856218890519 9.61962373306930552
  26.48639277633493094 9.29818257719519004
  26.47152697399549837 8.97674138052551029
  26.45666115649556360 8.65530014500419043
  26.44179532518418796 8.33385887263942671
  26.43361042087515145 8.15687836364431362
  26.42542550451005923 7.97989782459154107
  26.41724057699648753 7.80291725894649879
  26.40905563925981170 7.62593667021476573
  26.40087069224150440 7.44895606193593185
  26.39268573689752273 7.27197543767737020
  26.38450077419656026 7.09499480102798508
  26.37631580511837370 6.91801415559193522
  26.36813083065205277 6.74103350498233489
  25.68781160242341599 6.73723362924660218
  25.39613991404531390 6.73560451287491713
  25.10446824764386164 6.73397539240854570
  24.81279660187360747 6.73234626807025904
  24.52112497535607361 6.73071714008907662
  24.22945336668219340 6.72908800869985679
  23.93778177441482313 6.72745887414287402
  23.64611019709126793 6.72582973666339967
  23.35443863322587177 6.72420059651126500
  23.06276708131257536 6.72257145394042510
  22.77109553982759849 6.72094230920851210
  22.59676147147275316 6.71996855624138956
  22.42242740379364463 6.71899480138709215
  22.10966482072083394 6.71724784300486188
  21.79690224350292382 6.71550088336687079
  21.55314765008134259 6.71413937212470202
  21.30939306032719216 6.71277786009075950
  21.06563847313925919 6.71141634749865990
  20.82188388741386120 6.71005483458256613
  20.47154218509510670 6.87567486849495957
  20.12120048344423751 7.04129490228841615
  19.77085878206290914 7.20691493606558975
  19.08865218224114102 6.98013626003280852
  18.40644558252372676 6.75335758401652964
  18.08828641436825180 6.75566307628654972
  17.77012724631267915 6.75796856857156136
  17.45196807835452901 6.76027406087077232
  16.99140896054673178 6.76361143288684108
  16.53084984281222702 6.76694880491487005
  16.07029072513877210 6.77028617695371437
  15.60973160751405331 6.77362354900221142
  15.14917248992569654 6.77696092105918257
  14.68861337236127973 6.78029829312343857
  14.22805425480836838 6.78363566519377859
  13.76749513725452623 6.78697303726899648
  13.26713388759618795 6.79059882948561810
  12.87034132684930299 6.79347412684430907
  12.47354876608066299 6.79634942420435451
  12.07675620530672767 6.79922472156450741
  11.91950565394635042 6.80444020053971421
  11.76225510258326779 6.80965567951496187
  11.60500455121877827 6.81487115849021396
  11.44775399985417685 6.82008663746543942
  11.28927733959475788 6.72567296007484750
  11.13080067933525008 6.63125928268423959
  10.97232401907566590 6.53684560529362191
  10.81384735881601422 6.44243192790300157
  10.65537069855630747 6.34801825051238300
  10.49689403829655276 6.25360457312177420
  10.33841737803676430 6.15919089573118139
  10.17994071777695453 6.06477721834060901
  10.02146405751713054 5.97036354095006505
  9.48588828520587590 5.65129019537174226
  8.95031251289461238 5.33221684979344523
  8.41473674058333820 5.01314350421517396
  7.87916096827206047 4.69407015863692667
  7.34358519596077652 4.37499681305870247
  6.80800942364948725 4.05592346748050048
  6.27243365133819619 3.73685012190231980
  5.73685787902690514 3.41777677632415955
  5.20128210671561408 3.09870343074601839
  3.46752140447707635 2.06580228716400782
  1.73376070223853818 1.03290114358200391
