Number of disks = 194
Depot = yes (node 195)
Tour length = 67.99089126225577218
Tour sequence = 195 193 191 181 194 178 190 176 177 188 164 175 163 189 162 186 160 184 183 158 187 185 172 171 170 174 147 148 134 149 173 157 146 144 136 161 135 159 145 132 150 137 131 121 122 106 107 118 133 123 119 120 109 105 110 92 108 95 98 81 96 83 93 84 69 94 79 97 80 66 85 72 43 82 54 67 68 41 59 57 53 55 71 70 30 58 40 56 27 45 15 44 29 42 31 4 1 14 3 28 2 17 16 5 18 32 19 6 10 33 7 8 37 20 11 9 22 23 24 38 34 13 12 26 50 21 25 39 35 48 51 52 36 63 47 46 62 64 75 49 61 76 60 65 89 86 77 87 73 78 74 88 91 103 90 115 102 104 100 114 127 101 117 99 125 112 111 128 116 140 124 126 139 113 155 129 152 153 141 130 143 138 151 142 168 154 165 182 156 167 166 180 179 169 192
Tour visit points:
  12.69999999999999929 29.00000000000000000
  12.10323314019590057 28.85336994129259836
  11.50646628037936203 28.70673988258264231
  10.90969942054427477 28.56010982386889197
  10.31293256068441089 28.41347976515007545
  9.71616570079307174 28.26684970642486761
  9.11939884086258701 28.12021964769173010
  8.52263198088361307 27.97358958894880843
  7.92586512084424566 27.82695953019373647
  7.32909826072897985 27.68032947142344469
  6.73233140051753054 27.53369941263388299
  6.24363412303019771 27.45759573240901830
  5.75493684533013283 27.38149205206966741
  5.26623956734145793 27.30538837155815912
  4.77754228897304678 27.22928469080735070
  4.28884501011633024 27.15318100973889415
  3.80014773064384359 27.07707732826199276
  3.31145045040898101 27.00097364627299257
  3.00203227580480814 26.95278867873604156
  3.03064258603275327 26.71115338342848133
  3.05925289561922664 26.46951808683235541
  3.08786320442867401 26.22788278854489619
  3.11647351232264969 25.98624748815996099
  3.14508381916451940 25.74461218527767770
  3.17369412482551505 25.50297687951733394
  3.20960063511893701 25.19971968570585474
  3.24550714370008908 24.89646249045425463
  3.28141365036411647 24.59320529448895698
  3.31732015496306420 24.28994809853603343
  3.32828670048513819 24.19732743008151488
  3.33925324441437255 24.10470675884926806
  3.35021978705573797 24.01208608362798103
  3.37250069972815014 23.82390705846542645
  3.39478161069061279 23.63572803979838710
  3.50747079794567851 23.36692281734127263
  3.56031279806103251 23.24087518621978177
  3.61315479900300973 23.11482755755504925
  3.66599680050151688 22.98877993176287049
  3.71883880227057606 22.86273230901728937
  3.77168080402788286 22.73668468925607655
  3.82452280551247537 22.61063707220489150
  3.58936722713742817 21.42861616289633275
  3.35421164570688779 20.24659523435325781
  3.32031299941090419 19.96234785044967097
  3.28641435878052235 19.67810058043782107
  3.25251572741582784 19.39385347722258501
  3.21861710815943125 19.10960658088554709
  3.18471850297628878 18.82535991701147893
  3.18390540014867529 18.46148611352531077
  3.18309241261239917 18.09761124955003098
  3.18227957798607175 17.73373480954791148
  3.18146692292343758 17.36985639873015330
  3.18065446232653093 17.00597575724410859
  3.17984219930736245 16.64209276546095495
  3.22851400797579169 16.35849153993790495
  3.27718707563168010 16.07487699428535066
  3.32586179939133864 15.79124505255045996
  3.37453846389691314 15.50759281702058345
  3.42321723293121094 15.22391865130719069
  3.42937677154092579 14.93648256071737634
  3.43556745273642949 14.64803384325379554
  3.44180001237445143 14.35821091834727525
  3.44808194113632993 14.06676725878159750
  3.45441723204147211 13.77357987874596823
  3.46080636240932726 13.47864907153643799
  3.46724649524547823 13.18209004621348868
  3.47373187251347204 12.88411758276202868
  3.48025436281022804 12.58502518978558626
  3.48680411896757070 12.28516049640039931
  3.49337029727323767 11.98489873511680237
  3.49994178938875189 11.68461617491829330
  3.51007927253820373 11.22140534948749746
  3.47211015884736307 10.18716888812032551
  3.46416261560411520 9.97069915815634111
  3.45621462415867953 9.75422864635370601
  3.44826623586206971 9.53775706357817299
  3.44031752219019182 9.32128420064059426
  3.43236856945681934 9.10480993594519639
  3.42441947297366456 8.88833423762526387
  3.41438594312126398 8.82738809776397026
  3.40435241042787462 8.76644110511391794
  3.39431894113155330 8.70549360866673538
  3.38428559341941293 8.64454596702822009
  3.35534571891657318 8.46874968389370153
  3.27693209341908709 7.99242280551396078
  3.19851850420717998 7.51609588869815237
  3.11354962187694495 6.99994865131972954
  3.02858068136116154 6.48380156116375783
  2.94361163105763168 5.96765471957116045
  2.90608457008273913 5.73969666561340741
  2.85136093622338205 5.40727947658561447
  2.79663704089001408 5.07486240891995966
  2.74191282600550856 4.74244540277238169
  2.68718823543016017 4.41002839829028570
  2.61562221137729534 3.97531305273825053
  2.54405575813495988 3.54059805397288674
  2.47248885539155649 3.10588356758734907
  2.81255173837568195 3.11697794543331330
  3.15261383533583439 3.12807319336588829
  3.49267499262258152 3.13916947415015546
  3.83273506849232914 3.15026693753009601
  4.34395661437731739 3.16695148975882379
  4.85517852093280045 3.18363768640890399
  5.36640149691004176 3.20032572940034221
  5.87762623312674837 3.21701579887563138
  6.38885339550473574 3.23370805174367471
  6.90008361848367358 3.25040262053696027
  7.41131749888873426 3.26709961258366288
  7.92255559032183498 3.28379910949149423
  8.12295669578157309 3.29034754228350890
  8.32336185705691101 3.29689845264900061
  8.52377093673530695 3.30345179011238077
  8.72418376030868181 3.31000748090636199
  8.92460011872374004 3.31656542921645991
  9.12501977125017483 3.32312551863231986
  9.26194277855887194 3.32760919132124799
  9.39886849766599930 3.33209478366372380
  9.53579660210344571 3.33658215938143066
  9.67272674642277330 3.34107116728051379
  9.80965856977859829 3.34556164296209024
  9.94659169959165013 3.35005341060122186
  10.08352575525066364 3.35454628477232930
  10.04115487004853868 3.64564772383936653
  9.99878475132072886 3.93675012658052825
  9.95641531487423492 4.22785338665920118
  9.91404647594170285 4.51895736842198570
  9.87167815112370484 4.81006190185268512
  9.82931026031581823 5.10116677767925086
  9.78694272817312516 5.39227174499209649
  9.74457548441464994 5.68337651506261743
  9.70220846232513701 5.97448077475942529
  9.65984159527777386 6.26558421048241332
  9.61480318384035115 6.46016783987424326
  9.56976490293401305 6.65475042400052708
  9.52472673492921729 6.84933192309559580
  9.47968865479641387 7.04391238475488812
  9.50051440598169172 7.39974869162646520
  9.52134082454470487 7.75558648341050016
  9.54216808383663206 8.11142660252371073
  9.56299627651557493 8.46726954229624340
  9.58382542948111826 8.82311545427268129
  9.60465552838283898 9.17896419486989501
  9.62548654495951794 9.53481539879218509
  9.64631845900634310 9.89066856385887583
  9.66715126738111685 10.24652313180028074
  9.68798497550788262 10.60237855246592886
  9.69770138932804748 10.76832760853137039
  9.70741865301487294 10.93427718416225325
  9.71002305264100762 10.97874169792546795
  9.71262575636433745 11.02316646130089772
  9.72895604775626310 11.63420063939914151
  9.74526458089737879 12.24533166208298596
  9.76154620063937095 12.85660324909399321
  9.77188918956329111 13.24606563186194386
  9.78220677066057220 13.63558163863716111
  9.79250433276551746 14.02510347086642994
  9.80174109900335111 14.37496481991186315
  9.81097601069080305 14.72489747543531635
  9.78694173800930756 15.03108726353949365
  9.76291746245446745 15.33730408861766215
  9.73890516147335283 15.64352275359455113
  9.71692008180842315 15.92401493260255130
  9.69494400149043045 16.20447081640990916
  9.55142226316720588 16.53656223389346991
  9.40789280305521736 16.86864799455933905
  9.33443648096996448 17.03858640844972072
  9.26098261476949425 17.20850762292363711
  9.30830753002567945 17.58703098468468795
  9.35564024581064402 17.96557965834752224
  9.40294437204897982 18.34394704719630909
  9.45020071985461918 18.72202943967205258
  9.50995064771496068 19.00444788216386272
  9.59514904165336446 19.40650405012447521
  9.69313128338117380 19.86832663292942414
  9.79121611726244367 20.33005896646905342
  9.82563320666724849 20.49207832726683520
  9.84047974935570835 20.56200262067311613
  9.85536462866338425 20.63193166387288713
  9.86216267348047815 20.66382290058637494
  9.86898546533722509 20.69576858898083671
  10.00412790793603257 21.32836763176784700
  10.13828320157950102 21.95623627323726268
  10.27245719524461087 22.58416846068787365
  10.44537494569937763 23.04101090841405863
  10.61831475230008337 23.49794265833661555
  10.79126813733113366 23.95494203062187566
  10.96422391157335774 24.41197804273021177
  11.13717119167641556 24.86901951553002377
  11.28828601926548458 25.26839047991843046
  11.43939634105712955 25.66777206825647895
  11.59050436867989298 26.06716729004374145
  11.74161244166771745 26.46657951972548162
  11.89272300949124173 26.86601248130899577
  12.04383860626520431 27.26547018701019454
  12.19496180775920635 27.66495680863816631
