Number of disks = 399
Depot = yes (node 400)
Tour length = 464.32241433197754077
Tour sequence = 400 199 312 348 356 389 278 185 87 243 153 187 127 331 174 200 25 84 163 340 197 369 41 95 29 190 53 398 71 156 381 359 308 65 159 315 343 392 85 114 261 225 259 204 287 366 192 229 175 210 335 149 91 152 8 50 180 394 319 296 338 193 305 83 399 365 18 217 140 74 219 97 182 233 188 333 235 70 364 241 267 81 94 134 208 172 198 144 78 277 138 351 374 302 322 292 177 86 325 372 283 150 171 183 46 324 61 355 105 318 294 33 248 310 303 334 194 218 27 370 126 220 170 12 131 376 63 43 321 291 99 37 82 231 297 143 75 111 368 166 326 270 104 386 371 215 227 103 66 257 22 274 20 108 179 96 360 299 337 354 57 106 226 378 223 28 250 269 176 221 377 388 262 242 280 31 228 80 189 5 260 10 281 135 353 141 52 125 393 255 146 14 3 93 330 207 16 266 195 373 361 73 390 212 116 387 382 332 209 272 132 314 2 345 122 265 139 60 385 363 329 11 245 148 32 344 142 59 62 362 293 224 254 110 100 113 327 311 23 130 158 251 307 320 276 253 101 68 47 397 396 191 123 350 48 76 72 124 206 35 69 341 316 64 7 36 271 160 279 119 154 184 230 213 49 379 323 346 58 342 196 6 136 151 384 42 107 240 98 288 298 21 118 328 391 167 26 120 30 247 301 15 129 137 115 295 39 304 222 273 300 1 275 339 157 358 56 92 201 290 367 9 203 4 147 45 256 161 249 169 352 246 168 133 112 264 380 38 40 55 109 239 128 121 181 145 79 349 44 90 383 375 162 313 238 258 102 232 237 347 286 263 88 252 165 244 236 34 178 155 51 309 285 211 205 282 357 117 234 336 67 268 17 216 214 202 89 306 13 164 186 24 19 317 173 284 289 77 54 395
Tour visit points:
  2.28315000000000001 35.50849999999999795
  2.80674754836834017 33.62573204965527651
  3.33034509673690104 31.74296409931050178
  3.85394264510577766 29.86019614896565244
  4.37754019347504908 27.97742819862071784
  4.90113774184477968 26.09466024827568020
  5.25049444858339243 24.83843280272576948
  5.59985115532110367 23.58220535718075084
  5.66903534235981343 22.84759493343630865
  5.73821952939587021 22.11298450970113194
  5.80740371642856967 21.37837408597683364
  5.87658790345735671 20.64376366226457904
  5.94577209048183519 19.90915323856506092
  6.10156490537578300 18.25491647314893839
  6.25735772026450210 16.60067970774399981
  6.41315053514783173 14.94644294234889514
  6.56894335002580743 13.29220617696197415
  6.72473616489865300 11.63796941158135034
  6.88052897976677080 9.98373264620498269
  7.88585893488537160 9.99478034243391811
  8.89118888999837509 10.00582803866880788
  9.89651884510566582 10.01687573491014760
  10.90184880020732905 10.02792343115818952
  11.90717875530365610 10.03897112741293540
  12.91250871039511061 10.05001882367414723
  14.96441546994526028 10.07256748297438165
  15.56578769427161113 10.07917603735772971
  16.16715991860552393 10.08578459174597519
  16.76853214294378702 10.09239314613834715
  17.36990436728315146 10.09900170053395385
  17.86368419918119699 10.10442790870909313
  18.35746403108592162 10.10985411688588087
  18.85124386299967014 10.11528032506346619
  19.68203488188544625 10.25406205825972528
  20.51282590077859425 10.39284379145651727
  21.34361691967792751 10.53162552465368940
  22.17440793858208181 10.67040725785107469
  23.00519895748956500 10.80918899104850617
  23.83598997639882455 10.94797072424582396
  25.16563496855612669 11.17008486889653263
  26.49527996071403990 11.39219901354726794
  27.40105307529798395 11.32004476723524533
  28.30682618988231880 11.24789052092325647
  29.21259930446690589 11.17573627461130314
  30.11837241905161733 11.10358202829938534
  31.02414553363632166 11.03142778198750484
  33.61051979680570412 10.82539618021601946
  36.74211269261035540 10.75835435629458736
  39.87370558841503509 10.69131253237315704
  43.00529848421972190 10.62427070845172850
  46.13689138002440160 10.55722888453030350
  46.98244940724678287 10.53912699381126394
  47.82800743446936309 10.52102510309222438
  48.67356546169229148 10.50292321237317950
  48.78809817505760549 10.50343816503107242
  48.91154133914691471 10.50399318013179339
  49.03498450323625235 10.50454819523248773
  50.16677767185367287 10.50963687149955916
  51.29857084048550320 10.51472554776654711
  52.43036400913814532 10.51981422403343203
  53.56215717781719832 10.52490290030019260
  54.69395034652751519 10.52999157656681284
  55.31956187001789260 10.52155392605181738
  55.94517339467206085 10.51311627552885852
  56.57078492099313394 10.50467862499445459
  57.19639644942483869 10.49624097444553605
  57.82200798034112665 10.48780332387951297
  58.44761951403776834 10.47936567329433544
  59.07323105072644864 10.47092802268853085
  59.69884259053127806 10.46249037206122878
  60.32445413348777663 10.45405272141217701
  60.95006567954428789 10.44561507074171836
  61.57567722856605741 10.43717742005077476
  63.88035028828499406 10.43641438886785267
  66.18502335287207927 10.43565135507393471
  68.48969642305314665 10.43488831751624168
  70.79436949938130397 10.43412527517640065
  72.11658419271729770 10.43368750470533968
  73.43879889159556740 10.43324972873192635
  74.76101359549448944 10.43281194713153504
  76.08322830376927470 10.43237415993677430
  77.40544301567288699 10.43193636733229468
  78.72765773037932036 10.43149856964559063
  80.04987244700829763 10.43106076733413801
  81.37208716465084990 10.43062296096933572
  82.69430188239503821 10.43018515121777057
  84.01651659935087935 10.42974733882038940
  85.33873131467419171 10.42930952457022009
  86.66094602758850840 10.42887170928925578
  87.98316073740437560 10.42843389380520058
  90.57865861556686582 10.77102846370655698
  90.83730276772347167 10.80516838086883524
  91.09594692003358318 10.83930829822869768
  91.02145144391509746 11.46402306590544917
  90.94695596794068138 12.08873783381041633
  90.87246049209980470 12.71345260194914495
  90.61063144855974372 14.90913587610683066
  90.34880240508833538 17.10481915038494805
  90.08697336165255365 19.30050242471693167
  89.82514431821471135 21.49618569905924659
  89.82514431821449818 21.49618569905951659
  89.02661539312697414 22.54234367746207823
  88.22808646799674648 23.58850165593828407
  87.42955754280480107 24.63465963452100382
  86.63102861753445438 25.68081761323907486
  85.83249969217176556 26.72697559211657392
  85.03397076670587751 27.77313357117229131
  84.80004441700502582 28.32970595355781995
  84.56611806721917901 28.88627833595614902
  84.33219171736085684 29.44285071828638678
  84.09826536744429859 29.99942310047192606
  83.86433901748499409 30.55599548244251906
  83.63041266749925740 31.11256786413612474
  83.39648631750368679 31.66914024550045070
  83.16255996751461055 32.22571262649419310
  83.48934029900738096 33.08708113214527913
  83.81612063065057328 33.94844963746574962
  84.14290096250761053 34.80981814248928430
  84.46968129463391506 35.67118664725713018
  84.75375227580681781 36.41997649753167821
  85.03782325702280787 37.16876634686415315
  85.32189423817018792 37.91755619496190377
  85.60596521914244761 38.66634604157619037
  85.89003619984120519 39.41513588650810362
  86.17410718017875126 40.16392572961284912
  86.35802880770310708 40.64872937350460802
  86.54195043516983787 41.13353301654903049
  86.72587206272886817 41.61833665925850312
  85.49001776613896197 42.59836135988662420
  84.25416346957855751 43.57838606029118012
  83.01830917301589352 44.55841076053591365
  82.09451492492445368 45.29097380088160207
  81.17072067677517566 46.02353684117957044
  80.64895768227647466 46.43729162073646677
  80.12719468783750187 46.85104640019806510
  79.60543169351279857 47.26480117954535842
  78.91645641296324243 48.13411892618461962
  78.22748113246348112 49.00343667280168347
  77.53850585198009071 49.87275441944225918
  76.92544862737223355 50.64628220800891967
  76.53559839248275409 51.13817754500148283
  76.14574815764768800 51.63007288196939726
  75.75589792288485569 52.12196821888743159
  73.32436215788195000 55.18996971718323152
  70.89282639285643484 58.25797121551237723
  70.41423558295873875 59.09159817408163207
  69.93564477305316984 59.92522513264026429
  69.45705396314720304 60.75885209116744790
  68.97846315324811428 61.59247904964394138
  68.49987234336275321 62.42610600805257093
  68.02128153349734418 63.25973296637871357
  68.04851338489804391 63.84246264816383842
  68.07574523633928720 64.42519232990538569
  68.10297708782925952 65.00792201162416006
  68.13020893937442679 65.59065169334105860
  68.15744079097940755 66.17338137507637441
  68.18467264264690186 66.75611105684924951
  68.21190449437767711 67.33884073867714903
  69.08639937114772067 67.25774746427087791
  69.96089424795616196 67.17665418994435811
  71.88184157189246548 66.99852174760671630
  73.80278889589800428 66.82038930537966337
  75.72373621998463022 66.64225686327316112
  77.64468354416145246 66.46412442129330600
  79.56563086843455324 66.28599197944221544
  81.48657819280698789 66.10785953771812729
  83.40752551727877062 65.92972709611545667
  85.32847284184688874 65.75159465462523656
  87.24942016650560106 65.57346221323535929
  89.17036749124658002 65.39532977193108820
  88.98052565944912828 66.82355995145277916
  88.79068382786721259 68.25179013032209241
  88.60084199655580051 69.68002030821030246
  88.41100016556016783 71.10825048482772104
  88.30872335838247977 71.87770588789508963
  88.20644655149204993 72.64716128986094645
  88.10416974486217612 73.41661669085681297
  88.00189293845913596 74.18607209103923594
  87.89961613224350856 74.95552749058440156
  87.79733932617143921 75.72498288968232316
  87.69506252019604631 76.49443828853074479
  87.59278571426901294 77.26389368732898788
  87.49050890834197958 78.03334908627198274
  87.57104919415819211 78.63801844817265874
  87.65158947996778238 79.24268781015939567
  87.73212976576776612 79.84735717219990647
  87.81267005155554273 80.45202653426122197
  87.89321033732890953 81.05669589631074246
  87.99776384800412643 81.84164847003043519
  88.10231735870065961 82.62660104395909855
  88.20687086943526367 83.41155361819782854
  88.33665309250989139 84.56494376694465132
  88.46643531572247809 85.71833391572438643
  88.58424666672681269 86.76533748895688802
  88.70205801795155764 87.81234106204036038
  88.81986936942996635 88.85934463489063262
  88.93768072118901102 89.90634820743046873
  87.18202773075579159 89.88651686739197544
  85.42637474018667376 89.86668552666318988
  83.93592390469729025 89.84984983079318965
  82.44547306975174195 89.83301413399399848
  80.60781206674781174 89.81225645161633508
  79.09034450530967320 89.79511557978884184
  77.57287691816837594 89.77797470651037770
  76.05540929298659591 89.76083383162749385
  74.70388414527485565 89.66198568117681589
  73.35235912167141237 89.56313756076231414
  72.00083429705051685 89.46428948479372423
  70.64930973991263841 89.36544146631197805
  69.29778551091085603 89.26659351671129627
  67.94626166157820535 89.16774564550286186
  66.48711705178905618 88.66106270024084779
  65.00033079621344712 88.14478098044835974
  63.51354445983591290 87.62849880985346829
  62.78025804407127453 87.37386679663474354
  62.04697216140500871 87.11923446771456270
  61.31368709202336476 86.86460190025356098
  60.58040308959082410 86.60996917525908145
  59.84712037563530629 86.35533637560048703
  58.07311177496196564 87.21225739803526267
  56.29910784587269745 88.06917772084997864
  54.52511006347261002 88.92609706550325654
  52.75111971223660134 89.78301518489118394
  52.50833432073208229 89.75295678853503034
  52.26556544754338063 89.72289766166005620
  52.02281687485179162 89.69283807027299815
  51.78009175446878487 89.66277828297498331
  51.53739253807817988 89.63271856381444991
  51.29472092720541099 89.60265916553144905
  51.05207784387157233 89.57260032335125288
  50.80946342235038315 89.54254224946566865
  50.56687702190020417 89.51248512831735127
  50.32431725980337234 89.48242911277776557
  50.08178206352585704 89.45237432128338639
  49.34822848470878398 89.46978259723857718
  48.61472139195907261 89.48719616474150484
  47.88126947066062655 89.50461677368049607
  47.14787959639777171 89.52204592300056163
  46.41455668620364605 89.53948482473086301
  45.68130361033964704 89.55693437727167350
  44.94812116539301883 89.57439514845390249
  44.21500810767193457 89.59186736858738698
  43.48196124417287223 89.60935093341895197
  42.46941058314050821 89.63351312629356471
  41.45690238552054296 89.65768566960269936
  40.44442330610598901 89.68186763504027681
  39.43195955117971607 89.70605785045769665
  38.41949728633881733 89.73025494042772721
  37.40702303361366887 89.75445737151271430
  36.39452404679933295 89.77866350079646907
  35.80387441628315059 89.79278625987379314
  35.21323483645272034 89.80690947912479771
  33.86600326254949067 89.65072414729176842
  32.51877801779816224 89.49453898629769810
  31.17155702215843149 89.33835384830437931
  29.82433813327914507 89.18216858908418487
  28.47711920983457290 89.02598307205765593
  27.94973558658892188 88.96484233441728406
  27.42235220570104559 88.90370147505697673
  26.89496919115659779 88.84256056532025525
  26.36758665280889602 88.78141967594635275
  25.16183406116450527 88.81753907710375984
  23.95608139048567153 88.85365848324701687
  22.76246274956857363 88.96866594109656035
  21.56884400569555282 89.08367340050071448
  20.37522515185092686 89.19868085969793015
  19.18160618452675337 89.31368831695745314
  17.98798710373738885 89.42869577062475628
  16.79436791292156883 89.54370321916503883
  15.60074861873837904 89.65871066120337218
  14.40712923076708307 89.77371809556068172
  13.21350976112369047 89.88872552128434279
  12.01989022400956841 90.00373293767231075
  10.82627063520916977 90.11874034429042979
  9.63265101155504055 90.23374774098202522
  8.43903137037869477 90.34875512786959462
  7.96346936019072515 90.39457636748316816
  7.48790734192953611 90.44039759866939221
  7.86810658907889060 87.72223222648172225
  8.24830583048352040 85.00406684626045717
  8.62850506751387769 82.28590145853043225
  8.91135138321068965 80.26374306895257860
  9.19419769649291929 78.24158467553540675
  9.47704400841349326 76.21942628022219424
  9.75989032003387535 74.19726788495493963
  9.77907634608467546 74.06010087072731096
  9.79826237203445238 73.92293385651515791
  9.81744839798422930 73.78576684230299065
  9.81744839798422930 73.78576684230299065
  11.30843265926442598 73.08431079193979940
  12.59113685922765846 72.48080794749438382
  13.83012882179055936 71.89765599441001598
  15.88043186911218463 70.92902348992805628
  17.45579134973101887 70.18506165471974612
  18.57905988937867647 69.65493235856041565
  19.50960380704105646 69.21569862479387325
  20.43195646437074942 68.77987373386835657
  21.43059849455654842 68.30738842191365734
  21.50725637183365180 68.27126149876995953
  22.18031942931013134 67.95199879623258710
  23.43033637121686397 67.35884628030009935
  24.98324344134523400 66.62172234996582176
  26.63228228494990191 65.83867143619013973
  28.30156153270946007 65.04570713447682806
  29.98073133906839516 64.24781433744567494
  31.65957382889087057 63.44996171942542418
  33.23543737580443036 63.76851257674245943
  34.81103741042249311 64.08709735884266934
  36.38643786758485987 64.40570899202482735
  37.96170943713556056 64.72433963451426564
  39.53692400723769396 65.04298121493978613
  40.35533316937750214 64.50818934299677210
  41.17370383142727519 63.97340199303878450
  41.99204543925932853 63.43861611756013730
  42.81036747621655536 62.90382883997458663
  43.62867937680052677 62.36903748702420813
  44.44699045598986231 61.83423958808548093
  45.26530986909384779 61.29943284205839404
  45.83579258357421082 60.30108570430950721
  46.40627605564922220 59.30273946039922350
  46.77957031271184718 58.64947542806257985
  47.05216336778902075 57.48731748901305849
  47.32475576796007743 56.32516102079560483
  47.59734785140161506 55.16300507875828885
  47.86993995569167737 54.00084872992857754
  47.61066560880879450 51.98602009123996481
  47.35139126459095849 49.97119140308650742
  47.61361634755059669 48.87900026696314626
  48.27099327108538063 47.33613233419360711
  48.92837018724276987 45.79326442368762429
  49.58574709718433127 44.25039653190692945
  50.24312400224826547 42.70752865478323912
  50.90050090389809156 41.16466078787416194
  51.55787780366685524 39.62179292653208762
  52.21525470310050565 38.07892506607529270
  52.95292757834394592 35.86015106435934285
  53.69060045373621648 33.64137706287034035
  52.44769824919060852 33.53055558522605395
  51.20479604502767046 33.41973410806603084
  49.96189384134526534 33.30891263149534609
  48.71899163822524059 33.19809115559988300
  47.47608943573160190 33.08726968044437911
  46.23318723390919160 32.97644820607123251
  44.99028503278295688 32.86562673249992628
  43.74738283235779335 32.75480525972706403
  42.50448063261896436 32.64398378772713727
  41.26157843353301047 32.53316231645380441
  40.01867623504924154 32.42234084584177367
  38.77577403710159132 32.31151937580914080
  37.01162470548780448 32.15422170420038128
  35.24747537366526728 31.99692403285706988
  34.21285664471382404 31.90467383980480420
  33.17823791537223599 31.81242364683680890
  32.54160929018159720 32.17218392564910090
  31.90498066464037663 32.53194420453534974
  31.26835203878243874 32.89170448348744458
  30.63172341264950660 33.25146476249569361
  29.99509478628977632 33.61122504154908341
  29.35846615975641782 33.97098532063567689
  28.72183753310594057 34.33074559974294004
  28.08520890639654155 34.69050587885810444
  27.44858027968643555 35.05026615796853662
  27.28755772795550172 35.14126036671651576
  27.28755772795550172 35.14126036671651576
  26.81851577658125052 36.41938745835116720
  26.34947382520470072 37.69751454998797868
  25.77379314654887565 39.26622939385112687
  25.19811246788698611 40.83494423772269499
  24.53728234412957221 41.36327959138449017
  23.87645222038477044 41.89161494504429584
  23.21562209666081600 42.41995029869724476
  22.55479197296481431 42.94828565233890316
  21.89396184930250300 43.47662100596546253
  21.23313172567809204 44.00495635957385332
  20.57230160209413583 44.53329171316183022
  19.91147147855153321 45.06162706672802187
  19.25064135504953100 45.58996242027197354
  18.58981123158581994 46.11829777379411155
  17.92898110815669099 46.64663312729569355
  17.26815098475726629 47.17496848077870908
  16.72666226014136726 47.43175830281796124
  16.18517353554381799 47.68854812483809980
  15.64368481095809216 47.94533794683997030
  15.10219608637746092 48.20212776882510042
  14.56070736179526826 48.45891759079560757
  13.33381256834411488 49.04074705699682823
  12.10691777488609056 49.62257652318333356
  10.88002298141904767 50.20440598935594068
  9.65312818794127381 50.78623545551596408
  8.42623339445154151 51.36806492166516591
  7.19933860094913936 51.94989438780567070
  5.97244380743387726 52.53172385393984456
  5.84834717109348023 51.95911431658325341
  5.66470876698887160 51.11176579280839150
  5.48107036287413329 50.26441726903940577
  4.26611961104194659 44.65836372608386995
  3.86952568884260950 42.82839098087646335
  3.47293176663652092 40.99841823566207211
  3.07633784442586844 39.16844549044295576
  2.67974392221293423 37.33847274522147330
