Number of disks = 20
Depot = yes (node 21)
Tour length = 35.58051085496982324
Tour sequence = 21 5 15 14 3 18 10 2 7 20 16 1 17 12 13 4 8 19 11 9 6
Tour visit points:
  2.03570999999999991 0.65736899999999998
  1.51066819419943466 4.06440812880953928
  1.29317787181662069 5.47572058264061834
  1.07568754965209989 6.88703303758907648
  1.68613984952007967 7.90827853266670111
  5.14448729716898168 8.20230766775347853
  7.35666857589470347 8.39038756318024248
  9.56884998197422654 8.57846743458573791
  14.14038667057663012 6.32674494192613501
  14.29312383598886527 6.25151479013982136
  13.63029910489009566 5.82511294989473871
  12.96747581237794122 5.39871296330080153
  12.30467483368187231 4.97233147958371458
  11.64189617116714714 4.54596816085158917
  10.56405967363640741 3.44761047014726518
  10.36068572772122209 2.74363014854621001
  10.15714659009476861 2.03956714859601762
  8.73232795828755570 2.57733776873113207
  8.07136752116618439 2.82661598382205170
  7.90353931639450558 2.79157291133634544
  4.02006125264528968 1.98069399254421996
