Number of disks = 12
Depot = yes (node 13)
Tour length = 29.86056548822345391
Tour sequence = 13 8 11 6 4 2 10 3 9 7 12 5 1
Tour visit points:
  11.08629999999999960 3.03048999999999991
  11.77251834033982902 3.72673026669000418
  12.45895497273305530 4.42275503326131592
  13.14557984464163987 5.11857121538141868
  13.83231308067847465 5.81424121212494249
  14.51906646950800983 6.50985195354580792
  10.01393547489711011 7.12670986179581512
  3.15873869139462160 8.06534514262664715
  3.47519845177972098 5.74934302853366663
  3.21744379977569750 4.77926651969487537
  2.95968914958361839 3.80918999715428175
  3.67379414694656470 2.56964296906707146
  6.80925415209094442 1.70363428307492315
