Number of disks = 14
Depot = yes (node 15)
Tour length = 35.95583398144915321
Tour sequence = 15 1 9 11 3 4 14 2 6 8 5 13 12 10 7
Tour visit points:
  9.44999999999999929 5.89433999999999969
  8.59277855472228147 7.30311849147715186
  8.07814833222300521 8.14886882436910476
  3.67349483982440228 8.15869164711328132
  1.03835911792841307 3.15764011854736415
  5.18519387568181767 2.84924708388799086
  9.33201680860149274 2.54084151550400339
  10.63850459793123093 2.44367579879751506
  13.31222755369187460 1.96426407413915372
  13.31222746191734352 1.96426501693586686
  13.07605783070502348 4.39033320641455038
  12.67866405221973380 8.47243654730347373
  12.58720650374176842 8.56231546945319089
  12.49576519871297542 8.65219462646025050
  10.94302732261953537 7.03504753546907402
