Number of disks = 12
Depot = yes (node 13)
Tour length = 32.30807334030825473
Tour sequence = 13 7 1 8 2 9 10 12 6 5 11 4 3
Tour visit points:
  11.92570000000000086 7.36380999999999997
  11.46104446720797476 4.56532096527372389
  11.03489436925533695 1.99845921667479942
  10.77673411287034000 1.87849091510170219
  3.26816212433920761 1.72805297762431964
  1.85530633425024116 1.57073729117060634
  1.44030630128591830 3.45573604049189820
  1.85480290934658010 4.41760777946581040
  2.26937704400119422 5.37985918248790185
  2.25949221253629773 8.21386512953957038
  4.10330723457271418 7.19425517409039728
  5.94715578481141804 6.17464314569804262
  10.78622100347925183 8.11640129758805706
