Number of disks = 14
Depot = yes (node 15)
Tour length = 32.08916270691654660
Tour sequence = 15 7 13 14 4 12 9 1 2 11 10 3 6 8 5
Tour visit points:
  6.41718999999999973 3.49802999999999997
  6.79703679718064269 1.02907158520227937
  9.09160556890291005 1.69356880227500306
  12.13212815435398895 3.79264120764596724
  12.94168975602827132 4.35153361059959032
  13.00697097454045270 5.84447107483660577
  12.98783641650041432 8.69413405630662517
  12.77599829514337770 8.71528905806123433
  10.10653337846087751 8.98180107414160922
  8.88109955597856882 8.51053066812459491
  5.43418985348588990 7.18554809157418006
  1.83993852358418564 5.80423130583792801
  1.26824259469037703 5.58461938097321031
  1.29403226571168828 5.16042450528590546
  5.18717377485093856 3.80081148334815611
