Number of disks = 12
Depot = yes (node 13)
Tour length = 34.40627801215855186
Tour sequence = 13 11 5 7 1 8 4 2 9 12 3 6 10
Tour visit points:
  5.38248999999999977 9.14700999999999986
  0.96571925199355213 8.88455448979344276
  4.34016495096468358 1.02442573575856488
  5.55559383709013943 2.21644046510553805
  6.77103784349669358 3.40846166427587249
  9.00330561383170469 3.48210855926837137
  10.43551221355768455 4.72726665922369804
  14.18434029642359029 8.07286104065627086
  11.03551168724997389 8.45697763844570893
  9.91609806331765675 8.59357053560321660
  8.79672218801870009 8.73019328856323185
  7.67732020266057891 8.86684410322759753
  6.52990510133028934 9.00692705161380047
