Number of disks = 18
Depot = yes (node 19)
Tour length = 37.88825262346642120
Tour sequence = 19 13 14 10 12 9 4 5 8 16 6 1 15 18 7 2 3 17 11
Tour visit points:
  11.70490000000000030 9.15647000000000055
  7.53510173982022557 7.31432961198885945
  6.90943377191141650 5.83010559924615013
  1.31855909648823078 6.89624343736490708
  0.99670912145773172 4.73566906007995758
  2.44243777914009774 2.84217219827405110
  3.41337517987962213 2.69543658796187824
  5.41780073097594173 2.41971668355212710
  6.70997621878303807 2.24173014402733317
  9.00071850737685963 1.92619474584767203
  9.83059354746206893 1.95637058264329244
  10.66046720590770747 1.98654649586643584
  12.07083973476407834 1.77790570569134920
  13.48121224309360144 1.56926491064079454
  14.41660555552930845 2.22757694531461503
  13.94178121262312153 3.78797979614601577
  15.00294934962462001 7.43522923045068929
  14.22951787310621619 8.08585500155440684
  12.96720893655310824 8.62116250077720458
