Number of disks = 18
Depot = yes (node 19)
Tour length = 33.84912011727688252
Tour sequence = 19 18 6 7 4 12 10 5 8 1 14 11 3 9 15 2 13 16 17
Tour visit points:
  7.96068999999999960 5.07645000000000035
  9.65023893484133488 5.97343509986436505
  10.12129467200430533 6.10237863404922276
  11.28321983578029020 6.48397628422222461
  12.36730590570467037 6.83975145253020944
  13.15973893491870861 7.09964903602713182
  13.95222252066805524 7.35951564625262389
  14.14543437818152505 6.12035559707800836
  14.33864750759482298 4.88120111184694050
  13.81849974806035419 4.12763828586486703
  14.24846135896421373 1.36145059618935460
  7.79509865404821589 1.94183238037320982
  6.66716705830078915 2.04324698475349908
  6.00790631860510160 2.10252055423457618
  2.94101216899114437 3.06571670763447468
  1.03025163924041530 3.68170218141941863
  1.52948046555924932 4.30270047891055984
  2.02870929284073576 4.92369877655578314
  2.30994064927621379 5.27352671893045599
