Number of disks = 14
Depot = yes (node 15)
Tour length = 38.26541394327170309
Tour sequence = 15 14 8 10 6 13 3 9 5 11 7 2 12 1 4
Tour visit points:
  11.90080000000000027 6.15223000000000031
  14.59689347266050241 7.53127231192379298
  14.39901224289372372 3.31857550121605005
  14.31877438909023326 1.61038916703979251
  8.24264807120678711 3.27965134368991329
  6.55050127452384423 3.34288381884592711
  4.66739515493477075 2.58045070938851495
  3.07374940561984511 1.93551757449244888
  1.68867989609319036 1.37523681054109903
  1.46843539407845736 1.28630618561379517
  2.29641744786016444 3.21159023480803985
  4.30028700078030113 7.87114573660066164
  5.53658458701338940 8.16827772172196376
  6.77288187070630077 8.46540673093405438
  8.46345186363511104 8.87171434780013968
