Number of disks = 18
Depot = yes (node 19)
Tour length = 35.84882979813816206
Tour sequence = 19 7 2 4 18 9 5 11 17 6 3 1 14 16 8 12 13 15 10
Tour visit points:
  3.06162000000000001 1.77892000000000006
  2.96344908029395215 3.57950950723742167
  3.24619276198964668 4.67838309065020308
  3.52870425766481910 5.77702965003238766
  3.81109289685623231 6.87556371671697608
  7.86664341919586274 7.54389663143571543
  11.12653930857752904 8.08085509173124450
  14.38645364435244822 8.61778870191206003
  12.75219721050691923 5.29329334454263645
  12.54795977441478350 4.68033126702229119
  12.56662447403505567 4.57565002449756086
  13.28752706780456805 4.02283089551820883
  14.00844146461166595 3.46996762921687196
  14.72935643920605209 2.91709489310758174
  13.10031701339944021 1.31801393088913321
  8.82772928633147203 2.46049196248517088
  7.70130237944708984 2.76169436688578118
  7.10476560433979198 2.37939119925128173
  6.50822844032084458 1.99708790421322480
