Number of disks = 16
Depot = yes (node 17)
Tour length = 36.42826355312631392
Tour sequence = 17 6 8 12 9 10 7 3 1 14 11 16 4 2 15 5 13
Tour visit points:
  5.95378999999999969 3.88622999999999985
  7.15656821799562959 4.08566679770361763
  7.22274091380184924 4.09055656081648067
  13.06058944703680780 4.52193835762107987
  12.76381284684948980 8.72765977056846509
  10.17991364729135029 8.99448925110019637
  9.37042632859120417 8.53119923206661390
  5.44959008701284908 7.97245273903202634
  1.52876109469184707 7.41371397580369695
  1.42695168320650345 6.10089009997233678
  1.44474431430991435 5.45833822301776994
  1.46249109467621241 4.81595744006925663
  2.41180833658526028 3.06280286055952145
  3.30430621688648918 1.41465912274753403
  5.63146370578546840 0.96476642954244685
  6.96622506511071649 0.70671211310126913
  5.88642885759996215 3.02069581084346028
