Number of disks = 12
Depot = yes (node 13)
Tour length = 34.14758974854098028
Tour sequence = 13 12 10 7 6 9 11 1 5 4 8 2 3
Tour visit points:
  11.13219999999999921 9.24802000000000035
  10.54559897142280889 6.54441170149740881
  11.03082441143336645 5.85113188142433405
  13.45806921987328053 2.38291409062081661
  14.11892178240998419 1.10334519957407418
  7.18953477988320344 2.80585289417326855
  6.64855307005586216 3.84696742626087351
  3.35518598288674408 4.30823053525174160
  2.39920261806286739 4.83536620780026194
  2.53991941232847118 6.05178622218210194
  2.99847387840785196 7.60307449785658651
  3.45702833164834100 9.15436276381551650
  7.29461416582417055 9.20119138190775665
