Number of disks = 18
Depot = yes (node 19)
Tour length = 36.04450747263917521
Tour sequence = 19 3 4 11 7 14 2 17 18 15 9 16 13 1 8 5 10 6 12
Tour visit points:
  3.70665999999999984 2.04596000000000000
  2.65793600819355591 1.44318493408961435
  1.10597502037026363 3.77251796743039325
  1.11109328554111642 4.59012136440348240
  1.11629178979192534 5.40771866300332604
  1.12154504431658575 6.22533005112473603
  1.12681739533313974 7.04296381091177093
  4.78011481362872193 7.64799959003097118
  9.35610163618732393 7.73942244542719848
  10.35072496324698044 7.75916841525420420
  10.51761128914062482 7.76247361458957474
  13.24351127511934223 7.69382018149339242
  14.01087260777527277 5.58155954259491249
  14.77823540392607171 3.46930060638606852
  11.94179295200086699 4.03737598429478162
  10.28293806647477027 4.36961008567438203
  8.62408398430853751 4.70184423247089622
  6.68394123910471194 4.07905334304616662
  4.74379847507180941 3.45626244007493444
