Number of disks = 12
Depot = yes (node 13)
Tour length = 34.78110937664166613
Tour sequence = 13 1 5 3 4 10 6 2 7 9 11 8 12
Tour visit points:
  0.02002010000000000 5.63584999999999958
  2.52910337326562429 7.26147586789227262
  3.12915081393901984 7.65024836445048617
  5.57162450286130273 7.96016582099588010
  12.72780490051284019 6.56687786469729762
  14.85344872578795261 4.72659544102753237
  11.70768373414352048 4.19481028220052643
  9.68450784962374733 3.85279554910635680
  4.57834726439522477 1.10820303820611921
  3.09113422461329046 0.97997481398724595
  2.39290712309737108 0.91977322133142714
  1.52414480087748672 2.64642493862323569
  0.77208245043874335 4.14113746931161764
