Number of disks = 18
Depot = yes (node 19)
Tour length = 32.90575183485120903
Tour sequence = 19 14 13 6 4 15 5 11 9 8 3 7 1 12 16 2 17 10 18
Tour visit points:
  13.63230000000000075 3.31613999999999987
  13.19172982306660380 2.16924941639855584
  7.08075282601898781 1.11803730698766524
  6.18194996492024007 2.01504823153263235
  5.28314707441912468 2.91205918146601350
  3.98802914329546621 3.87660901556590831
  1.55682214354445070 5.68727062158183383
  2.66228825965333904 6.80049822760432754
  2.84746752145957727 7.96079605549273328
  3.57708879005088498 8.46635212434699369
  4.53644180962423960 8.57849915189400924
  6.17435096250039273 8.76996754341697482
  8.20854053281596840 9.00776027436705995
  9.54768222528226929 7.05038933829155656
  11.18060995203474306 6.57621685632975694
  12.99251643496910269 6.07000496021367208
  14.42596598294862886 5.66957453537617262
  14.00832553562080207 4.84638134580730551
  13.59068743502988319 4.02319942219185123
