Number of disks = 18
Depot = yes (node 19)
Tour length = 36.52961891628092417
Tour sequence = 19 2 13 15 4 5 9 6 17 3 7 12 14 10 16 8 1 18 11
Tour visit points:
  8.76881999999999984 2.25561999999999996
  12.04377853822818167 1.81302023167421478
  13.57132477572343632 1.60697707598780881
  14.21182894834065458 1.52072815003013728
  13.65749847921863491 7.15058822947727624
  12.11802207585385283 7.12835221046431577
  8.56583404007676030 8.85468594528278174
  6.77005627949281763 8.44067633577885168
  5.60727753696754228 8.17260219870525084
  4.95358460715821813 8.02170747874730417
  4.29989563244950102 7.87081608840998737
  2.32459143718885519 3.17453599120595698
  1.89018794256097733 2.14163955154478947
  1.61036932332658433 1.47623458030367694
  1.51101424530809170 1.23992616506575137
  3.13201940631197306 1.65318821691975026
  4.58122259555072286 2.02265033366418345
  6.66282327747900993 3.36935699660014931
  7.94535890270286949 3.37469500024778624
