Number of disks = 12
Depot = yes (node 13)
Tour length = 29.39185640294662250
Tour sequence = 13 9 4 8 12 11 5 6 2 10 3 1 7
Tour visit points:
  11.91099999999999959 1.08279999999999998
  8.06451538251990563 1.61636578826973731
  3.20916557930432322 2.87144997589884055
  3.15107187756383134 5.68077985329865065
  3.09297130116499019 8.49009958838893652
  3.08638739693572450 8.80860792564171113
  6.35363919375395181 8.92243680140916418
  7.89101587268140214 8.97601661326715572
  10.78349462304066719 5.87462061362131927
  10.45446849938407574 4.87146487287717900
  10.12547626635472220 3.86818054310556692
  10.52293583484278727 3.50616382706160090
  11.20131725582076498 2.88826868294382511
