Number of disks = 20
Depot = yes (node 21)
Tour length = 38.92678076476416749
Tour sequence = 21 9 6 18 12 2 1 11 4 17 13 5 3 14 10 15 16 7 20 8 19
Tour visit points:
  6.31904000000000021 4.81887000000000043
  5.42753851723456116 5.48113883331591634
  4.82039330983965275 6.27798085206659717
  3.08440933345517276 7.65097475777337799
  2.28067390743780019 8.17999802118352015
  0.94889260336311010 7.33171364438651985
  1.41716832007035665 5.70210358934633899
  2.52369737385026616 1.85135752690960165
  2.72797040808108182 1.54304798294946832
  3.89228082628631666 2.14406251840382733
  5.05659124807360350 2.74507705428015347
  10.81784879605649508 1.32296916266026021
  11.86977772464461722 1.39215518592278542
  12.92132320506197374 1.46130271593140137
  13.29462004586203072 1.51180344283142420
  13.43586959478539100 2.34558639507727440
  13.57687963352284477 3.17906156247917648
  13.72883896386303526 4.07732234394732185
  14.42908632604372521 5.68383591187964221
  14.70945972517690059 6.29290516615258877
  13.69450082123406354 7.92392918280018765
