Number of disks = 12
Depot = yes (node 13)
Tour length = 37.46109603241637132
Tour sequence = 13 9 11 7 4 10 6 12 8 3 2 5 1
Tour visit points:
  14.32370000000000054 7.89635999999999960
  14.30946855783197691 3.32664289913296196
  14.30408828746490002 1.59952285213400458
  8.39939406276127976 3.26802059875312123
  4.61334805822589900 2.16083750730169655
  3.16931426776101244 1.73892569549462217
  1.72515130025837071 1.31723590830383275
  1.50058741387280792 1.25183548893926311
  2.31763570578496481 3.18402217352299166
  4.29927741399714503 7.87029606202450704
  6.43004575728684635 8.36278200382564130
  8.56081462694926287 8.85526788325215541
  11.97806498706581024 7.14924059260858424
