Number of disks = 20
Depot = yes (node 21)
Tour length = 39.54883806170762028
Tour sequence = 21 14 20 16 3 8 18 10 6 19 1 15 2 9 12 7 11 17 13 4 5
Tour visit points:
  15.29439999999999955 9.25717999999999996
  14.00373235346294543 7.52187935582025702
  12.71307644268839532 5.78661561433847726
  12.75175013693705672 4.16096707825866652
  12.79904291309557962 2.17647930909243570
  12.82651900137743795 1.02535135717358195
  12.06929067723181070 1.23326729281917191
  11.31195404589499098 1.44124196260394810
  9.62558110814806689 2.93700640151650649
  9.44999823801791017 2.86147333150273298
  8.30827536887177587 2.37032874141876126
  7.65215977126810465 2.20409814607834686
  6.99599039460084882 2.03785917831361063
  6.33980757380947235 1.87162484587475952
  5.24198574988033972 3.29001434075663246
  4.88136990329261877 3.75585909085972114
  1.03010909349172275 8.73092608030440509
  7.18053496263316937 8.50239900612615962
  9.42270848575588005 7.91169928149051760
  12.35114937064269824 8.58274283620733591
  15.27959025553218630 9.25378639092174460
