Number of disks = 16
Depot = yes (node 17)
Tour length = 39.56382681518627464
Tour sequence = 17 11 16 13 6 2 5 10 14 12 7 3 4 9 8 1 15
Tour visit points:
  0.91262600000000005 6.07685000000000120
  3.76253690398344975 3.84063321152117609
  4.99796886416814878 2.87123676280022755
  6.23340107366965768 1.90184025797527645
  6.96648532822450584 2.06779757288446397
  7.69956969475462660 2.23375479964504065
  8.31981766103901954 2.37416794953827104
  9.62441467172422449 2.93719424513636840
  11.29002504059008949 1.45278287538979445
  12.92545137315609161 1.09351080550845903
  13.45941294494126872 3.03773381789403318
  14.36288952543534414 6.32900204321003290
  14.91273837484577847 8.33287788278688879
  15.19040626614944145 9.34503695886416175
  13.21174011248945135 9.11217082858654592
  12.45220250223709435 9.02278242618278625
  0.86951439526665242 8.50326427162543297
