Number of disks = 16
Depot = yes (node 17)
Tour length = 32.75372788638608057
Tour sequence = 17 11 10 13 14 4 2 7 12 5 8 16 9 15 6 3 1
Tour visit points:
  8.79274999999999984 3.45988000000000007
  9.20993833420959795 2.42494744361175885
  9.62720847715671191 1.38997182867802760
  11.36497546705531114 1.77577584439845237
  13.10273109997734231 2.16157531204095887
  14.74278748789409121 3.15218745219467023
  14.11790599013277792 3.92926439014173612
  13.49303153160856539 4.70634095587884804
  12.86815899150794706 5.48341600350453717
  11.07956548717086775 6.33711549433390875
  7.68416427140031910 7.95774150781122724
  4.49224407015362903 8.69759216456308515
  1.30033302591435129 9.43745831326416607
  2.45843512912023998 8.14579947078606814
  3.86923201028031594 6.93334402822790974
  7.71630530975313178 3.62700755262099062
  8.25452765487656492 3.54344377631049534
