Number of disks = 20
Depot = yes (node 21)
Tour length = 32.86827259833408732
Tour sequence = 21 3 10 9 15 17 4 7 16 6 14 8 18 19 11 13 1 12 5 2 20
Tour visit points:
  7.41478000000000037 2.14788999999999985
  9.30662657392179149 1.93185847078549822
  9.66329451272600082 2.46863689716898582
  10.01996224108675726 3.00541523128445975
  10.37662989211722930 3.54219353137951787
  15.15768615121136165 2.79310102568072471
  14.99462421442913396 6.90407265127111192
  12.87934875208124197 7.29852034788081117
  12.05422599468241707 8.14309214127738201
  11.21482280381746932 9.00226712061287770
  10.35235646527248399 8.58270802481477801
  9.97319342467205239 8.46775582157307127
  9.59364495442250842 8.35249892393407833
  9.21398248621686022 8.23708475034369414
  8.83441416308349403 8.12166467007165771
  7.93904151096202959 8.52217362494451791
  5.43243732903019261 7.03798338241291521
  4.39755389953800968 5.95935463184057834
  3.36267046335875852 4.88072590129719774
  5.35068108406772591 4.55658405673442157
  7.33869170347366051 4.23244221364886908
