Number of disks = 16
Depot = yes (node 17)
Tour length = 34.35771646427878068
Tour sequence = 17 12 5 3 15 1 14 7 13 4 2 16 8 6 9 10 11
Tour visit points:
  11.74350000000000094 7.37174999999999958
  12.11596198165801574 8.24486260246782443
  13.10106791696249040 7.91856520174368228
  14.08617779954682092 7.59262495917994329
  15.07123693922708441 7.26678309259332433
  14.36129675361789104 4.96381518227021790
  13.93793893740151724 3.69405924084746440
  14.27672495121506735 1.39040180927705337
  10.62131240103495600 1.98948447518854721
  7.43377006369855753 2.07432996085123866
  5.93567935763467247 2.11420589662626002
  3.66629700420159432 2.62406542818686273
  3.24008733388919712 2.91106428928224448
  1.61999861062544581 4.27604634444237153
  2.13048860240924887 4.94547524939290284
  2.43078724582210937 5.33927061313941387
  8.32100185077653443 6.62479719221104357
