Number of disks = 16
Depot = yes (node 17)
Tour length = 32.57107534375223423
Tour sequence = 17 15 13 9 12 2 7 8 11 6 14 3 5 4 16 1 10
Tour visit points:
  2.47809999999999997 3.26914000000000016
  2.20696739861848545 5.69958176155968754
  1.93583479708746387 8.13002352293330155
  4.87622778597679041 8.44282890798577945
  9.35681017854515495 8.64349010499423542
  10.99241248592620579 8.71674000736397936
  12.62801484873027036 8.78998986827616058
  12.97985807684117354 7.36198044832766563
  12.13377750023507673 5.67739606385446738
  11.28769084359236530 3.99280797498435325
  10.07517610443017730 4.00603829657935240
  8.86258235743067324 4.01925146311866577
  7.64992157103797332 4.03245087435423333
  5.74524541042685755 3.19221254075708405
  3.84032590219871794 2.35216266009149155
  1.93521359770385182 1.51228479091738133
  1.97955857996914042 1.65579126438943036
