Number of disks = 20
Depot = yes (node 21)
Tour length = 35.64852837173682332
Tour sequence = 21 1 13 6 4 16 2 15 20 8 14 19 5 18 3 17 9 7 10 11 12
Tour visit points:
  10.40949999999999953 5.14480999999999966
  11.24346686767480996 6.68663067465554573
  12.07741495221756622 8.22844380943512910
  13.07588563576546115 7.90688316881804809
  14.07435185914159348 7.58530667711608153
  15.07282052736289657 7.26372548468752655
  14.36242037819584283 4.96729587388225013
  13.94032395032787797 3.72753682828619892
  14.36563548326020801 1.82091215067263468
  14.34489999575013641 1.45158101273710627
  10.63094265046377984 1.98861837831344568
  9.03684324232080627 2.03073911142322228
  7.43920929891446825 2.07344888897188184
  6.68764221494397404 2.09380272734190420
  5.93591643640603817 2.11417636534638609
  3.66625933695700823 2.62408165622971312
  3.24076798861800830 2.91055026517225768
  1.61937456605241459 4.28157700756677517
  2.10792159592076489 4.93968420372460759
  2.38356122950122895 5.31099015474034353
  9.06572670385783574 5.92654314214682731
