Number of disks = 18
Depot = yes (node 19)
Tour length = 29.90689766208810596
Tour sequence = 19 3 13 15 1 10 16 8 18 6 9 17 12 11 5 2 4 14 7
Tour visit points:
  2.21491000000000016 6.34266000000000041
  5.17129626497337025 7.11562934413031645
  8.12782511669560037 7.88871871685668857
  8.52049459602321413 8.75085733173264835
  8.86978470021718834 8.83689956178609215
  9.72034362762324911 8.73887749622146437
  10.57088945901526600 8.64085349516943957
  11.37255014504122208 8.98758180349864233
  13.06719944969901448 8.19944555586429402
  14.76184887322306416 7.41130850784991946
  12.74340016914475804 5.60427467221160569
  10.72492901048922498 3.79721529766147237
  10.07294860520694613 2.84815891918879771
  10.01888529710103448 2.76958009164716001
  9.48619346651480733 1.99536468139868961
  7.67195959043593056 2.93761815813624727
  5.85771464814850695 3.87986712943734480
  4.45009353784042805 4.61092604462930300
  3.04247343862184438 5.34198414318101822
