Number of disks = 20
Depot = yes (node 21)
Tour length = 36.88153443604822712
Tour sequence = 21 20 5 13 18 7 19 9 12 17 11 6 4 16 14 8 3 15 1 2 10
Tour visit points:
  10.31869999999999976 7.46849000000000007
  8.47264929284006030 8.89223570756721671
  4.99597119597122941 8.97445989189828452
  0.99583883524136585 9.06906418825232308
  0.99667244344757588 7.91137419191658253
  0.99750629573485938 6.75368285466895202
  1.24853259630155167 6.08553218427201159
  1.44776859655436008 4.85656266133605641
  1.57703353615273034 4.05924452498018340
  3.06664208575131081 3.33978708456733564
  3.21169959194283772 2.09419139761112927
  5.86961332180937490 1.47119668794561087
  6.43291740582933524 1.33891290733781476
  6.99603500237695108 1.20664573140877729
  9.78839056460137513 1.35557390126082589
  11.81366635431118439 1.46359183732220255
  13.62380843380984174 5.43422758217368873
  13.62815096770865964 6.31555875716095372
  13.50786592912777806 7.28616743991112337
  13.38758089077457392 8.25677612250618864
  11.85314044538728595 7.86263306125309391
