Number of disks = 18
Depot = yes (node 19)
Tour length = 34.26249425982403807
Tour sequence = 19 15 16 7 1 14 8 2 9 12 10 17 6 13 5 18 11 4 3
Tour visit points:
  11.92570000000000086 7.36380999999999997
  11.69442559303889873 6.31516416194010244
  11.46313913081721658 5.26644986882120314
  11.26471472417084740 3.76864868412776932
  11.02904801620399056 1.99069271595513841
  10.90570377910923483 1.93523450707143851
  10.78257636711130907 1.87982515852717280
  3.26814998350495856 1.72805218159188079
  1.85504616279123580 1.57092358627236273
  1.45279824390685830 3.39068946175778052
  1.43972543569135136 3.44983994948269768
  1.91470954211954059 4.51392713103797050
  2.25347784445058119 5.27285608877122858
  1.91936268543373023 6.68044974873677777
  1.58524760246160668 8.08804339599623567
  1.38349040707283844 8.93802651678580062
  3.99467629605433272 7.36242381825668346
  5.96526995296894036 6.17335769555111114
  10.78684642679193040 8.11633808059855077
