Number of disks = 14
Depot = yes (node 15)
Tour length = 33.62191364277446581
Tour sequence = 15 3 6 10 2 9 12 1 5 11 13 8 7 4 14
Tour visit points:
  6.34443000000000001 8.35718999999999923
  6.66957328737687138 8.95905915302356526
  10.15728715773130730 8.07796752480634517
  12.15092072269584555 8.09211509769389359
  14.43294169611495015 8.10830843271239665
  14.11640030912522015 6.12398022565455413
  13.74260410700847856 3.78073383497252058
  9.64867283685148003 2.98078210258627196
  8.72700463590331488 3.53487715994542384
  7.27318321605020746 4.19138248974943117
  6.12601468823077600 4.70924440953357504
  3.83889333179923264 4.10867450970624049
  1.55188592246372958 3.50797224723760603
  3.54625267009846246 8.14350687568680698
  5.32168451297124800 8.27908792665741622
