Number of disks = 16
Depot = yes (node 17)
Tour length = 37.17670533711272185
Tour sequence = 17 10 1 8 6 14 15 5 9 4 7 3 13 11 2 12 16
Tour visit points:
  0.06836150000000001 4.17919999999999980
  0.41287262268152330 5.41632294621313193
  0.75766570376135900 6.65358581444344122
  1.10250768511222885 7.89088587741267578
  2.21534239293094304 7.89267304588858565
  4.64123955048950787 8.22543154771895502
  6.07269970332908127 7.92676562580444344
  7.82127560295084923 7.60675129798488481
  9.34718803960661937 7.32748755251232531
  10.80938766021233910 7.05988416123128459
  11.62433046060096054 6.77758356194585421
  13.24786903756962708 6.21518100656078332
  14.87140761456873328 5.65277845112913635
  14.52869899862514025 1.35798719621124264
  13.16632872266284693 1.50554513536465007
  4.57764855908794388 2.43578265400948890
  3.75973378879374964 2.52437077137928290
