Number of disks = 18
Depot = yes (node 19)
Tour length = 36.72476733822640682
Tour sequence = 19 4 3 5 6 15 13 2 16 1 11 9 18 12 8 14 10 17 7
Tour visit points:
  13.09409999999999918 7.39463000000000026
  13.44737793956015004 4.78566426154847147
  12.58807193255108281 3.06038248071411756
  11.72876623340514435 1.33510090674917836
  10.27120158955733942 1.22615047294652935
  6.68526637912174237 2.86139734193858697
  5.16861849014014840 1.03440836553125481
  1.06282325551213397 0.74081346037265805
  1.36976737201660836 2.51533973069896089
  3.10103493119935836 5.08434348392999880
  4.83202884497281726 7.65313422089523865
  5.14364263979951453 7.76490029754169075
  6.72796842141586460 8.33307043456338548
  7.17182997167838465 7.94381839565324821
  7.61585379567534826 7.55451117546064665
  8.05991666284760555 7.16518508501619777
  9.84700646693016779 6.83877570847097971
  10.35141182761064016 8.24117998231208837
  10.96293601561236386 8.69182446873172054
