Number of disks = 14
Depot = yes (node 15)
Tour length = 31.18559231365099293
Tour sequence = 15 12 9 3 10 2 14 13 6 1 8 7 4 5 11
Tour visit points:
  3.13583999999999996 7.61315000000000097
  2.78980833618351332 7.88650630209991821
  2.44376881975643823 8.15986998611537828
  1.30001874701408826 9.43692697551647797
  4.52751854430961753 8.68639603832298590
  7.75515028251077254 7.93582967494556346
  10.15799836457674310 7.20333387752708010
  12.56060729213668203 6.47114956141950870
  12.58169874957423318 5.84646207201837687
  12.64841257214849612 3.86518345861918045
  12.71509844719888704 1.88387222649034736
  11.04808331591188519 1.68226506173675627
  9.38107284786052453 1.48065684701026901
  7.70168853748074245 2.54126758472984005
  5.29061143341381523 4.06397702287511819
