Number of disks = 18
Depot = yes (node 19)
Tour length = 40.57863049065748839
Tour sequence = 19 17 7 10 1 18 4 8 9 14 13 12 3 5 11 6 15 2 16
Tour visit points:
  15.13860000000000028 8.37184000000000061
  11.97415275252489586 8.44081313783498111
  11.06848415407457864 8.46055333255990938
  10.26475896563398216 8.23724552955284395
  9.46103377713519755 8.01393772641519853
  8.75604152529910884 7.81806198030060795
  8.00331470775035747 8.63420259646954413
  5.99891152771099367 8.65549726030699240
  0.82952598480911166 8.71041651889036572
  0.89575486289002892 6.66921820265295651
  0.96201573037832167 4.62795618828817190
  2.84375706647047188 3.12939739202813172
  4.49094164714739374 0.98218437970872641
  6.50864338724576452 1.41938624539528435
  8.22965825704115517 1.49932380628549544
  9.35263582459098508 1.55148292190199966
  12.89870742272454684 1.27067490339897216
  12.08633886620295605 3.83467640325933656
  13.61246943310147905 6.10325820162966881
