Number of disks = 18
Depot = yes (node 19)
Tour length = 32.75773095170614368
Tour sequence = 19 7 8 6 18 10 15 12 2 11 5 16 13 1 17 3 9 4 14
Tour visit points:
  4.89322000000000035 1.73924999999999996
  6.33312023415656444 2.90263181512845714
  7.77281156452428945 4.06594209698091458
  8.94575332519203492 4.04232573127555206
  10.11855480215828962 4.01867810672622827
  11.29137792677471808 3.99504354430796793
  12.13560297441601321 5.67837814285387754
  12.97982653013395193 7.36169943542486127
  12.81385198636347766 8.03541850649931710
  12.62796756993613556 8.79002523596944840
  10.99222531740854158 8.71682853366516497
  9.35656055516803775 8.64359824513882202
  4.88161795095824846 8.44325058843338638
  2.59365193725870258 8.17477111543400881
  1.90548390100525777 8.09401926308146891
  1.92975083200254716 4.10538947829968759
  1.93767010086917590 2.80414416528678823
  1.94559010316866532 1.50289817941979575
  2.49282350201981728 1.54677736867615434
