Number of disks = 18
Depot = yes (node 19)
Tour length = 39.95854010670803547
Tour sequence = 19 9 3 17 16 10 18 15 11 7 6 1 5 14 8 12 2 13 4
Tour visit points:
  4.72475000000000023 4.76973999999999965
  3.58643318368547215 7.46506034003915708
  3.10550158408589905 8.60381660469285414
  8.33700070573120833 8.30613788350943771
  9.46460890336773986 8.42607689811603322
  13.00030707085527837 8.80204502378116871
  15.23276943194573008 9.03933166830027979
  14.74395848450953750 7.13200384664832043
  14.32844737052907114 5.50898935364765396
  13.78307211886361472 3.37746037534235910
  13.54641183202354604 2.45179564375518044
  13.30978723261593366 1.52616400334050728
  12.96025917090313939 1.46445214946781754
  8.17899696747789129 1.71521036854527087
  4.88951968802250470 1.88772860772757967
  1.60004253280953090 2.06024648533676302
  1.95898044811355221 2.37148853113277314
  2.99993467551564086 3.27411985409867334
  4.04088879269764956 4.17675095118831408
