Number of disks = 20
Depot = yes (node 21)
Tour length = 34.39291186331168859
Tour sequence = 21 14 9 19 18 2 17 15 13 8 16 1 11 10 7 4 12 6 3 5 20
Tour visit points:
  7.27658999999999967 8.62299999999999933
  6.60739428024244013 7.86830126490153781
  5.93819883840476148 7.11360261132368610
  5.26900352590413856 6.35890399568221110
  4.46506305256787073 6.58551942718446526
  3.72333682234632191 7.23759402259203100
  3.26882745129325913 7.63716737158819914
  2.81431850895927793 8.03674084235605690
  1.92051300664681923 5.10724520645959235
  1.90856660186093574 1.02581449273722236
  2.25768191118254746 1.03688915093131451
  2.60631426778811193 1.04819301443055224
  4.34641237123205837 1.10479944437477906
  6.08635500909174709 1.16149619545456217
  7.82632345781310690 1.21819696697351398
  10.53777560324606988 1.98746157638468612
  11.53030516051310528 2.26905154554236432
  12.57751256178459087 2.86928915162531029
  12.01066043783932891 7.12909320497183963
  11.83173925038997965 8.47365763263607086
  9.65177687561281239 8.54512856013326250
