Number of disks = 12
Depot = yes (node 13)
Tour length = 32.55864745921008563
Tour sequence = 13 6 8 11 3 9 1 12 10 5 7 2 4
Tour visit points:
  13.35490000000000066 0.35096300000000002
  14.41914219528617025 2.67120202372370663
  14.73865203060282703 3.12692848424356518
  14.42292420641914852 4.10417169053431863
  14.66411235342316211 8.36291527456668149
  11.70861221477941783 6.66574743768895317
  8.62449698234972040 7.56573955291485234
  7.88581590064102578 7.90994139185736334
  4.05537994380983058 7.22015344564078809
  6.66729529064046567 3.27538274037676436
  6.94856700977560848 2.61705695973628227
  7.22983868762932680 1.95873119766885084
  8.73909017186183590 2.46132072642422361
