Number of disks = 16
Depot = yes (node 17)
Tour length = 36.76299572525321935
Tour sequence = 17 14 10 16 3 4 6 11 8 1 13 2 15 5 12 7 9
Tour visit points:
  2.26521000000000017 9.05118000000000045
  8.32072799086183856 7.62866328010632699
  11.42434747784841420 8.04624952672831739
  14.52790358585911257 8.46389167239419216
  14.51650057488270029 7.14624334726717159
  13.82793749053344179 6.20332458637659201
  13.13904498652876818 5.25973094530393404
  12.45012697629970155 4.31608478175859123
  12.26818337347226162 3.66779978933614448
  12.08623981494241661 3.01951883356578143
  12.60290454392192139 1.01013128961800169
  7.01357702963119856 1.68580003631293707
  6.27085942181054712 1.88281207062748956
  3.66970893250349262 2.57278891245769437
  2.96040435148180103 3.80366324374616394
  3.21715437109412461 4.72788032946960435
  3.47390439070638113 5.65209741519491704
