Number of disks = 16
Depot = yes (node 17)
Tour length = 38.25895262582641010
Tour sequence = 17 1 2 16 13 5 15 9 4 14 3 7 12 10 11 8 6
Tour visit points:
  3.84874999999999989 5.21438999999999986
  13.83746599448731018 1.86490358541472978
  13.76977206438633416 3.67717826305876061
  13.71617163887001745 5.11215233077659637
  13.58679946112544101 8.57566490705029416
  11.94501069394921799 8.07145758548251280
  10.30322208059066114 7.56725026786576471
  4.88916371348111145 8.93011982940556059
  3.09978434781550005 8.80763616328534660
  2.40690899598127217 8.28175785862434921
  1.71403079827831295 7.75593004334010416
  1.02115855144661838 7.23012293404061346
  1.46789165044627024 6.05026856765214216
  1.31326812002509352 3.23881156317984376
  2.53001297493863975 3.34382890588199366
  2.73710249678372231 3.63763214486256192
  3.29292624839186088 4.42601107243128045
