Number of disks = 18
Depot = yes (node 19)
Tour length = 35.01101413472756718
Tour sequence = 19 9 3 17 4 14 11 16 2 12 1 7 10 13 8 18 5 6 15
Tour visit points:
  13.87880000000000003 8.40204999999999913
  14.12466557450085247 8.04395802719296249
  14.58084430972683876 7.37955454852232062
  12.20526127194343857 3.27352359546340699
  11.00288706625286395 1.19530297090682902
  8.14588794201117139 1.43574035328494443
  7.03406196395349959 1.06470346331260224
  3.98640926075573399 1.14215854736241273
  3.61582766277371936 2.06662918908761917
  3.08350826306449299 3.39475926170157205
  2.55125500690573448 4.72287551790860682
  1.96356157337621884 6.18940946679252413
  1.46676411125905282 7.42913350889795776
  2.68460063086943901 8.20651834367245314
  6.04728727282852940 7.49724557084598953
  7.96664316532926531 7.71973859530667017
  9.44457073293624205 7.89063736120678350
  10.92260994160392507 8.06121521238011596
  12.40070497080196255 8.23163260619005754
