Number of disks = 12
Depot = yes (node 13)
Tour length = 31.96484612525122415
Tour sequence = 13 2 7 9 6 3 11 8 10 5 1 12 4
Tour visit points:
  0.02587970000000000 0.61006499999999997
  3.18121681959758806 0.93518408225743466
  6.33626556900622440 1.26055054917200104
  6.95774362636656196 1.32471893783413175
  7.80119647293896268 1.18713233510075722
  8.48954078712333171 1.07477704292051746
  9.34281448101797451 2.15496525829249341
  10.19609288714453754 3.23516687885053011
  10.20979243503704481 5.05953430385500358
  11.10298593615169338 6.57873023185994121
  11.99617938026216812 8.09792628012189653
  8.33269449722599909 8.66659462069704567
  2.53932764272889155 3.85006611146925026
