Number of disks = 14
Depot = yes (node 15)
Tour length = 35.12223076732163918
Tour sequence = 15 10 8 9 13 14 3 7 5 11 12 2 6 1 4
Tour visit points:
  12.97700000000000031 6.62068999999999974
  14.84071353854186270 5.70290272296197998
  14.52224998954882551 1.35260096064973934
  4.94361057366279333 2.29081594164188340
  4.07523813513597855 2.37587187459088245
  2.96200849472282890 4.75212438066542564
  2.30298040850258490 5.89522542948909045
  2.26236945743764606 5.96566621752835413
  1.33788419828634342 8.14544287646368659
  4.58848810251567407 8.22865950088737819
  6.07037446685829885 7.92721804413137843
  7.82044035217986089 7.60601488528121017
  9.34745780559982009 7.32554017809185343
  10.87454041132501814 7.04505291100887998
  11.92577020566251100 6.83287145550443942
