Number of disks = 20
Depot = yes (node 21)
Tour length = 38.69796381811472230
Tour sequence = 21 12 15 16 10 11 8 19 7 3 4 6 20 2 18 1 9 5 13 14 17
Tour visit points:
  14.24559999999999960 5.74328000000000038
  14.26815728898249702 5.18073408572229965
  14.31143971005066362 4.10139567152289786
  14.33935048948840318 3.40545217396185862
  10.07246233984217554 3.81178993548929457
  8.60990651907384219 3.95110020062809220
  8.56157922449726883 3.95572743707658869
  7.10155730890999770 2.64461449507946966
  5.56574700549219781 2.27750002444944855
  4.02994204224074526 1.91038934956239692
  2.49414030914306339 1.54328133804482603
  1.62995195436152418 1.33671252658723372
  1.05021771133631647 1.19813784407040824
  1.09073649187128430 5.20217059295896167
  1.11277063984597469 7.37957231958099413
  1.13133278041809127 9.21081482665492146
  5.70246730691711790 8.79888882826505281
  7.72739170018905774 8.61644462519693377
  12.93301039507286987 7.03944780070557563
  13.22553741471202926 6.84550815630629028
  14.29150903721258814 6.58998126093000014
