Number of disks = 20
Depot = yes (node 21)
Tour length = 36.09418524840363318
Tour sequence = 21 16 4 11 8 13 9 15 3 6 7 14 10 17 5 2 20 1 18 12 19
Tour visit points:
  13.42280000000000051 5.56658000000000008
  14.07287990985665438 4.48270938942564534
  14.72296885919588050 3.39885142962584075
  11.98582177166148988 3.98321016544770590
  10.30329680281737481 4.34243632945363611
  8.62077744815239733 4.70166279218895955
  6.64354200502322811 4.05372128022430367
  4.66630053337360362 3.40577622683776360
  3.61326287704439730 2.43342225554874325
  2.56020533522363714 1.46107091078639284
  1.10894034629129967 3.76241581023887139
  1.11101135123904515 4.58008770074113869
  1.11343491414285301 5.39785822319866515
  1.11608375893129286 6.21573404521053163
  1.11879165946395620 7.03367735194052202
  3.54248137887845127 7.36639785803740388
  4.80817176610182173 7.65099115762471982
  6.93435227568533108 7.69243593450843743
  10.35072850303754066 7.75902997540313244
  10.52927176831087053 7.76251024712322746
  13.16285709810489557 7.75843779841565606
