Number of disks = 14
Depot = yes (node 15)
Tour length = 34.63153896344773131
Tour sequence = 15 11 10 14 2 9 6 7 13 1 4 5 12 8 3
Tour visit points:
  3.72033000000000014 6.38234000000000012
  8.29343792949574166 6.66192209823888337
  10.35901783276600874 7.77556166457451248
  12.84582627394285304 5.11845876587032045
  14.62158298789781874 3.22088525450036922
  12.09794503654438635 3.25050693580453132
  9.57399055739524663 3.27963195860510570
  7.04983626933146112 3.30849231640824604
  4.52563563499037169 3.33733445430295594
  3.53998352065375332 2.39958172877648090
  2.55432845534253339 1.46182937521894329
  1.10486407803696784 3.77620440480040243
  1.07361893476003623 4.82677931882607769
  1.04237388575562195 5.87735406265600435
  1.01112885816190179 6.92792882455292425
