Number of disks = 14
Depot = yes (node 15)
Tour length = 36.85759910587599819
Tour sequence = 15 1 9 8 2 12 10 7 4 3 14 5 11 13 6
Tour visit points:
  2.46540999999999988 1.42856999999999990
  1.75126864872609489 3.67983093434391728
  1.48028230642695480 5.70200319661513344
  1.20929650567625679 7.72417631125382353
  1.02507908527067326 9.09886008689639958
  4.84186119074255306 8.82111922145108629
  8.57046889599250150 8.86312507136877947
  11.10904085112123951 7.51647776148638780
  13.64764040579658655 6.16969864237616061
  9.87745974837930518 1.41122856826622312
  8.76329117911807565 1.28726380570069487
  7.31055769978225101 1.12572614108004809
  6.43160636238799555 2.33056347455166657
  5.34883484498954775 3.81477435664308251
  4.51550866908502702 3.14618865763410982
