Number of disks = 16
Depot = yes (node 17)
Tour length = 36.53359970798830858
Tour sequence = 17 6 14 15 5 4 2 7 13 16 8 9 11 1 12 3 10
Tour visit points:
  12.67179999999999929 1.99622000000000011
  13.22103867364156393 3.18725087463272017
  13.77028870580809183 4.37753898111202577
  14.70909806954157162 6.41199181519717598
  14.23904651264857790 7.83394951776879278
  11.54654801104230444 6.52051692250984072
  8.51298960569493168 6.91627925704427771
  6.21570853650892818 5.81351697689823332
  5.54218439780488303 5.97870464839966331
  4.74667700326568376 5.76949957436164862
  1.82915747246528326 6.67524887789359411
  0.75080029211312571 7.01002684740411919
  3.04308513301257699 1.39903643842263903
  8.20727228289352695 1.28227021518715967
  10.31052867595334632 1.23471397880246325
  11.05507078365887885 1.21787931206908651
  11.86343539182943729 1.60704965603454308
