Number of disks = 14
Depot = yes (node 15)
Tour length = 30.08621873367931698
Tour sequence = 15 5 11 4 2 8 9 12 6 14 7 10 3 1 13
Tour visit points:
  6.84004999999999974 2.21625000000000005
  6.36584068376942014 2.16747477015452494
  5.89163136308164237 2.11869954066425858
  1.07217146747135472 3.40876004961570223
  6.96441056431144911 5.16263170353446732
  10.11232010791159830 6.09963150778997587
  12.03873603552279192 6.72568004275863007
  13.96500026041261755 7.35181840929908859
  14.03293870704944091 6.99187560941644648
  14.10070067293263740 6.63189871406216902
  14.24873726490349135 5.84488244729901396
  14.39675418496916492 5.05782103852901965
  12.44954348337095240 3.82877943422284917
  10.50233547607014728 2.59973884962352120
  7.32737120246285034 2.08546980243333246
