Number of disks = 16
Depot = yes (node 17)
Tour length = 32.13556676173511306
Tour sequence = 17 4 7 5 9 1 15 3 6 2 10 13 16 11 8 14 12
Tour visit points:
  4.57728999999999964 3.36314000000000002
  3.49480915815468540 2.28072282440303287
  3.02111142023214230 2.09348679419624339
  0.74726091258187677 1.30260319110132916
  1.77091229544085693 3.89926077994960307
  2.79454492717555825 6.49590600910559690
  9.06457972790579802 6.30921594293272836
  10.39787352298302991 6.86431521860971472
  12.36301786256170132 7.68253911195279304
  12.37929860053335673 7.30393667257555101
  11.64420464281274370 5.94121485155435014
  10.29135933374276313 3.43330109230376923
  9.62400843968828923 2.50240283202382363
  9.03415797216501559 1.67961487755026839
  8.63159566864761452 1.11807849642883306
  7.37408000982578660 1.81442506629037270
  6.11656406669128305 2.51077113219743175
