Number of disks = 20
Depot = yes (node 21)
Tour length = 34.64498409143913449
Tour sequence = 21 3 1 8 4 14 9 2 16 10 19 20 12 6 7 11 5 18 13 17 15
Tour visit points:
  1.27299000000000007 0.75777499999999998
  1.31517673836347382 3.69600440103971062
  1.31998103783282628 4.03469430260221973
  1.33765124593679552 5.26155390024038550
  1.35565237924869675 6.48895420379997212
  1.37386237080079288 7.71665724297837929
  1.39211919279482021 8.94439523401121228
  4.86016415097145504 7.97132780607226366
  5.82485430599984699 8.36183147329866472
  6.95231299524962321 8.81822302583420381
  7.54301888192088299 5.94158709479711078
  9.58033538243183003 6.59198959760538816
  10.13365754001966756 6.26099295911839260
  10.31303044946127123 5.86852684218367937
  10.49240335910736199 5.47606072641764374
  10.67177626861390927 5.08359461125303991
  10.74219332876301181 2.50269778771904772
  7.87853951436201871 1.08384902121767301
  5.75081693533530913 2.90704567873018771
  3.81089413961918755 2.30762342504918339
  2.54194206980959381 1.53269921252459174
