Number of disks = 14
Depot = yes (node 15)
Tour length = 30.98136172502717045
Tour sequence = 15 8 1 12 13 3 4 7 9 6 2 11 10 14 5
Tour visit points:
  9.75420000000000087 9.56113999999999997
  7.71340919037511785 8.90544961175926453
  1.67561885236032837 7.90179551927517476
  1.09316282931210051 7.12519820793933256
  1.83339050592209474 6.30906389339109541
  2.57327414255937548 5.49362628395409214
  4.14356977913936131 3.76299964732836090
  7.25338561019487393 3.01247140001050973
  7.86037488205317647 2.86597701410179706
  10.15209342996808672 2.03701955467876950
  10.35809754507119962 2.74235097001369743
  10.56410989621045893 3.44769649377440635
  11.61137182267690626 4.52208944917742439
  12.84852244596891069 5.18315863115271647
  13.72990267099463146 5.65412244626563165
