Number of disks = 20
Depot = yes (node 21)
Tour length = 34.48840615112071362
Tour sequence = 21 2 16 8 17 18 1 5 12 9 14 10 19 13 6 15 11 3 7 4 20
Tour visit points:
  14.16600000000000037 9.39085000000000036
  10.87908218697153195 7.40262464619517591
  10.01564102136565459 6.88082264812478428
  9.15202867095639228 6.35900257474067221
  7.70271578158718206 6.86017207987263955
  6.25339144956269077 7.36134263100499364
  3.69868792189906204 6.97368188433966196
  2.89774906488860573 5.55087188079019533
  2.09681023094835606 4.12806178134475577
  3.33780106339023197 3.30449011594729303
  3.86140591984406978 2.27428923354477774
  5.79647667986129278 1.34755687703267046
  8.59871146446292656 1.51483334776194800
  8.88330868324820244 1.53183559000433700
  9.73680781113598393 3.43915763056246115
  10.26099900556870814 3.54446201494047974
  12.37450825489037065 2.90202944313398703
  13.58277710729364252 4.82220592406336923
  14.13038746578677163 5.69246632298124311
  14.16091806981565249 7.22131497489541907
  14.19144867384620845 8.75016362664025138
