Number of disks = 14
Depot = yes (node 15)
Tour length = 32.31195191386655097
Tour sequence = 15 10 6 3 13 11 1 5 9 8 4 7 12 14 2
Tour visit points:
  11.95739999999999981 4.96902000000000044
  13.09356352477224661 5.57780093454206849
  14.22973156012235663 6.18664930720127071
  14.29526182609760276 6.22182262374372108
  11.82660848803576492 7.03741275912684561
  11.18969003083265434 7.60543664576975598
  7.05163627081872413 7.61015140581456517
  3.08926465759789393 7.61507082068277708
  2.62474943616681822 7.61578153902514288
  1.86520744336172961 6.15159719461209864
  1.84935536903043318 3.96058803439331575
  1.38206852352186971 2.94842079391856249
  1.05797749145754438 1.83257560248210960
  3.33786361967927059 1.64919929454910008
  7.86125707043714961 3.39138757175296490
