Number of disks = 18
Depot = yes (node 19)
Tour length = 36.31265929600412079
Tour sequence = 19 1 9 17 4 12 18 6 11 8 16 10 5 3 15 13 7 2 14
Tour visit points:
  13.25820000000000043 7.65617999999999999
  13.23539201357503359 8.38430832020494776
  11.52092897210822997 8.47819927012735342
  9.80729002714487841 8.57280902294688651
  5.39725847553562854 8.81677835837333745
  0.98728294509024395 9.06080115303695699
  0.99749047143578240 7.87227372044101248
  1.00769933984864468 6.68373406457078723
  1.56366817464710217 4.07675978357956392
  2.31450559004765921 3.70918859744279583
  3.06534296883916779 3.34161746300883511
  3.21155551843097831 2.09435289654013124
  5.86969887986393069 1.47083020944732468
  6.43279479071109606 1.33874438256117112
  6.99589070479331898 1.20665855538774824
  9.78837242335311153 1.35556119393223984
  11.81360821578152809 1.46355221535856850
  13.62454020003435851 5.43753061103613344
  13.63416902004451003 6.25030066587844502
