Number of disks = 12
Depot = yes (node 13)
Tour length = 29.23042138475351592
Tour sequence = 13 10 5 12 6 8 2 3 7 1 9 11 4
Tour visit points:
  1.08548000000000000 6.75741000000000103
  1.25784740006897788 7.86585138232842596
  1.43021137245212615 8.97428993786035356
  4.92562067942635906 8.84384301123136574
  7.07251121156672458 8.76371082692469017
  10.09072524553896244 6.31230245064554563
  10.28708876549429441 5.89235452716251018
  10.48333912885494357 5.47229271219358360
  10.67962393747727745 5.05210160985400059
  10.87897288538181151 2.68100593032498313
  6.14058519214430820 2.90383112164570845
  3.09364029466126578 1.53294483413276006
  1.94358755320779664 4.52494228702895196
