Number of disks = 16
Depot = yes (node 17)
Tour length = 36.95251955575012914
Tour sequence = 17 11 1 10 13 2 12 15 6 14 9 8 16 5 7 4 3
Tour visit points:
  6.21210000000000040 1.81218999999999997
  8.36045877149592975 1.73485303976623473
  10.04560342862004418 1.67376180040597289
  11.73037826558266161 1.61246278843174884
  13.41510447279733320 1.55114864135619679
  14.45657556546054323 2.32638701768146605
  14.13291819019380746 8.15324898904585638
  12.88572160301619185 7.92740475451106619
  12.45013942824330222 7.84852920903473272
  8.84813872518461864 6.43067652794348898
  7.57527445473268735 5.92963992896291181
  6.27293188235384758 7.17959582723357226
  4.08338947643824568 8.09912638557807441
  1.50463902201125488 7.06753536076331201
  1.00298163392564876 4.70990960311079920
  2.46653778315828198 2.82744714263547525
  5.72995034694568695 2.11400551653735969
