Number of disks = 16
Depot = yes (node 17)
Tour length = 29.97687062274163239
Tour sequence = 17 5 12 3 4 14 11 7 2 1 16 13 9 8 6 15 10
Tour visit points:
  9.93927000000000049 9.46104000000000056
  8.42855343253351563 8.68307356001196240
  8.05305566635139591 8.37895881623980188
  7.90804296082966829 7.62762419687891047
  4.83316985714603131 5.01117071351488974
  4.65602315883530160 2.81099231857581167
  8.13932175359981791 3.89523565339383637
  9.39877803043791005 3.63949044791864784
  9.74986368062837272 3.06107816366291496
  10.10093474398571090 2.48269782540120154
  10.48473930452757230 1.28890388345256746
  14.12644528047409942 2.22130463445812509
  14.89439503697548872 2.41808970849332816
  12.29763298018926676 6.57951095232681027
  11.62765465285433208 7.65380139786952451
  10.95776017932581681 8.72800223016179011
  10.44851508966291043 9.09452111508089445
