Number of disks = 20
Depot = yes (node 21)
Tour length = 35.18198829400827066
Tour sequence = 21 17 15 1 5 3 13 14 18 4 20 10 6 2 19 16 7 9 11 8 12
Tour visit points:
  0.02002010000000000 5.63584999999999958
  0.85663062436562065 6.17755520503986322
  1.69318081298425649 6.71930150769458034
  2.52970129115111542 7.26106805783956499
  3.13253025425264742 7.65149099150834999
  5.48172121134356960 7.96720574463901876
  8.64963621694650087 6.70155890012567390
  10.25445235779258901 6.85129647557918631
  12.33660188928471690 7.04555579680384536
  12.86519923297150569 6.76457122130458455
  13.39380456955179355 6.48358029988403661
  14.87284406365692035 4.78813321681317738
  11.80363714762868632 4.23522763298208105
  9.68917833740965584 3.85440995193290625
  8.44790310537354117 3.18782895244251518
  7.20757930785167922 2.52124270436936815
  4.57836664774555935 1.10820881387387482
  3.09113100386552597 0.97997133185937202
  2.39290982671597607 0.91977171147265735
  1.52414849552925147 2.64642516700594665
  0.77208429776462584 4.14113758350297267
