Number of disks = 14
Depot = yes (node 15)
Tour length = 32.63284281381771024
Tour sequence = 15 6 1 9 12 10 7 11 5 4 14 8 2 13 3
Tour visit points:
  6.01386000000000021 0.92623699999999987
  8.25094893539479735 1.21307805112998213
  10.48836468179148795 1.50004005792719330
  11.03803652067115770 1.57058557149436395
  10.15477371823616792 3.52737356550546055
  10.55069163567881141 4.11118468416649208
  11.18718076837458320 5.05020478210247781
  11.82360676861577709 5.98943464413292492
  12.46001404630502840 6.92871694638242452
  10.10085761040633479 7.63149871258908963
  7.75600598346287118 8.33002584686426495
  7.17409734088969842 8.50337606369600429
  0.96140209677155875 8.61664565768300328
  3.20950381086825542 2.87102215697043750
  4.61168190543412848 1.89862957848521852
