Number of disks = 16
Depot = yes (node 17)
Tour length = 33.34328229437151236
Tour sequence = 17 13 16 15 10 8 12 7 5 2 6 1 14 4 9 3 11
Tour visit points:
  1.39897000000000005 5.65812999999999988
  1.54408725579197603 4.76286289804122820
  1.68920592963670835 3.86759260589397558
  2.93838543838281296 2.30964561235491317
  5.90398679716363883 2.04095496725482395
  7.63178338793325128 1.88446225052038629
  11.87193196087846658 1.50042253791797520
  13.61322934700441678 5.37862923053468212
  13.47902890552303745 6.68086743754348156
  13.38313919813340291 7.60971169926254998
  13.31019573356101837 8.31518199604007258
  12.03460916260916136 8.21615532068131671
  10.75919083054913550 8.11750263200501188
  9.48397998691132216 8.01916458607533400
  6.56397346528150472 7.79410020867416797
  4.89554895635396381 7.66550779502163593
  0.96663307431763001 6.27150634679699603
