Number of disks = 14
Depot = yes (node 15)
Tour length = 30.85169702242841794
Tour sequence = 15 7 13 2 4 3 5 14 12 9 10 6 11 1 8
Tour visit points:
  2.70271999999999979 6.24103999999999992
  2.81936051492581363 7.77915821393410400
  4.67224634794116067 7.55608743202839328
  6.52513219486979690 7.33301665097659150
  8.37801917362169313 7.10994592266991887
  11.85975164845922691 7.86277271019926882
  12.59463950480068384 8.02166644319064304
  13.40270765799356312 7.50677932033852091
  12.29309125258677504 2.11918366786762080
  9.54184620861853006 2.09312376897185359
  8.12730965516356463 2.08017273690551274
  6.71291405347675418 2.06746276346759172
  5.29846108581671604 2.05477195651482081
  4.84930724164948401 2.39892759881983908
  2.02239382275100787 4.54483699420327003
