Number of disks = 12
Depot = yes (node 13)
Tour length = 35.91064640961056398
Tour sequence = 13 7 8 2 11 4 3 10 9 6 12 5 1
Tour visit points:
  15.16649999999999920 0.58778600000000003
  15.08548125664519546 1.82498439570445692
  14.95789556763750916 3.77325633302353936
  14.83030971269059428 5.72152857501057088
  12.08641263325016979 7.75905910843064373
  6.03647383236623369 7.93316908156725997
  4.55567462660142564 8.36591871510975693
  3.07481493481247847 8.79864747461318686
  2.27153763826162081 7.67822210178495013
  2.96672355791075359 5.68558991028796434
  3.55285648060120529 4.00622744002162978
  4.13905109783485869 2.32681346420238633
  5.08786033268467364 2.17718635349605449
