Number of disks = 16
Depot = yes (node 17)
Tour length = 38.36740444916539872
Tour sequence = 17 11 14 1 2 7 9 13 6 3 4 15 10 16 5 12 8
Tour visit points:
  3.15781000000000001 9.01547000000000054
  6.97657371926506187 8.42711497448072677
  10.30277536315649733 7.91464874271808672
  12.58282591477944834 8.54956732934412500
  12.67301074346409884 8.48447655134551049
  12.39399568903566795 5.04523438120706746
  14.24328540638189011 2.07636520494487664
  15.09206049971791863 0.71373444731611013
  13.03182709442141274 1.07929258001288098
  10.97159436306194635 1.44485221301113409
  9.80276672655406323 1.65224445440209777
  3.51532848987111368 1.40555013705025855
  3.93973660660567937 5.53344282446432079
  3.55119808868525721 6.23682725208141520
  3.16617253292054412 6.78598344006244503
  2.73437930200861468 7.40158980130110766
  2.30258320495306323 8.01713684641492463
