Number of disks = 16
Depot = yes (node 17)
Tour length = 36.51334944970627561
Tour sequence = 17 10 8 5 15 13 2 16 1 12 9 3 11 4 14 7 6
Tour visit points:
  0.29688399999999998 9.78423000000000087
  4.91199012550148240 8.81649568326669808
  8.80230796037177576 8.83489845447069122
  10.37190697980391718 8.81457189083361392
  11.26907480533063755 8.99436105378375039
  14.76696781489265042 7.38021938599786420
  13.96538312696259254 6.57090982170025395
  13.16381066135939903 5.76161436076046751
  9.87090755663901476 1.40756607977951798
  8.76473401332817126 1.29251866545979954
  7.65450388649975633 1.17704889135170432
  7.28096381551948468 1.13819859013357716
  4.80386137372403166 4.06986341290674503
  3.97252021706887293 4.66024975648888695
  3.14117906198496666 5.25063609840722290
  2.19308070632145258 6.76183406724120140
  1.24498235316072647 8.27303203362060025
