Number of disks = 14
Depot = yes (node 15)
Tour length = 29.73169679316028891
Tour sequence = 15 1 5 13 7 12 9 11 2 8 3 10 4 14 6
Tour visit points:
  11.10430000000000028 6.15711000000000030
  11.08862729902345379 6.14315676864904869
  11.07278592972728504 6.12908560211115638
  7.63415355215070246 4.27586067587618235
  6.88978687882083740 3.53422170061254448
  7.07382556292050868 0.82402073361377293
  3.38708588420717360 1.34685959843237280
  2.85766350830133975 3.58644219644521867
  2.32824494700860640 5.82607236588186161
  1.79882724222940338 8.06572923410982590
  1.55503038325815091 9.09709895893670861
  5.02817107833440691 8.84302192422131661
  7.11856216773856776 8.74766136309254883
  8.70385827409151958 7.71728978261274534
  9.90407913704576082 6.93719989130637238
