Number of disks = 16
Depot = yes (node 17)
Tour length = 30.03832401279104758
Tour sequence = 17 16 13 1 6 12 4 2 14 7 8 15 11 3 5 10 9
Tour visit points:
  14.71969999999999956 5.51163999999999987
  14.71196417589356642 5.50536504969627227
  14.70422830321054519 5.49909013463842022
  10.56885699192843475 2.14471384132486698
  9.28069433992456894 3.04422135553425655
  8.48302894991002354 3.25399756488971104
  7.68525678896069131 3.46412602084315102
  6.88745215911236563 3.67453027965689616
  3.30699090116459482 4.61881019330569309
  1.03074697135120807 6.72811783584600676
  1.94918539111077393 6.75642745441025383
  2.86762181434257801 6.78473472658918819
  5.86611789481081747 6.87715090647270344
  7.85157385706799360 6.93834430604198538
  10.72135520510161300 6.27876516380126670
  12.15359368515547089 5.94958516249819702
  13.43664684257773523 5.73061258124909934
