Number of disks = 18
Depot = yes (node 19)
Tour length = 36.06461068518327551
Tour sequence = 19 13 10 2 12 15 1 9 3 11 8 18 16 5 7 14 17 4 6
Tour visit points:
  7.42454000000000036 9.69969999999999999
  9.49032144904580299 9.09702036723716212
  10.30241507191631634 8.37985636568129522
  11.00025952458933176 7.92059414352719582
  12.92001053706055558 8.59625951854606285
  13.07441738424605226 4.53758615765512463
  11.19649921818633231 4.41627974902600329
  7.46695393381976658 4.17535388243953864
  6.90103138154818119 3.56570891632110598
  6.98642393135299944 2.67585439138806391
  7.15744925417890965 0.89366219914953704
  6.53227346575412415 1.14809370518416198
  4.81798811015901229 1.84576668101689778
  3.19103563889101638 1.48655811153954165
  2.48813605470225196 3.37343756619959212
  1.78523640710005238 5.26031686074012139
  1.42088780725690111 6.23838223329299346
  1.58379361059639745 7.47759123701852246
  4.50416680529819846 8.58864561850926123
