Number of disks = 16
Depot = yes (node 17)
Tour length = 36.78600546239128732
Tour sequence = 17 4 13 7 3 12 1 11 8 2 16 15 9 14 10 6 5
Tour visit points:
  13.98969999999999914 0.79287099999999999
  12.29622779657862708 1.15489055324731216
  8.17072692796392808 2.03681326946778274
  5.09963439207614400 2.69333136997783473
  4.88190741226919123 2.73987560445864498
  3.04000032547432308 2.56407958093830990
  1.72920250488485938 2.42577570445226431
  1.40850556346315825 2.39193790998158073
  2.79438708872534036 7.97860090035030911
  2.89527761375728776 8.38535801729041630
  8.08282626360722389 8.26680261612323797
  9.22334187527447291 8.24054281275374834
  13.31478841380972611 8.14623204328963979
  13.45420933250587403 6.62096550913041160
  13.59405627472848721 5.09573202401922654
  13.75391831333152126 3.35571970060350733
  13.87180915666575842 2.07429535030175360
