Number of disks = 14
Depot = yes (node 15)
Tour length = 34.92449459895552621
Tour sequence = 15 2 13 1 8 4 7 12 14 9 5 6 11 3 10
Tour visit points:
  2.65974999999999984 6.63044999999999973
  1.91258111066794734 6.06737494596041493
  4.74696152852736919 3.84590421429226348
  6.23854595976865234 3.29500054977881618
  7.02563370270739629 3.00430847214525443
  7.81272864374275766 2.71362163360244413
  8.59982960995109380 2.42293497489109155
  9.74455462275916240 2.92515787703540475
  13.04478654784790770 1.15503034663512438
  13.55537198165795409 3.06667697069392320
  14.43507810777181710 6.35899454730851499
  14.95808127748158611 8.31543177627797903
  15.22361011795057983 9.30829575950658672
  13.09324421318690668 8.85445511130451202
  11.47720028603434450 8.50997895780865576
