Number of disks = 12
Depot = yes (node 13)
Tour length = 34.53945041173832919
Tour sequence = 13 8 4 1 12 2 5 6 11 9 3 10 7
Tour visit points:
  15.19139999999999979 8.76003000000000043
  12.48474944749378146 8.40225531073003218
  10.07934223794131867 8.08430003717094792
  6.41562613256303393 8.88563449909329606
  5.36403861508621560 8.29310184562844377
  3.54848666602820773 8.14510757863966006
  1.55423098014342909 3.50523776612970872
  3.91762578457106292 4.10676359136165559
  6.28172957983642544 4.70834039319127395
  7.05429498106627317 4.62727413804796583
  10.18378892591981710 4.29908953200656274
  13.89513094837980844 3.90990671536799006
  14.54326547418990323 6.33496835768399524
