Number of disks = 12
Depot = yes (node 13)
Tour length = 36.54277387088998097
Tour sequence = 13 1 10 12 11 4 8 7 5 3 9 2 6
Tour visit points:
  14.58489999999999931 6.14703999999999962
  11.45043852151010277 1.41344652933708792
  8.21454098950449207 3.62056631278514995
  7.43290832942691804 4.01217883636349804
  5.96369938598975757 3.33424869716691852
  4.49450553404756814 2.65632511940967353
  1.85406112583104488 1.57741510095190263
  2.02373685671145420 4.15995655464015357
  2.26562776286713152 7.84167722227456832
  5.05550095284951517 6.69189278049121317
  9.25854073279729661 8.27534194787555677
  10.57501770728094748 8.77131024444694951
  12.61964960719921613 7.43319948105989070
