Number of disks = 16
Depot = yes (node 17)
Tour length = 31.02911101266044014
Tour sequence = 17 1 14 8 2 16 10 4 11 13 3 6 12 15 9 7 5
Tour visit points:
  0.44532600000000000 3.29843999999999982
  1.78442436882574751 5.93587678120834727
  2.07920946910333360 6.50528662719060158
  2.37404070277951140 7.07472444357286623
  2.66892718283054764 7.64419988317417420
  2.69309223524420904 7.69080980468061970
  5.85123798106395654 7.60955582118625884
  10.68985150731233347 8.02345751422152276
  11.83970702728752400 8.12181900007789004
  12.24353983156112236 8.15636816207997306
  12.93063345144535248 6.40805656451474803
  10.88540372299659076 5.80477044893399796
  8.83998907326630778 5.20139985891706402
  6.19520758038463537 3.50691033102809691
  4.73677575323282163 2.57282644409971217
  3.27827810044877133 1.63872892802381775
  0.87993678414146859 2.02881619638210564
