Number of disks = 18
Depot = yes (node 19)
Tour length = 36.19944903539850145
Tour sequence = 19 4 17 11 10 6 12 5 13 7 1 16 3 9 8 15 14 2 18
Tour visit points:
  2.28425000000000011 6.89505000000000035
  2.32538228761979537 5.80613896270501773
  2.65304942104020558 5.26307766872509664
  2.96662852941827770 4.74336801416628084
  4.07544518793016497 2.37572552647308388
  4.94431974484215964 2.29035566950825453
  13.51330842769719887 1.44852011087717480
  14.51889879516771842 1.34976544821351818
  14.66086590875293183 3.56280783880711116
  14.80284774995600472 5.77581877176933034
  12.57412415706479791 7.40407348877991911
  12.08983142246027143 7.75788066948444932
  9.66616187238915892 7.82887049241851241
  6.02003758478241391 7.93562381999806998
  4.43295373792466219 8.34215691223777789
  2.84612311825976017 8.74871478060228291
  2.00774867233185184 8.34760809544398974
  1.16929183143290927 7.94642659208809654
  1.03582342180090059 7.72515990034722222
