Number of disks = 12
Depot = yes (node 13)
Tour length = 31.75320615539406077
Tour sequence = 13 5 12 9 2 1 10 4 8 3 6 11 7
Tour visit points:
  0.36622199999999999 7.69219000000000097
  0.66650098638045774 6.07230147734389814
  0.80430499765880137 5.33067673462075309
  0.94228393840890634 4.58907988685361623
  1.08029979758554950 3.84738785493813573
  2.56310926909378356 1.46068305249198982
  4.66597437076887456 3.40558470886498332
  6.65667431217710170 4.05450927644689418
  8.64737426169416068 4.70343384467742087
  10.42391637310227992 4.42497265414193830
  11.04542853374395150 4.36966125110043091
  12.83557968210279832 5.07531552014168241
  10.13892035644368050 7.83805149765333198
