Number of disks = 18
Depot = yes (node 19)
Tour length = 37.67492105218565968
Tour sequence = 19 7 6 3 18 4 10 14 17 15 8 11 2 9 1 13 16 12 5
Tour visit points:
  13.43110000000000070 3.97656000000000054
  12.80183051738143973 1.97319308372582114
  11.26944317519463290 1.64798660922868700
  9.73699640113830434 1.32282197049411332
  8.88458834383961538 1.14196812097835498
  7.60122645722821133 1.50480806907762954
  4.56479020994318407 2.36321812542752374
  3.62302312185393349 2.12249200591791487
  2.68154612284580507 1.88204077914877677
  0.67603237613726042 1.36986859153636442
  1.17522538450770142 6.61922922436167660
  1.24432264293492612 7.34585910328507108
  1.12303057496026581 9.21639902253313004
  4.22529624785023028 8.81037513199544797
  7.13241428709400349 8.43036385777582531
  9.69412629573160523 8.09578306247378343
  12.25577821536690237 7.76125284910662483
  12.62218657421808743 6.58143905712069532
  12.98855645987461571 5.40164748500789749
