Number of disks = 14
Depot = yes (node 15)
Tour length = 32.84577953602818923
Tour sequence = 15 9 10 12 7 4 1 6 2 14 8 13 11 5 3
Tour visit points:
  11.71230000000000082 4.05590999999999990
  9.79242656160773883 3.43444828412926784
  7.97762820939032480 2.84699931194609634
  7.35919740901429886 2.44533593011234096
  6.74076661789991860 2.04367254901043127
  2.96739501288242025 3.72109137944289259
  4.85651087510155399 4.76377741576234559
  7.98666584101276644 5.67148040616169791
  11.11348496451220313 6.57823423462405010
  11.52448885703624626 6.62592584843179377
  14.68622706332301497 8.34965425850928256
  14.77306321889836660 3.27641318818100302
  14.09015191449058513 2.32608376179759802
  13.38903160223235922 1.35038034712233812
  11.86800942208739151 3.80466140533583053
