Number of disks = 18
Depot = yes (node 19)
Tour length = 30.07414943316648959
Tour sequence = 19 10 9 17 13 5 7 2 18 15 11 12 3 14 8 4 6 1 16
Tour visit points:
  1.67680999999999991 5.05051000000000005
  1.31550543471705605 5.80945900200701981
  0.95420086943325788 6.56840800401260072
  2.75003877344611869 6.66777031414696619
  6.13258383194568246 6.85492389319157436
  7.87803844425225197 6.93610881501493726
  11.15683128177810346 6.31076042948160154
  13.86191207229775735 6.02564376563629800
  14.23647637533389521 5.98619314442453376
  14.34898058374195173 5.97432861218813915
  13.43692494406884386 5.05997703000136223
  12.52566935907879575 4.14617740537319346
  10.52747329585124447 2.14236580781933794
  9.54786002619233898 2.85964181724544098
  9.31824798711586944 3.02777774907407382
  8.29503993727040623 3.18489791860626825
  7.27184417917134951 3.34199572345486873
  3.94699212784648079 3.85248108234029507
  2.81190106392324024 4.45149554117014734
