Number of disks = 18
Depot = yes (node 19)
Tour length = 31.03795413952366644
Tour sequence = 19 1 8 12 3 6 14 17 2 15 11 13 16 9 4 10 7 5 18
Tour visit points:
  7.22581000000000007 4.66352999999999973
  8.72950130550268710 6.89638255817029755
  8.89777950923052074 7.15892951438636871
  9.06604555769165188 7.42145598270150053
  9.30866810681932400 7.86461311256381368
  9.55127816096026194 8.30775899055587708
  10.09891231766142994 8.53689284604400633
  10.64654957327034168 8.76602658414822855
  12.97087288076246736 7.57952586850858623
  13.60525939161414222 6.34779925483370810
  12.71060156046421774 5.60801402002014004
  11.98289313535943279 1.94785708085286502
  11.48902143003891396 1.42023176601659595
  9.51070342707641458 2.52537604982934960
  9.10380291066190495 2.75268111643585023
  7.73189425580009893 1.78762039877517775
  4.59333369488568533 2.59613967699910342
  3.56785252033069611 6.59409111696995165
  5.39683126016534764 5.62881055848497525
