Number of disks = 14
Depot = yes (node 15)
Tour length = 32.32740001677505148
Tour sequence = 15 7 14 1 8 2 9 10 12 6 13 5 11 4 3
Tour visit points:
  11.92570000000000086 7.36380999999999997
  11.46097945651581362 4.56567562915822300
  11.18398217404372375 2.89687327982093468
  11.03488522437649699 1.99844719021045569
  10.77674278373132566 1.87849292265128387
  3.26811569049763095 1.72804993391951589
  1.85520320623653157 1.57081115078530043
  1.44005789408710871 3.45317057949565864
  1.84992959855267425 4.38926964301091349
  2.25980084911507895 5.32536562589423745
  2.08539922423153534 6.77012003588524536
  2.22046686616452460 8.19192568332730175
  4.08175308559390526 7.18340744409721577
  5.94303963841025507 6.17488918562893208
  10.78608273547985874 8.11641532715150049
