Number of disks = 20
Depot = yes (node 21)
Tour length = 40.08777584901673663
Tour sequence = 21 17 14 20 15 5 4 12 13 7 16 6 10 3 11 18 2 9 19 8 1
Tour visit points:
  0.65431700000000004 1.73527999999999971
  1.37579385798229614 7.22653494151441578
  2.04506713550696961 7.71946794324463692
  2.71434042000671871 8.21240094646475249
  6.00111126680788143 7.49830999881253746
  7.50691360205683189 7.82561756907136363
  8.92235511898114808 8.13328392918317178
  10.26065248999807444 8.33516113261926783
  11.59894980043644175 8.53703816186346742
  12.93724702398086457 8.73891494823520709
  14.06828976600966818 8.90952811052696347
  15.19933253205884682 9.08014124187140048
  14.68172504914901211 7.85735937934920603
  13.47114617322306884 5.68831176719592158
  10.94537837996309548 1.16281738105672772
  7.41841629809558967 1.04730368381795302
  6.19520989042213355 1.73252656986461684
  4.89803368927089711 2.45942541125896730
  3.60090847820404214 3.18632134420029178
  2.77147914295673559 2.83868952904883587
  2.46513175786678218 2.67902928524938133
