Number of disks = 20
Depot = yes (node 21)
Tour length = 38.04528118040393991
Tour sequence = 21 13 10 20 15 11 17 12 14 4 19 5 16 18 9 8 6 2 7 1 3
Tour visit points:
  10.90659999999999918 5.61448999999999998
  10.72657297326219528 6.89692089187433321
  10.45900171637356557 8.80282661158380186
  9.39698876551372919 8.25567312716041712
  8.33496360813075654 7.70857202781500117
  7.88751792371870497 7.47810651710232577
  7.44004864375169106 7.24763657250478932
  4.95306051161115146 7.50747147982876850
  4.64762757170411422 7.53938141062987555
  3.00999764309567963 5.03062859854444699
  1.37236774677270845 2.52187586844810507
  1.06303118498574722 0.74058357991775481
  5.16858202290767998 1.03438962589850125
  6.68514553173922810 2.86136968430683947
  10.26665609232965970 1.22695092515683180
  11.75569218581760111 1.35257322085096754
  12.41298668351426038 2.45885370993317487
  13.07054508011178307 3.56492835966841248
  13.72824854746780510 4.67085765958699461
  14.38596730447600258 5.77673752993477141
  13.05160296252101659 6.39553340716950203
