Number of disks = 12
Depot = yes (node 13)
Tour length = 30.84416838398492189
Tour sequence = 13 5 11 3 1 7 6 10 2 4 9 8 12
Tour visit points:
  10.60479999999999912 1.14535999999999993
  9.07263829120373977 3.17350701742659069
  8.36489214688065452 3.50105321525528046
  7.65708477066105875 3.82826646272516724
  6.94916757131554519 4.15519872206542029
  2.60742487034329429 6.16020374801338377
  1.07203856285325205 6.86921734027642117
  5.72999136172531021 6.91753175176711999
  7.84106672152878126 6.93942860339723300
  10.71499030922631057 6.27681880385385593
  12.08603202575884161 5.96071239280594245
  13.70949277951737066 5.90975256026020102
  14.38392857239776390 5.88858226983223343
