Number of disks = 14
Depot = yes (node 15)
Tour length = 30.17667196167759158
Tour sequence = 15 8 10 7 4 12 9 11 6 2 14 13 5 1 3
Tour visit points:
  4.04358000000000040 1.44474999999999998
  6.23968819365761984 1.35552176435887084
  6.88797790173747693 1.32920775122365331
  7.79959216844857828 1.18391887567089182
  8.48795102048437222 1.07415850974646299
  9.34205207410543537 2.15474835260125364
  10.19614341636105159 3.23531058427981000
  10.20983335128500435 5.05968247377529057
  11.10273401279723693 6.57937988417238895
  11.99563655619335556 8.09907331143900855
  10.97812849402255075 8.25996029985742197
  8.33292712615172881 8.66665898169476456
  2.57487257419066351 3.88882291365901755
  0.87485373429581803 1.13849956462601254
  2.45921686714790910 1.29162478231300626
