Number of disks = 16
Depot = yes (node 17)
Tour length = 43.59527290638477126
Tour sequence = 17 6 10 15 9 3 7 1 16 13 2 12 8 5 14 11 4
Tour visit points:
  14.90620000000000012 0.80111100000000002
  10.99587173644922267 2.98194590612411270
  10.11727529616651466 2.70308791220703570
  9.23897782401711787 2.42422633390071773
  6.99779701034011392 3.19658968973696878
  6.56564076126953111 3.34566111749451256
  3.82923485878168668 0.99163636840485658
  1.58916513540358051 1.13632549649793702
  2.55731371733913138 3.84221204447430997
  0.91487830019690441 8.80994110504410521
  4.49591979206015413 8.68441593778832654
  6.43491736162710559 8.61653357613050730
  8.37389302514697498 8.54865199341844040
  9.19029665180688227 8.51915532646536811
  10.00668442060084828 8.48965920359764326
  10.82307220590904429 8.46016307871474993
  14.38650058594761205 7.71279032707537748
