Number of disks = 20
Depot = yes (node 21)
Tour length = 37.61568466476536798
Tour sequence = 21 2 12 5 18 19 9 3 17 1 4 14 7 11 16 10 8 20 6 15 13
Tour visit points:
  9.92608000000000068 6.91122000000000014
  10.07651000311562406 8.16690117220749912
  10.52814600825843705 8.48841597292406469
  10.97978201456906611 8.80993077400169433
  12.64382388026541193 8.77840425256772150
  13.05241056466940464 7.63939441021285681
  13.31866976356541343 6.89702259877897994
  13.58492878728227282 6.15462773588351553
  12.65261310277467821 3.67420716296208516
  12.04069121549779453 2.04619229022062088
  11.33395096249621403 1.38322059413693355
  6.53588934094039775 1.98749019202688948
  4.25096592967573095 1.73554432916031831
  1.96619316962505830 1.48345221644582770
  2.07717171562402170 2.85481704538635261
  2.18850650436651106 4.22628973086073501
  2.49832298639685169 8.04222986030414333
  4.42027083917709795 8.51527458254357761
  5.67120404340118967 6.46778140771652676
  7.11077503007105527 5.95312965981321707
  8.49786815691283337 5.45724286519507640
