Number of disks = 14
Depot = yes (node 15)
Tour length = 34.48740424157661266
Tour sequence = 15 4 3 7 1 2 13 11 9 12 6 5 14 10 8
Tour visit points:
  3.03915999999999986 3.35948000000000002
  2.49152130688044959 4.57015532065407015
  2.54723007959295122 6.09173891216645025
  2.99359054803190361 7.61673091218675058
  3.43994400485390628 9.14171783697059226
  7.02854905120404716 9.02329136831083289
  9.13332368379015058 7.71415353167399331
  9.75182138471547866 7.32967760878233943
  10.24758890534767275 7.02154313460058077
  13.09933442329721309 7.47142424333387378
  13.78908552127691145 3.75138663689251750
  14.25399304714371951 1.24400055209786542
  9.56499723936761370 2.89293181543069489
  7.35122681012485923 3.67142586043696806
  6.33458017281442931 2.99124164322265074
