Number of disks = 18
Depot = yes (node 19)
Tour length = 31.08215570848340548
Tour sequence = 19 17 1 14 8 2 16 10 12 4 13 11 3 6 18 9 15 7 5
Tour visit points:
  0.44532600000000000 3.29843999999999982
  1.10527636949352326 4.59933419115591136
  1.76514036639849614 5.90007552451150552
  2.05687949639300216 6.47521059411264055
  2.34854241406676678 7.05028159990404646
  2.64013568557134803 7.62530860048692816
  2.66528351195910584 7.67498391826149184
  5.50678228714545437 7.39154983541859867
  8.34803241933406603 7.10809669724036386
  10.90842183206382288 7.76955271167383010
  12.29319508599532007 8.12748964443856892
  12.59365722928293962 7.22563095674992351
  12.89409338646429148 6.32370382069456927
  10.99596301469369486 5.22765696053392137
  8.72833579109517110 3.91824928589748156
  6.42448295525263724 2.94604235700575190
  5.43869415534299794 2.53004945307797380
  3.35761909418944970 1.65185692485965929
  0.87691028840424567 2.03136089945151355
