Number of disks = 20
Depot = yes (node 21)
Tour length = 33.81702876897685428
Tour sequence = 21 3 8 10 12 18 9 6 2 14 16 7 15 13 5 19 1 17 11 4 20
Tour visit points:
  2.82527999999999979 3.74248000000000003
  1.26155099942631543 2.72070584806546867
  1.04783630714592602 1.84700072757207212
  3.32270143176732358 1.64688667081797546
  5.21815682001653602 2.46087863309049082
  7.11381198213187904 3.27468780928183900
  11.71700316309486745 5.25084841428938276
  12.98143312180762265 5.78074365764971176
  14.24586262609308918 6.31063656253230842
  13.34272880742395273 7.20533671334179893
  12.49546192169040282 8.04469118450894882
  10.99539275175926356 7.70512352341720597
  8.36238663021435258 7.10909474164860811
  5.53152052762879176 7.38790926742283638
  2.70068332641573328 7.66674516941375916
  2.65790492828481728 7.67097985171437546
  2.46164285852566556 7.29954115946025084
  2.26539933260116833 6.92810769922761605
  2.06916426143578125 6.55667299011062177
  1.87292778040853225 6.18523161304365221
  1.97798613656461697 4.67150635163519645
