Number of disks = 16
Depot = yes (node 17)
Tour length = 34.72358565592504220
Tour sequence = 17 4 11 8 9 15 3 6 7 14 10 5 2 1 13 12 16
Tour visit points:
  13.42280000000000051 5.56658000000000008
  14.67464503094840111 3.32445484329145335
  12.13880623870977260 3.32854431698762809
  9.60267506051640396 3.33220807313639256
  7.06636285919681040 3.33564508607571453
  4.53001217230735698 3.33906676000520841
  3.54214692355442207 2.40045101534895977
  2.55428032641811953 1.46183544058823522
  1.10712528763633267 3.76864581383964836
  1.09300209216355415 4.83796334105722980
  1.07887154123465745 5.90728091168629010
  1.06473910959863871 6.97659664648281996
  3.48075521011821598 6.88627775112885487
  5.89677150727239940 6.79595884733965772
  8.35336290899905265 6.67702291540673443
  10.44267614627758611 7.76548728333271310
  13.25142933449050275 5.69302716227740735
