Number of disks = 16
Depot = yes (node 17)
Tour length = 34.14107090683886980
Tour sequence = 17 5 9 8 11 6 7 15 4 1 2 13 3 10 16 12 14
Tour visit points:
  1.05862999999999996 4.27808000000000010
  3.73883669685300557 7.29350240639847058
  4.16932930842402527 7.77770605733695142
  6.41134012995536562 8.31317104657817119
  8.65331220790431033 8.84863701085534693
  13.42853989705212214 7.45061524109604267
  12.89451981537581915 6.04033304503944990
  13.35230161235791257 2.73717613091920153
  12.74262350232709373 2.32964419306688608
  10.16513055552105804 2.89283377845095790
  9.30412260836436289 3.08100604868796557
  8.44313327494165655 3.26917921965334068
  4.75754750558062689 2.08087707737482575
  3.65793183893786145 1.92586796761868428
  2.55831641990282721 1.77086057443106282
  1.45870051828052061 1.61585354114922719
  1.25866525914026051 2.94696677057461320
