Number of disks = 16
Depot = yes (node 17)
Tour length = 30.85662271386514277
Tour sequence = 17 13 8 12 1 7 5 4 3 9 15 2 11 10 16 14 6
Tour visit points:
  1.75005000000000011 9.07437000000000005
  1.54534491059731116 9.08590444830492316
  1.86462334923947370 7.38425578752345135
  2.06300010023422375 6.32526992521331355
  2.25585999066138143 5.29550752283026505
  1.84814095392516720 4.37623086671719186
  1.44042095388251989 3.45694399498031490
  1.88626446148760363 1.54764488478298756
  10.43408574552043966 1.72714364809317145
  10.61895318490235951 2.18582679857806328
  10.66867840406471046 5.09738852974384216
  10.53220312336879338 5.38369717959993466
  10.38400073686321612 5.69457919001405521
  10.23578567328165079 6.00547018141170597
  10.08756556199207388 6.31636770175871209
  7.23237976134623217 8.71833643705274675
  4.92625927801972452 7.97281403787241061
