Number of disks = 14
Depot = yes (node 15)
Tour length = 33.99803854166591321
Tour sequence = 15 11 4 8 1 12 6 14 7 10 3 13 9 5 2
Tour visit points:
  9.87091000000000030 2.64991999999999983
  3.34249580019456438 1.55214973412320290
  2.01604006276750436 7.36354477684548314
  2.75945611025720350 7.20533972971393233
  3.50288559881401707 7.04713965639749507
  4.24632365101387599 6.88894194031972962
  4.98976400925384933 6.73074406199741126
  5.92035193849389341 6.79522583909580202
  7.39136271506629594 6.63612407779912150
  10.04375854946181157 5.96843388169888911
  11.40408752091105526 5.39116562074625616
  12.76436012340386483 4.81394667034467272
  15.14778330683502183 0.78838077894300551
  13.40343547780812372 1.40389750215752218
  11.65901879188545642 2.01920302505501992
