Number of disks = 14
Depot = yes (node 15)
Tour length = 29.76809186097903037
Tour sequence = 15 9 1 3 7 12 6 10 8 11 4 5 14 2 13
Tour visit points:
  2.94832999999999990 7.37906999999999957
  8.47154292589009650 8.01031811302925334
  8.83541860622878517 8.05196063787163396
  9.37406195260954789 7.93853730719151862
  9.66644792577551470 7.87692760897586908
  10.65376595309209051 8.76577933255149944
  12.53700790589418013 6.84893159496921555
  13.61222512506667748 5.91486853820194280
  12.02792385065377800 2.02656545638620589
  11.46749291978598251 1.41663799095719711
  9.33545128890504294 2.51315835177058267
  7.81159265160643113 1.79886778927222046
  5.71548503155399690 2.30835475123961631
  4.61246123153191157 2.57645942271124584
  4.10063072717874810 5.34962370813713672
