Number of disks = 18
Depot = yes (node 19)
Tour length = 35.67399831290378387
Tour sequence = 19 17 2 3 14 15 18 11 16 8 12 9 5 7 13 1 6 10 4
Tour visit points:
  1.82475999999999994 4.04706000000000010
  1.63651790789134832 3.56202905262389402
  1.44827484550243479 3.07699955511359136
  2.59709588600257568 3.05281952096040632
  3.74591643147455411 3.02863966499587711
  5.90130535977553716 1.32105736694608322
  8.86482258472480567 1.51874453255242559
  9.60028791848064955 3.34739313504917169
  12.32377169065154376 2.88150546276570285
  13.57777420172387650 4.80349319385198381
  14.11206951051800651 5.62202401537758956
  13.90512149273023468 7.06452685209928344
  13.69808631191324721 8.50707583173015713
  11.07971266310411629 7.22809521172680469
  9.30903986613156142 6.36319125419281395
  5.17415775703766201 8.94554165884309960
  3.95362195061331212 7.22873884311915660
  3.27974632978774983 6.22160177125124836
  2.60587071629147005 5.21446470049334820
