Number of disks = 14
Depot = yes (node 15)
Tour length = 38.48524021003374429
Tour sequence = 15 5 10 7 9 11 6 2 13 3 8 14 4 12 1
Tour visit points:
  14.43650000000000055 1.06417999999999990
  3.36112883515716110 3.56622132549299797
  2.86070496638635730 3.46271721866271953
  2.07937400442471931 3.35799107259947149
  1.29808797859841052 3.25322315344964430
  1.46749816515133791 6.05283344003746393
  1.02120721320192609 7.23029231512385451
  1.71404435094320617 7.75606699056349580
  2.40688329307911975 8.28183993043917788
  3.09972331181308336 8.80761327401202365
  4.88925046604501556 8.93011208004386070
  10.30668700192141252 7.56733326091809388
  11.96013127539100651 8.06231014521068090
  13.61357554881927179 8.55728702953065934
  14.02503777440963617 4.81073351476532984
