Number of disks = 14
Depot = yes (node 15)
Tour length = 33.17708509678502793
Tour sequence = 15 2 8 3 13 6 7 5 9 14 11 1 10 4 12
Tour visit points:
  1.73686999999999991 8.69045000000000023
  1.79126157137582376 3.99595013543089461
  1.80517174459114704 2.79872550667092934
  1.81911078291788164 1.60148189216868531
  1.94266904367850568 1.65303128232608154
  5.55900930709635510 3.16199656626727821
  7.64033229229148070 4.03053247812731108
  9.46402864213114192 4.01168062899888156
  11.28759995870778887 3.99275259428069118
  12.13357418748277183 5.67597143661206527
  12.97956053929681985 7.35930087215268802
  12.81022221748329137 8.03044834925302098
  12.61636824955570368 8.79883531687476861
  9.43205122995047418 8.76712025885720436
  5.50309368342080685 8.72797443718909882
