Number of disks = 20
Depot = yes (node 21)
Tour length = 41.02325165943113916
Tour sequence = 21 18 5 13 10 8 20 2 19 16 17 6 7 9 4 1 15 12 14 3 11
Tour visit points:
  11.55059999999999931 4.75295000000000023
  13.16915954209641626 6.52550515465607894
  14.78771900758638758 8.29806034291341632
  14.42312184470994829 4.10262609226224395
  14.74842604294245341 3.18150475820401768
  14.15758292226098902 2.54645655488479239
  13.56674666051343792 1.91141024268865167
  12.97591188452074107 1.27636453896861424
  11.26182053515724490 1.35190534902511539
  9.54772978303199693 1.42744590893686429
  8.92155661874970463 2.00989270439790779
  8.29538411663002329 2.59233912023720503
  7.72109711114791786 2.76497738357165268
  7.23882199979047503 2.40488567267264486
  6.75608567273423866 2.04476474354633808
  2.74326258704134185 4.31012163432669393
  1.15392898627156537 9.24661573995259012
  3.34982097349980812 8.58998782839326758
  7.61207451954030834 7.98614329996614458
  9.25939967991487123 6.63382574426808613
  10.90672014281390645 5.28151923726299177
