Number of disks = 18
Depot = yes (node 19)
Tour length = 35.92885199528127060
Tour sequence = 19 10 11 5 9 15 13 12 6 4 1 17 14 7 8 3 16 2 18
Tour visit points:
  0.49659700000000001 4.55701999999999963
  0.83462069665335847 3.41453961219850566
  5.11946550963955715 2.59895643165890800
  9.40431032262575606 1.78337325111931055
  10.87716115258767502 2.44219335295910422
  13.31222730919307473 1.96426388803432239
  13.31222730919307473 1.96426388803432239
  13.24474569714168304 3.39883105130878027
  13.17777297525100444 4.83443280664798625
  13.11114391935011092 6.27072732736114258
  12.99933778795850436 8.68172435785354146
  12.79670747105981121 8.70313366422914214
  11.14860221788057082 7.17685896970831916
  9.68914686929537439 6.86532340609210312
  9.30897259193541338 7.18121554252185845
  9.10742773423477736 7.34869863577170612
  8.22687815708641601 8.08043445857043707
  5.89885902119508199 8.09259349327426492
  3.57083973630874807 8.10475246040568464
