Number of disks = 16
Depot = yes (node 17)
Tour length = 35.11331645081722996
Tour sequence = 17 16 7 2 15 6 1 9 10 4 8 12 14 11 5 3 13
Tour visit points:
  13.72700000000000031 9.36766000000000076
  11.88965086058474974 8.92755759986983044
  10.05230161662581168 8.48745550207059551
  9.65655868389753103 8.39266302749023829
  9.26081586281168612 8.29787065984137762
  8.78855475579771372 6.64433345925293040
  6.77464351278735588 6.33400060099231332
  1.14189448731824328 2.88024027248260506
  5.26041409220939737 2.33016010064438639
  9.37893369709425961 1.78007992880526977
  10.87522457827373401 2.44197470257309579
  13.31222730920925557 1.96426388804663876
  13.31222730920413255 1.96426388811606922
  13.21751907691936623 3.24475190987102780
  13.13232378016132706 4.39480406444509164
  13.04711413768205119 5.54490519560257056
  12.60677024243192612 6.35891786500467138
