Number of disks = 20
Depot = yes (node 21)
Tour length = 38.36576453707957057
Tour sequence = 21 6 5 17 12 11 15 1 20 8 14 16 18 19 7 3 2 9 10 4 13
Tour visit points:
  10.31230000000000047 7.06564999999999976
  6.27433256289547980 7.86460361898736515
  5.36839599642568022 8.50338908462698129
  4.72119906609070750 8.95973352683374280
  3.09494963051647032 8.80583711392160851
  2.07269003678194341 8.08686076838244183
  1.05043893395823740 7.36794517614011113
  1.82765775880862935 6.40757717748704270
  2.33946500714669670 5.77549362820255041
  2.85125714616749981 5.14362272964784761
  2.41022007886745904 4.40681965135085818
  1.96912674236864360 3.67021852514106106
  1.52800876005531827 2.93367177632068010
  2.58732655237955367 2.74088751658971841
  3.64665541664140980 2.54810159424296412
  4.51271668080486776 2.44534601740159196
  14.52241521560312343 1.35274011006702244
  14.56635223347544184 2.05571335670638922
  14.68284580576850296 3.91955386289069985
  14.79933941415783849 5.78339429027166751
  12.25205889820564664 7.71707957461012839
