Number of disks = 18
Depot = yes (node 19)
Tour length = 32.94451164376997099
Tour sequence = 19 7 3 18 16 11 8 14 1 4 2 10 15 5 9 17 13 12 6
Tour visit points:
  7.32737000000000016 9.49155999999999977
  8.44488499620080546 8.91466283399589265
  12.08568909483015119 7.03517136499128437
  13.29195454311535052 6.80723833321565763
  14.49822755026402987 6.57927634506794412
  12.04984710827110206 4.52738211352795261
  11.85812092685849883 3.67919376680950183
  11.66616714474614724 2.83077945126902542
  11.47415297468565676 1.98233581166844686
  9.74622467974320017 2.80434352949687504
  9.64183736511477285 2.85397966999271357
  7.65054594580873104 1.61093678874100443
  7.03009903074452058 1.68248145833479557
  3.22269912498989264 2.85394687658865998
  3.16058840916540795 5.68355598032975795
  3.10932091434667646 8.01917480172977371
  3.09879330439702594 8.49878623226674890
  3.09186451716988486 8.81444427871899805
  6.50548087803664377 8.98369708264397104
