Number of disks = 12
Depot = yes (node 13)
Tour length = 30.26231352667739216
Tour sequence = 13 12 6 4 7 10 5 9 8 11 1 3 2
Tour visit points:
  5.88103999999999960 6.61000000000000032
  4.27915262553504938 7.14582922308624546
  2.67726322856293342 7.68165730127726398
  2.33822414770493570 6.14968926645761282
  1.99918101673538073 4.61773244724282783
  5.30530114987490631 2.05245937641058296
  6.67675119856513977 2.05287394337630991
  8.04650330954818216 2.05280819877923371
  9.41488344324730342 2.05240034037861463
  12.21883393205670920 2.05152745556033578
  12.17749572170894190 7.31823173724338183
  12.17052277043278252 8.20629306119152702
  8.18828343884721122 7.08271341604587956
