Number of disks = 16
Depot = yes (node 17)
Tour length = 32.72922020999014592
Tour sequence = 17 3 15 12 7 6 9 13 2 10 16 8 5 14 4 1 11
Tour visit points:
  6.26728000000000041 9.87457000000000029
  10.21559390213636576 8.06917539289643848
  10.83302874971438179 8.11276292012136580
  11.19585416404591705 8.04742177267545955
  11.28539518339844427 8.03139073934183756
  13.45486827936782070 6.60931737861452717
  13.57630118037146438 3.55048099921578908
  11.74527425389149826 2.38949737170237464
  8.95548302953458020 3.54810222019563337
  6.16569177776674682 4.70670706989526799
  5.79863967211963960 4.59088317245654132
  5.43158757883537380 4.47505929637733235
  4.20176381846106839 4.08698644744322248
  2.97194005501713709 3.69891359778101902
  1.57978465968534865 3.47408206077947890
  3.53649870636162067 8.13662578856232521
  5.16446364156755067 8.20729279687179591
