Number of disks = 16
Depot = yes (node 17)
Tour length = 30.31731997390475541
Tour sequence = 17 7 1 15 3 12 5 6 8 2 14 9 13 16 10 4 11
Tour visit points:
  9.40653999999999968 6.91183000000000014
  11.04598495949188575 6.78968836293974132
  12.59478666168624095 6.67439679027874799
  12.19435742399579503 4.98906054789885989
  11.95591512901631859 3.98703430272962667
  11.71744561983054034 2.98584823230356733
  11.47891121334556708 1.98463107090380397
  9.64727351537843347 2.85430525623079445
  9.28204303399133401 2.62105327457316362
  8.50157949310511896 2.12262433302934150
  7.72111313672720723 1.62419496652671502
  3.21388425247279486 2.86543773553827208
  3.15098923274530440 5.83792719944168415
  3.08808095156405082 8.81040257520916192
  6.39053046439708794 8.94003022375970069
  7.11720514654430225 8.96850547452569735
  7.84390104005350697 8.99697062850513340
