Number of disks = 12
Depot = yes (node 13)
Tour length = 32.70044800744538804
Tour sequence = 13 10 8 4 7 2 3 12 6 1 9 11 5
Tour visit points:
  2.44246000000000008 3.23037999999999981
  2.18808757297054468 5.67888726476280592
  1.93371514611168083 8.12739452973646692
  4.87454388587478160 8.44270318277718523
  9.39917234302174442 8.62628420214637792
  12.67166039773673880 8.75912633141060759
  13.21675365110348288 7.27901241706451874
  13.76190576277384103 5.79909469057985660
  12.56557860370043578 4.91826728215300513
  11.36922065631612888 4.03742484060189977
  9.50549850400697061 3.51393923979385203
  3.92890463396592038 1.94757560068771696
  2.58492761241482638 1.49304837285382197
