Number of disks = 16
Depot = yes (node 17)
Tour length = 35.21853869602497866
Tour sequence = 17 1 15 13 11 14 8 7 16 10 12 2 6 5 9 3 4
Tour visit points:
  8.06616000000000000 9.63042000000000087
  10.30206877893850326 8.69045192718830606
  10.31056322074600828 7.84738205566361913
  10.31905765617029402 7.00431219146209738
  10.31905766403993141 7.00431219277851458
  13.10156194824706333 7.46985363187746376
  13.77721913466275439 3.74395530964983081
  14.23374357755075792 1.22618753389448432
  8.88755971654464005 2.76495796150775686
  7.12345412546649293 2.85357785775565853
  6.63802902302755449 3.85450989944049249
  3.35441919161497770 4.30848560699200878
  2.39918636736666535 4.83539773972953757
  2.53924588325088640 6.04851340037659480
  3.01368636441988480 7.61369628867764092
  3.48812684416212893 9.17887917580736712
  6.45792729605485238 9.47179670132272555
