Number of disks = 12
Depot = yes (node 13)
Tour length = 31.74764248156493096
Tour sequence = 13 12 7 10 2 3 6 5 8 1 11 4 9
Tour visit points:
  3.39951999999999988 3.21909000000000001
  1.35531573869603927 5.06946719514529764
  1.29735977039517114 5.30584563335289516
  1.23945929842288183 5.54230132774519291
  6.65716849606143146 6.00331268571684973
  8.70331316676348443 7.71312664592605035
  10.26184193451370241 9.01547526913113195
  12.75153830461179716 8.74056734288978276
  12.93596412428276032 4.34103175705119693
  7.48482966373811109 1.05447178844514422
  6.75981182494468769 1.05170761648292577
  5.82526845217882716 2.69203441612562955
  4.61239422608941396 2.95556220806281456
