Number of disks = 14
Depot = yes (node 15)
Tour length = 31.12553534191215121
Tour sequence = 15 9 13 11 4 1 7 3 8 12 14 2 10 6 5
Tour visit points:
  8.27369000000000021 9.89990000000000059
  14.47124069497239418 6.72769808064066588
  13.25065188805352534 5.73712017964021737
  12.64151956110070962 5.24286752164711523
  12.03231647773419866 4.74860489252561635
  11.42309504749848514 4.25432844234069751
  10.14200877524385724 3.35960104941728188
  7.63198626110908229 1.60656849665606360
  7.00439999118528966 1.68751862395375452
  3.80755555232941978 2.44493813171339580
  3.48354020335733505 5.14213452446056074
  3.35365039255144337 6.63954957003550117
  3.22396356511144955 8.13721125498655518
  3.17996884156036952 8.64717967600615545
  3.15874686205614630 8.89424243602280740
