Number of disks = 20
Depot = yes (node 21)
Tour length = 38.08409202982275588
Tour sequence = 21 3 19 20 16 1 8 5 4 9 14 12 6 15 7 18 13 11 2 17 10
Tour visit points:
  7.19552999999999976 8.89339999999999975
  11.22423714870085654 8.52528828431834640
  12.30313466190676053 7.23829105990077437
  13.38203217072613249 5.95129384345682588
  13.77865531969308499 4.70548548617023066
  14.64690974083313790 2.74601743941806742
  15.07364987755873287 1.78295985617365282
  10.36526068492008612 1.33976629250937984
  10.27642105813716533 1.33142734166810150
  10.18755873991113603 1.32310425659502084
  9.97404885475752678 2.13525905297320495
  9.58429042838359457 3.61782597397480288
  8.79009644303376980 4.45105045418455436
  8.66941664802046041 4.37096680502957380
  6.82364929771368089 1.56192474909818846
  6.35860371871742469 1.72772353223465469
  5.89361493434624339 1.89335579673681176
  4.98510522416127966 2.21697318871965798
  3.37469763537120615 2.78426597782800567
  1.05035992645146670 3.60305250580623815
  3.42298632583713847 5.84957613080645356
