Number of disks = 20
Depot = yes (node 21)
Tour length = 37.82225881776807341
Tour sequence = 21 2 17 12 1 7 6 4 18 3 15 10 5 16 13 20 14 19 9 8 11
Tour visit points:
  13.91789999999999949 1.16854999999999998
  14.52437551048534381 0.96787277528058457
  15.13085102097930879 0.76719555057226330
  12.39313441089172763 5.04875571177762339
  12.53242074040458043 6.67352004109976971
  12.68544374904437255 8.45852168685081907
  12.52016373584283748 8.56284640945648334
  12.36870134801434062 8.65844944951355089
  10.22727063166755634 7.90727883159935629
  8.53519623501309610 8.02062523717669862
  6.65167909100661969 8.02180598138038903
  4.72386686068040085 8.02266860899888101
  3.28250262808378235 8.02327458149538053
  2.76937366184787814 7.89207470307385162
  2.25625490775552073 7.76090676492318732
  3.57498378979724629 6.20049453181387200
  3.93939087247081243 5.53514618636012479
  3.51541696680585192 1.40545586788410404
  9.83160022892368346 1.65069292775969734
  10.99921488264831737 1.51292595537290553
  12.45855744132416021 1.34073797768645275
