Number of disks = 20
Depot = yes (node 21)
Tour length = 36.91908703928649516
Tour sequence = 21 1 15 10 12 8 17 20 11 5 4 19 18 13 9 7 16 3 2 14 6
Tour visit points:
  2.85360000000000014 9.95177999999999940
  6.94807197086849548 9.05152634651734900
  8.36176615555048386 8.19691316060851527
  9.78409194513788272 7.32299583470992577
  10.03652660907838978 7.16762150451356472
  10.28869420006237156 7.01231312214133951
  10.67415266022601550 7.03867676858119395
  11.69949411502207681 7.10880798841470973
  13.12463346596660863 7.45410993883404149
  13.74039020333046324 3.71936870185691992
  14.16308597567857319 1.15559777638486683
  8.61584778809760721 1.51358403593013469
  8.51061239776548639 2.97537055518981530
  8.29955491787970168 3.09271928153750864
  7.27107978226355645 3.66455520211278118
  6.24303646418478486 2.96423012938342589
  4.24761242927986959 2.82167419781420170
  2.45184639380515446 4.71415334525842944
  2.55728747412374080 6.17663947589290085
  2.63089779323524287 7.11446448969715206
  2.70450811234674005 8.05228950350139172
