Number of disks = 12
Depot = yes (node 13)
Tour length = 32.06529620109441936
Tour sequence = 13 4 5 9 6 11 7 8 10 3 12 2 1
Tour visit points:
  9.22683999999999926 1.42429999999999990
  12.92810982809179521 1.30597717047201245
  12.11267278511389378 6.11776011859780411
  11.12577817354521592 6.92355260619584811
  10.81670309225628479 7.05798922698743159
  9.32032116190067228 7.19205405358653227
  7.61003305475062675 7.34551618782449012
  2.74659689120433814 7.78174913284816316
  1.14520565661520712 7.92525233548912844
  1.06856022532056527 6.85392782629431885
  0.99176034775150979 5.78267957582318815
  0.91492895888762360 4.71148144580902972
  4.42040180603077282 3.32514258283027209
