Number of disks = 12
Depot = yes (node 13)
Tour length = 34.12715817103583760
Tour sequence = 13 7 2 6 1 9 10 4 8 12 11 5 3
Tour visit points:
  13.72700000000000031 9.36766000000000076
  9.65417474108672558 7.32349435616312494
  9.43943294662329180 7.14551177681946648
  9.01794237743760263 6.79618600170191467
  6.79706443435042384 6.34252856170090773
  1.14195687791463940 2.87994535629667547
  5.26031115815980144 2.32999346890029235
  9.37866543982925904 1.78004158170770821
  10.87220289540957729 2.44164116859786029
  13.29424511393250263 1.95024980368690160
  13.33523119285929859 3.67123801461752297
  13.43981693991841375 5.19194542722866714
  13.54440298011173205 6.71265299270838778
