Number of disks = 12
Depot = yes (node 13)
Tour length = 34.12497084845806938
Tour sequence = 13 7 11 10 3 5 4 1 2 12 8 9 6
Tour visit points:
  0.43946700000000000 9.94628999999999941
  4.52574092157835572 8.77313863355508516
  8.61201467637902240 7.59998597319833369
  12.56537195313312516 6.46499120381880843
  12.58648328977250408 5.83630702121892941
  12.71905531155239011 1.88846242562720978
  10.95416743520883429 1.69657749701599236
  9.18923773929980037 1.50469373347505053
  7.51394371186887255 1.78177997689439094
  4.62290821976039723 2.25984435882555923
  3.73157888285711214 3.89678099012438039
  2.40009585351892429 6.34307492404764695
  1.41978142675946217 8.14468246202382140
