Number of disks = 20
Depot = yes (node 21)
Tour length = 33.32685580412690030
Tour sequence = 21 10 6 8 20 5 2 15 13 12 9 17 14 16 3 7 11 19 4 18 1
Tour visit points:
  1.75883999999999996 7.43125999999999998
  1.22344579922689434 4.39533848565230478
  0.68803742149760805 1.35942949866610063
  2.89848683393712392 2.03830495829868363
  3.35809509910944159 2.41170344270600889
  3.88499051089651148 2.39430878012982395
  4.41172413256573126 2.37694126569705100
  6.10485170786014830 1.85337444400591966
  6.98827301064680295 1.57984755120896492
  7.87158007995187337 1.30615486989144181
  8.54976394254930838 1.09596312282261543
  9.37072042399591254 2.15914494708654026
  10.19167977638253753 3.22233530689080538
  10.17673324049810546 4.96037125168652349
  12.37607366007517662 7.28940740364455309
  12.19127380869963773 7.82057548391551105
  12.07775155181695581 7.86058700446401737
  10.90294790991805307 8.27465291652477752
  9.47159056993123016 8.45270453586384818
  8.04023320626628113 8.63075615581702316
  5.20079511099399738 8.42625251048432489
