Number of disks = 14
Depot = yes (node 15)
Tour length = 32.22810950574933742
Tour sequence = 15 11 3 9 4 14 1 5 2 6 7 12 10 8 13
Tour visit points:
  1.39897000000000005 5.65812999999999988
  0.96663330800821556 6.27150708154764569
  4.89549642799823737 7.66549665890045251
  6.56391620280703503 7.79398218011503374
  9.48388557073632477 8.01902144205682177
  10.47338025489896474 8.09545201407760118
  11.46298158160683656 8.17203429714954410
  12.45265878002255455 8.24871973952575033
  12.88134737745201619 8.28201748673733462
  13.31003285315703266 8.31531783801224833
  13.61308479804392135 5.37772935645154870
  11.88221252547010742 1.50635385597870619
  7.80294113532936251 1.98016692054983889
  7.32522595403077847 2.03564965478539639
  2.09697580066943479 4.60795956106864146
