Number of disks = 18
Depot = yes (node 19)
Tour length = 35.12139156934383522
Tour sequence = 19 17 15 1 5 3 13 14 18 4 10 6 2 16 7 9 11 8 12
Tour visit points:
  0.02002010000000000 5.63584999999999958
  0.85669019211469621 6.17751464673782635
  1.69324060480576821 6.71926078069778310
  2.52973148947574256 7.26104747788000360
  3.13255461029256965 7.65149999744362219
  5.48157243655677195 7.96722418595924609
  8.64472069179306146 6.70225679954069964
  10.23397141668570143 6.86731395818990631
  12.22616378339801990 7.07432991277039847
  12.85292421727220535 6.51612427384629189
  14.85521406424788537 4.73282142607883038
  11.71965457015083700 4.19922016750237592
  9.68501953551540851 3.85297115923032329
  7.20732622786926846 2.52124401210985560
  4.57835191975353961 1.10820442540479136
  3.09113223538905713 0.97997266332340671
  2.39290883252116515 0.91977226669046930
  1.52414717442289005 2.64642508534096255
  0.77208363721144502 4.14113754267048151
