Number of disks = 14
Depot = yes (node 15)
Tour length = 32.96391711540293556
Tour sequence = 15 5 14 3 10 7 6 11 9 13 4 12 1 8 2
Tour visit points:
  9.46073999999999948 9.18393999999999977
  10.92100719649485541 8.76952478395311985
  11.33884013250358080 4.57764576836138382
  14.15075283502805270 2.27404528178097909
  14.98640398331643908 1.58945762385623546
  10.27677271032657735 1.34504736535782032
  9.77151999526926396 1.38676859536147656
  9.23978198746099189 1.43067362066165105
  7.38360275504430064 1.58393517980639786
  5.78326147629537957 2.27387656952365758
  4.75993679817500936 2.71506475909482559
  3.57302526967503997 6.01359265921576558
  7.86567288017687716 5.86877825293493505
  8.04699685238765561 5.96402584166824656
  8.05850123360808901 8.38814694462583255
