Number of disks = 16
Depot = yes (node 17)
Tour length = 30.98824261324590168
Tour sequence = 17 15 9 1 3 7 12 6 16 10 8 11 4 5 14 2 13
Tour visit points:
  2.94832999999999990 7.37906999999999957
  2.57886813986362240 8.15096957174870518
  8.42841766371271817 8.06187539703448053
  8.77468427507203508 8.05665688721999906
  9.36700828912203676 7.93627783836572576
  9.66310864651519630 7.87602364180820391
  10.65151066371847932 8.76585100056132305
  12.43886876307874800 6.93009957947013344
  13.01137816780299161 6.64939290390763027
  13.59934287783089246 5.97769668320909009
  12.02589618501788316 2.02335361884617759
  11.46776645339584100 1.41668668707816892
  9.33548026760669991 2.51315782037932101
  7.81159594974304916 1.79886811999643670
  5.71548466333288907 2.30835528325965589
  4.61246113392803725 2.57645952593242678
  4.10063072277574481 5.34962372021964239
