Number of disks = 20
Depot = yes (node 21)
Tour length = 37.47266343266576172
Tour sequence = 21 1 3 14 16 20 5 6 10 7 18 4 8 13 15 11 17 9 2 19 12
Tour visit points:
  9.17361999999999966 3.02286000000000010
  9.50630994253651451 2.93097811585964463
  12.33348592017040879 2.15073123338003214
  13.37939474798594830 1.86244933167853333
  14.31207018363837236 1.60548016979089758
  14.48977738008222005 7.61090031258513910
  13.44856623034962162 7.41247893484295339
  12.03526359680595625 7.14314853405514949
  8.56315932034734928 8.85499284627326588
  6.77010522576496498 8.44106269779629947
  5.61384127140188927 8.17413971613851409
  4.95687263474217144 8.02248142365614392
  4.29990688557031131 7.87082556209545370
  2.32464443747351179 3.17446280406239234
  1.89029159518846668 2.14169244872223041
  1.61041455713257742 1.47618336400035299
  1.51105020328496997 1.23988443038673357
  3.13219267536793033 1.65307736813619544
  4.57986740995608166 2.02205702350383554
  6.63775451524876026 3.36225222531952239
  8.23581344752904165 3.28072764131812455
