Number of disks = 18
Depot = yes (node 19)
Tour length = 33.97723334786641658
Tour sequence = 19 12 5 18 9 8 13 11 17 15 6 14 3 10 4 2 1 7 16
Tour visit points:
  15.82269999999999932 2.04626999999999981
  15.21500383299228254 1.96991842912589332
  14.04641911955503275 1.82309625158092414
  11.84938213933923201 1.54705826212573938
  10.24074027833181333 1.34494849375665937
  9.76356891443017183 1.38485700998258654
  9.23566417280118479 1.42899842341813010
  7.38407538000377972 1.58381703730933143
  6.50938436739161475 1.96086714431625353
  5.63467170379725601 2.33795412256144353
  4.75994462439754873 2.71505643471338809
  3.57314839535343776 6.01376172784085572
  7.87438656280409521 5.87073029751755548
  8.04125787349686938 5.95445948385527668
  7.95805339610554885 8.24643935947257312
  8.98896999560120413 8.37794721901872919
  10.01998941233329887 8.50914675015671129
  11.05109147623465482 8.64027801324488820
  11.30622015174759731 4.63403170952585786
