Number of disks = 12
Depot = yes (node 13)
Tour length = 29.89632031433971093
Tour sequence = 13 6 5 3 2 9 4 12 8 7 10 1 11
Tour visit points:
  11.60919999999999952 6.28925000000000001
  12.65169862499319642 8.53414770929652988
  12.48917960879885314 8.59913336556979679
  12.32693622123627186 8.66407591922696696
  8.47174115940757844 8.39070699981713730
  4.61655986145426578 8.11732759009560745
  3.27132801535780482 8.02193406195386238
  2.28363144426626530 7.86584955210327141
  9.30742637051630162 3.47604722948942912
  10.39392264205926786 2.79699771317843959
  12.12201312812547549 2.58230275271449328
  13.49010660182556265 2.41233325437149393
  12.40816109120292410 4.64243477239439972
