Number of disks = 12
Depot = yes (node 13)
Tour length = 29.61219483164986954
Tour sequence = 13 4 12 6 3 7 5 2 10 11 9 1 8
Tour visit points:
  15.08840000000000003 5.40573999999999977
  12.20336103664147132 2.81886694384010816
  10.46261853271094466 2.15522046482073693
  9.22348215104940827 1.68280145831943040
  5.78752786820680321 1.34926823094066983
  3.72680148858555027 2.38458863052193326
  2.12245467686916056 3.82945871807563254
  3.47269912973914607 4.76047446313459588
  6.07478067548728529 7.01155752719882308
  6.48611256557643756 7.36727785712484540
  9.02806574697392072 6.20567554056751369
  9.78101148264256892 5.86171322286865148
  10.53401020082054451 5.51773869423041230
