Number of disks = 18
Depot = yes (node 19)
Tour length = 34.07334646619407437
Tour sequence = 19 13 16 11 12 8 9 1 18 6 4 15 14 7 2 3 5 17 10
Tour visit points:
  1.82037000000000004 4.54511999999999983
  2.35275032133617135 6.07206146941382574
  2.88513064163255661 7.59900293810074245
  3.41751096177834990 9.12594440668483031
  7.22385007870870854 8.98470373948963541
  8.58285290364620757 8.77424919734339781
  10.49379170128010941 8.47832210853506041
  11.03834291031098402 6.93683076962401213
  10.63882625274290916 6.18857622961210119
  10.23930959542266983 5.44032168745049560
  11.82880935232413577 3.62799712609923386
  13.52955989615722032 2.27983895813292126
  14.09504000742849605 1.07177964850008411
  11.04698028539353771 1.44798056510229767
  8.94299282164337761 1.70763790441441787
  7.97378082946509359 2.09308011810998584
  7.00502536061289849 2.47875137655726352
  6.03662164870625695 2.86464540982983618
  3.92849582435312872 3.70488270491491845
