Number of disks = 20
Depot = yes (node 21)
Tour length = 31.12538382571802487
Tour sequence = 21 10 7 18 4 16 14 12 20 3 2 13 9 8 5 19 17 1 15 11 6
Tour visit points:
  9.15848000000000084 3.61338999999999988
  10.76836170417946903 3.97860140698271136
  11.01431625042639695 4.08936466649377905
  11.25993771717876690 4.19980132053496735
  11.50532118988286179 4.31009333268664818
  12.49683209476654255 5.09581927880821972
  13.48815142656770227 5.88145133399744413
  14.47946852472348311 6.66709675921482603
  11.29598930763831888 7.79003585904716189
  8.11251797266064578 8.91297367164345999
  6.28561016207341350 8.88489211167622273
  3.44936730303419825 8.84125088496265299
  3.24222850262117701 8.83802548905577012
  3.11131935963589656 8.83595951428848636
  3.29243373979533738 7.25011710603051007
  3.47354821799854241 5.66427046511283194
  3.40418246618114084 4.63652101023872643
  3.27835322213617664 2.77218669904977233
  3.39744096000584728 2.72084583721902007
  7.06496617964631746 1.67451847000033305
  7.53211840926896947 1.57645431072368769
