Number of disks = 16
Depot = yes (node 17)
Tour length = 34.89144824836149894
Tour sequence = 17 15 1 5 3 13 14 4 10 6 2 16 7 9 11 8 12
Tour visit points:
  0.02002010000000000 5.63584999999999958
  1.66212199507306169 6.69928577402409697
  2.52965504995293200 7.26109957404406448
  3.13243023590040748 7.65145401607151943
  5.48344643111311925 7.96699354925545844
  8.71229349717050994 6.69045856664979954
  10.46137596111227097 6.62469810398840142
  12.79542318331854212 6.53700901321940897
  14.85430720323977916 4.72964229542539005
  11.71364025547165255 4.19698290030101173
  9.68475882974899882 3.85288164658969512
  7.20727884062462021 2.52124426409346913
  4.57835059888587104 1.10820403181656379
  3.09113446874845010 0.97997507793657035
  2.39290703309958586 0.91977327159126598
  1.52414478680978882 2.64642493775367527
  0.77208244340489440 4.14113746887683742
