Number of disks = 14
Depot = yes (node 15)
Tour length = 35.03419518963853818
Tour sequence = 15 9 6 1 14 5 10 4 2 11 12 13 8 7 3
Tour visit points:
  8.54762000000000022 8.42097000000000051
  9.47578998844595333 8.51612951357345160
  10.40380708501542806 8.61138720152681536
  11.70518194262021261 4.77028432601641850
  12.89321091767546790 1.26369492972955566
  9.35161604750464726 1.55150007092567166
  8.22966117060971314 1.49936252204539167
  6.50864463861951847 1.41938640888084477
  4.49093560919327128 0.98218659416498699
  2.84372946235575252 3.12942550193367230
  0.96189231794213070 4.62820186791110988
  0.89441641433353292 6.66799281563506874
  0.82694058558329442 8.70778383930555755
  6.01129578931195230 8.61115519201474378
  8.19917083917843392 8.57037646577732914
