Number of disks = 12
Depot = yes (node 13)
Tour length = 32.26931844060845833
Tour sequence = 13 3 8 2 10 12 9 7 11 6 1 5 4
Tour visit points:
  11.35040000000000049 7.78465999999999969
  9.35809192561809944 7.74639668835474016
  6.50658980705964485 7.69160883320169741
  4.86833482034084497 7.66013089168430827
  0.96462850901514019 6.26527446187624104
  2.09253727331760242 4.61183489932609270
  6.30231072274629067 2.53928011311553403
  7.32536698171204037 2.03560810734045461
  11.88200529444568865 1.50623589600546137
  13.61445696240495806 5.38607062439171980
  13.42518291388784313 7.59005356258476116
  13.36643192929683366 8.27158728431454726
  12.35841596464841530 8.02812364215727392
