Number of disks = 12
Depot = yes (node 13)
Tour length = 34.63258175428229890
Tour sequence = 13 11 5 7 2 6 10 9 8 12 4 1 3
Tour visit points:
  0.06006040000000000 7.50633000000000017
  1.91987628374807406 7.23383348943749294
  2.26067041559162885 7.18390175727779834
  3.74367989562531100 8.07071113330029810
  5.22669335324139350 8.95752152981098071
  13.48925855222401360 8.65462923632781056
  13.74556970615562079 6.54317175829303022
  13.84360791578497185 5.26607408625900675
  10.42025167775422823 5.57176130617492049
  8.55749950168994822 5.05219663403735009
  2.85590373672359332 3.46188842084238635
  2.02511900279391099 3.39968596722197480
  1.19433301040690099 3.33748440295071758
