Number of disks = 16
Depot = yes (node 17)
Tour length = 32.96653022738810535
Tour sequence = 17 4 9 3 11 15 14 16 7 10 1 5 12 6 8 13 2
Tour visit points:
  10.26149999999999984 0.34516400000000003
  10.61444100245454969 0.48879074551714452
  11.17113909335711242 0.71533493980420992
  15.03975723386799679 1.72005215668881850
  13.78189543791578764 4.69682593793520020
  13.38647170436997236 5.94331043011308235
  13.02761776818841000 6.35519897523608090
  11.31625482927607607 5.56646824975270249
  10.28222811594377895 5.08988786673555182
  8.95350753274116684 5.19608839969567171
  7.91546557635769155 5.27909939034038533
  3.10893432152498761 5.66347523217800219
  1.04795569694492130 3.61404461337359351
  4.94094375444804434 2.23380145522039131
  5.95391505342816441 1.87444733282880094
  6.96822945043146902 1.51443844849198905
  7.98264630262954622 1.15427013327407058
