Number of disks = 12
Depot = yes (node 13)
Tour length = 28.67014036964401669
Tour sequence = 13 6 10 1 12 4 3 5 8 2 7 11 9
Tour visit points:
  13.67670000000000030 8.28791000000000011
  10.03069899905505125 7.91990490274388748
  9.94392273984343156 7.91106080564601832
  9.60518111628820748 7.95801723256439075
  9.26709351617117605 8.00499372563813694
  8.92913130604101468 8.05197611335427688
  3.78819532536434522 6.83627516283715142
  4.61206630687404839 2.57687683586892957
  7.74701378621638082 1.79025905179927358
  9.26044886067109552 2.77330033898590722
  9.89663737127514942 2.67315216544675405
  12.28141897645984493 2.29774218910373706
  12.82195868095135260 5.87761934407194264
