Number of disks = 12
Depot = yes (node 13)
Tour length = 31.28982807420354462
Tour sequence = 13 2 4 6 10 3 9 11 8 7 5 12 1
Tour visit points:
  8.50661000000000023 5.71183999999999958
  3.23627976962359210 5.81337385621793601
  1.88403120438951488 5.83942226597348579
  7.32567068012168132 3.14215540132037763
  7.63366500825067895 2.98945680028915639
  7.94164241319788111 2.83674017461532779
  8.80732616618917774 2.40747081562203347
  13.14641431357493673 2.85646922327646902
  14.64829271893471940 8.49393339414155868
  13.93104535582399883 8.16861036403057739
  13.13388313725435452 7.80734368949085500
  12.33634014198528739 7.44613005778750736
  10.42147507099264381 6.57898502889375347
