Number of disks = 20
Depot = yes (node 21)
Tour length = 34.49377563524774359
Tour sequence = 21 3 15 7 12 6 9 13 20 19 2 8 16 10 5 14 4 18 17 1 11
Tour visit points:
  6.26728000000000041 9.87457000000000029
  10.21565888284844092 8.06916362317958757
  10.83337067200431036 8.11274446358095247
  11.28512944983505228 8.03149651769648365
  12.36972622016336665 7.32088918561549473
  13.45432299356813743 6.61028184808600638
  13.56887575210558339 3.53603854733283685
  11.89529579410208271 2.39109443686982770
  11.16434351612013742 1.89104661299903198
  9.90277915487218863 3.56678025173838842
  8.55250463333817024 3.98298551821520741
  7.20206412618221137 4.39954406088007577
  6.67463159244645432 4.56241577486677929
  6.21063318918863683 4.70574047354871094
  4.59468202363810274 4.20311990748769659
  2.97873646171604411 3.70050062934497470
  1.56935691263510235 3.48710644935121516
  2.26968241202605325 5.38134739468894718
  2.42389879544271380 8.33550072815253529
  3.70482292603300589 8.28445534755568858
  5.19713611863642466 8.22498602292692560
