Number of disks = 20
Depot = yes (node 21)
Tour length = 36.40414667664897053
Tour sequence = 21 18 2 20 16 1 11 7 12 6 10 15 5 4 19 17 13 3 9 8 14
Tour visit points:
  6.91476000000000024 9.31546999999999947
  4.71895036212948860 8.26597365282484908
  0.98407317646442349 9.17428472091809866
  3.67320890734044969 5.25104723984975230
  4.60673895275161094 4.88650108968493324
  5.54027043065381708 4.52195389990346452
  6.15137211338661860 3.77775592333217869
  6.76250342571110874 3.03352798488241016
  8.28966065980771383 1.75046129963956543
  8.74484238866885200 1.36793246383417966
  8.88205426437547985 1.65163142712226452
  9.46850390444452295 2.86421658068723239
  10.05498997154131757 4.07681846961521899
  11.72452835093849188 3.63473663187004714
  13.39433613129111933 3.19279883193552516
  13.44447962320358592 3.33833151041623033
  13.66828416221776443 3.98730275451054350
  14.05030487281797136 5.09474896618687279
  14.43232130709593797 6.20215792291405332
  14.25281496713833640 7.92781393648952459
  12.31032713332681361 8.34789310553157549
