Number of disks = 18
Depot = yes (node 19)
Tour length = 37.03356209796717025
Tour sequence = 19 10 16 2 11 12 14 4 15 6 13 3 9 17 18 8 1 7 5
Tour visit points:
  7.85423999999999989 6.32038000000000011
  6.49796644468756135 5.80273245349208722
  5.18710585264823987 6.96267859602873251
  3.87624514745662196 8.12262476355766161
  1.36208027068624116 7.37338149785297592
  0.90782001557749226 7.23800788973904208
  3.06130191552999698 1.38619769292774730
  8.14272784331958732 1.22384075194920561
  10.17525951011728935 1.15900974309630156
  10.82618643098975575 1.13833006271103576
  11.38850826800685745 1.91375822378274130
  11.95244981415500085 2.69086761579146350
  12.76928128613058533 3.81597239235049557
  13.58621997998040598 4.94092594002203711
  14.71788796337359528 6.49924375399988019
  14.24765338732007613 7.83036945839981424
  12.87272105363937236 7.16251168021207185
  11.55323650837956251 6.52158720813991355
  8.62055261174829646 6.93965252550158862
