Number of disks = 20
Depot = yes (node 21)
Tour length = 36.92159069683231110
Tour sequence = 21 8 15 17 14 10 20 7 18 19 9 12 3 16 11 6 5 13 2 4 1
Tour visit points:
  6.10761000000000021 3.03995000000000015
  8.47923401789228670 1.80946517070043100
  9.13340336209872738 1.47005945379096525
  11.30984713554424737 1.23954607118696725
  12.14210965183286106 1.25537885057500631
  12.97455012335901614 1.27140615853090799
  12.91926820804085985 2.07127826979639185
  12.86427193790780343 2.87063653902488936
  12.69292016222758157 5.36118079330630870
  13.89135536797511428 8.07852699026613053
  13.98690055534644472 8.29482344505841240
  12.84769438191745294 8.01211402423563257
  12.06192454073028841 7.81698699062199243
  8.79465416944160694 7.00563527855908497
  8.12268728131235385 6.47591076254628284
  7.45071961035705232 5.94618630079579269
  6.25649196028436805 7.19063036097141595
  4.08404852668813589 8.09912098052594587
  1.50502957745099319 7.06799937068991380
  1.00491794296212045 4.70129859409010908
  2.36252248967539158 2.88470224527737251
