Number of disks = 14
Depot = yes (node 15)
Tour length = 29.06745048953097310
Tour sequence = 15 4 1 13 12 5 3 14 2 9 6 11 7 10 8
Tour visit points:
  14.54630000000000045 4.55457999999999963
  14.33704631332821222 5.20308261780093062
  14.12783346929001382 5.85155355647195208
  10.14358882183404553 6.09340722273708835
  9.71625317146718714 5.34838430491183203
  9.42949913718402932 5.28416461732542420
  9.14288759484530900 5.21994061933204723
  6.96199221945702718 5.84957949079681860
  2.94018241637105904 5.51416713231942701
  2.09951669513652206 4.11651094642157123
  3.33941067026855132 3.30268704555322312
  3.86218226828071876 2.27353016582857581
  5.77949885796783924 1.35073192456332958
  9.22274872424435621 1.68262905010945496
  12.24204426718905303 2.84128556698870804
