Number of disks = 20
Depot = yes (node 21)
Tour length = 35.74326528808781944
Tour sequence = 21 3 9 6 16 19 15 1 14 5 10 4 2 11 12 13 18 8 20 7 17
Tour visit points:
  8.54762000000000022 8.42097000000000051
  8.75792283176790143 8.61070483637411144
  9.61353827489278956 8.59177201238050969
  10.46915352464241877 8.57283929278044354
  10.98815604094289178 7.81889445219987334
  11.50715847996761632 7.06494953009160920
  12.02616093428108890 6.31100456104171048
  12.08470959057532745 4.12997716865955145
  12.90608396717351525 1.27984587268508188
  9.35397438070652498 1.55146199115142736
  8.22965440734836484 1.49927262038909248
  6.50863590856629859 1.41938526837766643
  4.49105550927338992 0.98214261183508522
  2.84848565162661682 3.12461463382732640
  0.99242529948862046 4.56143826924400653
  1.13893277352791467 5.70385623575214229
  1.28543204201626748 6.84644252311416945
  0.85364205267926863 8.73594618438688642
  1.49642339231673316 8.65041998980193760
  6.60383502958273816 7.97091163102747657
  8.08470548098929598 7.77389888026807618
