Number of disks = 20
Depot = yes (node 21)
Tour length = 34.79010532031919212
Tour sequence = 21 5 18 8 3 6 10 15 16 11 2 1 9 12 4 14 20 17 13 7 19
Tour visit points:
  6.41718999999999973 3.49802999999999997
  4.09676050755133669 3.43447370313424827
  0.90230946605961526 3.34712096328962572
  0.98526274076027809 4.04324718413798223
  1.06806281819272231 4.73935585445793617
  1.15081178125361072 5.43541094177692941
  6.25775275015926002 6.28788102287516892
  8.89884117880059122 6.72874035583290642
  9.39651819016711265 7.50743144757910219
  9.89419345285921814 8.28612154778974030
  10.39186801337791977 9.06481132406087120
  12.75431044892819621 8.73761177553120483
  12.97645184960677867 8.70684423600725488
  13.00693686921222003 5.84252447615544135
  12.94169255771937799 4.35153867704349828
  12.18370826610326141 3.82782852432607390
  11.42564522738164356 3.30429189243673482
  10.31904919015949851 2.54021498950523261
  9.09555767428409823 1.69543359444763087
  6.77185614796410462 1.04462561237720841
  6.45668113265295052 2.44972582548675533
