Number of disks = 12
Depot = yes (node 13)
Tour length = 41.04334091219661929
Tour sequence = 13 8 12 6 2 7 4 10 1 5 3 11 9
Tour visit points:
  15.94870000000000054 9.99695000000000000
  9.38370788458514760 7.91156931327405655
  7.17847695749674575 8.50270669344026331
  1.02973946934159910 8.73020733749910427
  4.84377878389098715 3.78429821581940917
  5.30151575997627855 3.19013238148586931
  6.30960994057279390 1.88150239383104867
  7.94678941628870117 2.41304540280306856
  9.58396417793472288 2.94458937414817523
  11.30546102858698276 1.44473165195087394
  12.83719167239439685 1.03357714784613441
  12.86691110314908038 4.43023569167051612
  14.39961032644441907 7.19878960053885120
