Number of disks = 16
Depot = yes (node 17)
Tour length = 32.57551312185045589
Tour sequence = 17 16 12 4 11 2 13 14 1 8 5 10 6 9 15 7 3
Tour visit points:
  14.74070000000000036 6.64174000000000042
  14.65654128633623543 7.91508848935092413
  10.29227180829915689 6.19167404288829548
  10.00314638090601527 5.76920449747831210
  9.71411168019269944 5.34680217557732096
  9.27148922433302758 5.20769319779986084
  7.77629299808626495 6.28344538092559279
  6.28109468745006438 7.35919769633017484
  3.09119627619305382 5.62928678373115154
  2.10246771056384896 4.10315031404723030
  3.34123305072837251 3.30065616948038443
  3.86236652837395145 2.27334976488713192
  5.77938808908448465 1.35075164468195763
  9.22809413919852872 1.68387226199940265
  10.46457477348225318 2.14258475553367989
  12.10661875116331920 2.75175409196356524
  14.16716779756236377 5.79475314783937367
