Number of disks = 18
Depot = yes (node 19)
Tour length = 38.80253870287474882
Tour sequence = 19 13 10 17 15 9 4 18 11 7 14 3 2 5 8 12 6 16 1
Tour visit points:
  12.75869999999999926 9.53397999999999968
  9.98965439568130620 7.84446402419454181
  8.33305068169515195 7.48170587763626305
  6.67616920802792180 7.11864514857252129
  5.39695906083965316 6.83819862213693241
  4.91835724545139286 6.73320925243537705
  4.19325259903733105 6.89065851859333378
  3.46786394286620814 7.04843607570507125
  2.74237418634581331 7.20641938441034213
  2.01693626004379833 7.36445542236915518
  3.39815804509485542 1.51205770168983289
  9.79426207432707940 1.65286177928766942
  10.97129969266845251 1.44419685387626484
  12.34487356121951862 1.20069006022576619
  13.71844743743411676 0.95718328172251821
  15.09202131595820262 0.71367650663454607
  12.39401043237213074 5.04517361791568586
  12.45762583843465876 5.82818817618460816
  12.67337062255499980 8.48369754592660463
