Number of disks = 12
Depot = yes (node 13)
Tour length = 30.93672413569964519
Tour sequence = 13 4 12 8 5 2 9 7 1 3 10 11 6
Tour visit points:
  13.68549999999999933 1.24638000000000004
  15.18836537530184394 0.83477542784535663
  14.65629576793525679 2.34306041007911370
  12.80660282982197629 4.77898807046758556
  10.04137437524391174 5.96923785428159093
  7.39100389544891190 6.63618839200598210
  5.93353871519985709 6.79505855204734832
  5.23896132042531182 6.72760701141188555
  4.54354150655488720 6.65981404242995279
  3.79253202895827535 6.58649617136336651
  3.72857893660159068 5.38237402305631285
  3.60414673908775418 3.04069163784869056
  3.51714485901477047 1.40360994776985182
