Number of disks = 20
Depot = yes (node 21)
Tour length = 35.36657038865457992
Tour sequence = 21 9 18 11 2 20 10 16 8 14 13 12 6 4 17 1 7 15 5 3 19
Tour visit points:
  8.02710000000000079 2.42865999999999982
  6.48066223028790400 2.82983029798231467
  6.16537113690483718 0.95475962466941733
  5.38169149125011437 1.02094821209502995
  3.99185031224278264 1.13834940947484209
  3.39293659032491401 2.45509618048361666
  1.55558499573378994 5.52358443010378330
  2.64968322802759326 6.77478313636068741
  2.78823104508227848 7.61008634640285297
  2.84602107258962489 7.95850378931289537
  3.57883001431583647 8.46701168430085893
  5.88123968639922090 8.74325900899822450
  8.18364935023457285 9.01950633772751509
  8.73587231276176546 8.10249518280547676
  9.28809527403470803 7.18548402831726474
  11.74790335621931803 8.11909329945912361
  12.97685579279693080 6.10816117555924976
  13.30517276449853092 4.39291754068773699
  13.25409134305587244 3.58926447318573549
  13.20300992161537756 2.78561140568001120
  13.16223258437011623 2.14407028880444805
