Number of disks = 18
Depot = yes (node 19)
Tour length = 39.57875133795239009
Tour sequence = 19 17 3 4 11 14 9 13 15 6 2 7 1 16 18 5 10 12 8
Tour visit points:
  8.31812000000000040 3.01949999999999985
  8.15358080292271126 2.60536970485194663
  7.98900990917119369 2.19121296433602275
  7.17483634579552998 2.02769401902061608
  6.36075814496143543 1.86413980787633538
  5.20213057130420076 3.34473409021981505
  4.88110905867052569 3.75606620358103882
  1.01731372943652709 8.70683463523882573
  9.33256791917808926 7.90909031268615070
  11.81666726193906847 8.52680426840252181
  14.30076669668624589 9.14451741283905051
  15.17601372846797148 9.36216190481709987
  14.46353802070148831 7.84503345610688019
  13.75106273233319776 6.32790516372128664
  12.87463407957273454 4.46165835732991667
  12.85311237959531283 2.42968656545785944
  12.83833462360378341 1.03444455458166806
  11.29423351846356560 1.45062161044845639
  9.43246568442531164 2.98820124807291876
