Number of disks = 12
Depot = yes (node 13)
Tour length = 33.01232844321028637
Tour sequence = 13 11 4 1 5 7 2 6 9 12 10 8 3
Tour visit points:
  2.82527999999999979 3.74248000000000003
  2.23947615998390459 5.35480913578506978
  1.89141060355897861 6.31281014893510672
  2.25119327366632938 6.96019251543268158
  2.61098266676834090 7.60757881504228628
  11.32185001072480013 7.56520439091469221
  14.22868343938778501 6.16851618248572464
  12.96217738958302768 5.70530241543249605
  11.69565927124250848 5.24208385447085590
  6.43307257123668386 2.98240635539264254
  3.32280561735749469 1.64690337470720993
  1.04782951477759467 1.84701021030750612
  1.26154515246802168 2.72069758754927404
