Number of disks = 14
Depot = yes (node 15)
Tour length = 31.32659556814705226
Tour sequence = 15 13 5 6 11 1 8 7 9 14 4 2 10 12 3
Tour visit points:
  15.75099999999999945 7.55820999999999987
  15.21876787612698578 2.84330575186702461
  11.88296152423872698 3.38690130039908643
  9.59039699204896756 3.76049062516455868
  9.20015580555497436 3.82408069624549807
  3.39261306548270847 4.77041456268850350
  4.90119136213949336 5.75287465145999821
  8.02183125970534938 7.78515995620371015
  8.47270248484482735 8.71360199647330269
  9.30562478712464269 8.83498238847454154
  10.13856219706085859 8.95623440464688159
  10.97154439391453629 9.07746601709454204
  11.45276830576891847 8.32894196967786016
  12.07656802633948523 7.85089925127767163
  12.70036701066343454 7.37285675788283790
