Number of disks = 18
Depot = yes (node 19)
Tour length = 35.79673130414814608
Tour sequence = 19 11 8 18 7 4 3 10 2 14 6 13 16 1 5 9 17 15 12
Tour visit points:
  3.16269000000000000 1.55889000000000011
  1.77316594807066652 3.05853696647148166
  3.57031556083966573 8.16124763935190778
  5.32883443561195502 8.28160148285040343
  6.19866870736243492 8.87692653135872156
  6.79948069478019423 8.33110539455627297
  7.40039816241980830 7.78524617515813233
  9.42363033558627450 7.87466514808415941
  10.04107251647094046 7.90158341219540183
  11.85316342032794878 7.98035079299555949
  14.44633272423306103 8.09304067881019940
  14.14014786773677201 6.11921246946569042
  13.78361976197933636 3.82083331974660467
  10.59366310795930310 3.58454369077460377
  9.52077035872146027 2.99487978084540263
  8.68854567803390587 3.55612250291932730
  6.34862610602680899 4.71544286207838326
  5.60640916317458426 4.03931205697150553
  4.86419222032635634 3.36318125186855799
