Number of disks = 14
Depot = yes (node 15)
Tour length = 34.89144824834095004
Tour sequence = 15 1 5 3 13 14 4 10 6 2 7 9 11 8 12
Tour visit points:
  0.02002010000000000 5.63584999999999958
  2.52965650991845470 7.26109857893033706
  3.13243112067833396 7.65145434310884820
  5.48344639151965829 7.96699355409037402
  8.71229349590410429 6.69045856691596885
  10.46137599881034852 6.62469804719596933
  12.79542291600352755 6.53700911967369969
  14.85430709199277288 4.72964190297480069
  11.71363814899955003 4.19698212440100793
  9.68475857637752569 3.85288155963433754
  4.57835061139235044 1.10820403554321678
  3.09113449726602241 0.97997510876865912
  2.39290701000989925 0.91977328448584683
  1.52414475606102151 2.64642493585301608
  0.77208242803051086 4.14113746792650783
