Number of disks = 20
Depot = yes (node 21)
Tour length = 41.65433228213183270
Tour sequence = 21 20 3 8 10 12 18 9 6 2 14 16 7 15 13 5 19 1 4 17 11
Tour visit points:
  2.82527999999999979 3.74248000000000003
  1.16324484693169605 4.05102112261032854
  0.68188408267193823 3.21756804242151340
  0.43655374355607901 1.41241835741727373
  3.40731226520860053 0.89838001253403921
  5.52660102389075814 2.95432576550691417
  6.39318327890836358 2.78282709005382545
  11.40485587650237242 5.93404663730784154
  13.61819902167715846 6.10320846553488838
  14.99366828531188922 6.20832619384698958
  13.03520046407167499 8.22283612052355650
  12.69648340655449559 8.76734251034133827
  11.66048595825571432 8.31729043404443225
  8.38239526200702123 6.35744690582268035
  5.95247582739300984 6.84957654844470021
  2.29645383609228171 8.30874792193968048
  2.27311485625089915 8.31807912879431832
  1.89149277943068128 7.56114694136265264
  1.13027349493523888 6.47539872074302902
  2.08868754540317880 6.19985277415838709
  2.51342330761464305 6.07774039114571174
