Number of disks = 20
Depot = yes (node 21)
Tour length = 46.77619287269926929
Tour sequence = 21 17 9 6 16 19 15 1 14 10 5 4 2 11 12 13 18 20 8 7 3
Tour visit points:
  8.54762000000000022 8.42097000000000051
  8.57983348923067624 7.08643288824740836
  9.68518767299946504 8.10416953957740738
  10.88588894628010983 9.20969545250227029
  11.27676758072954044 8.15791818983859329
  11.80658360746822488 7.58539935318837255
  12.72907367428479652 6.58855688596855860
  11.34620165626066779 3.98907994924969467
  13.47400478095284626 0.78781704891550441
  9.40016777338154519 1.60445960416973388
  9.22043823705049093 2.35023504182709875
  6.47220311713581697 2.17894316961997259
  4.22354396704677626 0.28120425646838537
  3.38420878316977758 3.64962555424936896
  0.29581060493838884 4.28296369626572559
  1.51158388542489042 6.44365595324780482
  2.03562632694300882 6.92124674017220620
  0.74443907777580265 8.72306616583491667
  0.33589691541029576 9.29317651045400872
  6.95320185130350144 9.15181223804520450
  8.27438725319085577 9.33763759679263927
