Number of disks = 12
Depot = yes (node 13)
Tour length = 34.97453425382867920
Tour sequence = 13 5 11 3 1 7 6 10 2 4 9 12 8
Tour visit points:
  10.60479999999999912 1.14535999999999993
  9.55065837856861499 3.75171382675111653
  8.88523586681341548 3.81771090666481117
  8.37211269385161216 3.93484950279641277
  7.95395601143455444 4.03030866653737174
  1.70410716893460235 6.46223481159380508
  0.34135794288181076 7.04091084803531508
  6.10008319698005597 7.60430458982163149
  7.88279042434464383 7.69250855366686270
  11.12535670893869622 5.54361560045518775
  11.96629117551493771 5.21886184396926467
  15.08107797311544651 6.17348899807099549
  13.74602433578425043 4.67384533247149569
