Number of disks = 16
Depot = yes (node 17)
Tour length = 39.12282215150369069
Tour sequence = 17 15 13 9 12 2 7 8 11 6 14 3 5 4 16 10 1
Tour visit points:
  2.47809999999999997 3.26914000000000016
  1.92041201521176230 5.10670660296466750
  1.35932200439474604 8.61050017724199535
  4.82538036032430906 9.19118851310731522
  9.64657688950527259 9.33549145449739903
  10.32925824721230512 8.43895343061835135
  13.11120660677530481 9.36918310245997787
  13.72478255532012525 7.27456742932007039
  12.70640500529366612 5.31636478565551052
  11.68802747193816494 3.35816215110980032
  10.52358757303253611 3.46344876125548762
  8.75131224119626516 4.23434871158716408
  7.51648071016465913 4.77134072785025598
  6.40783363381935622 3.19734377319402663
  3.75028079521545932 2.68191950853967276
  1.94346465758473208 0.88972819780092616
  1.47962797655470690 0.90157180169487017
