Number of disks = 12
Depot = yes (node 13)
Tour length = 40.98982628796755989
Tour sequence = 13 12 10 7 6 11 9 1 5 4 8 2 3
Tour visit points:
  11.13219999999999921 9.24802000000000035
  9.80938860819045466 6.40096684660856230
  10.29388051421429573 5.99062169757869167
  14.10511477472024566 2.76266098318698372
  14.74329123387715867 0.67557799275970265
  7.31548166789174026 4.43016549546361205
  6.47185779354661506 2.24899895184293097
  3.15371978594306768 3.58168723535627365
  1.73170770299966348 4.49336749804544766
  1.78945241437968527 6.15221092018063498
  3.39838927068028118 7.76579999335560967
  3.04390311055604812 9.78965435084881541
  7.30168462822367559 9.73076523492222378
