Number of disks = 16
Depot = yes (node 17)
Tour length = 41.85992301620234457
Tour sequence = 17 9 5 8 11 6 7 15 4 2 1 13 3 10 16 12 14
Tour visit points:
  1.05862999999999996 4.27808000000000010
  3.73840296525871052 8.39983629368618701
  4.54555836219118348 8.13108817399542438
  6.01307682612820393 8.65165926655783402
  8.68182609169071817 9.59834226000655377
  14.07914866790927988 7.84445002049071238
  12.14651185761978169 6.10612486986206182
  14.02221379396147860 2.38887848293279470
  12.87881008728223264 1.59208176433414472
  8.95909243999515148 2.41778164336331702
  8.93306415248759222 2.95479470614485429
  8.34527950453251677 4.02296161531125396
  4.97238174690654233 1.35612998981288246
  3.65862519782129070 2.24580695509286965
  2.24027033135790621 1.47804810297220479
  1.01794778157209231 1.00872131037817736
  1.26472397957849281 2.59209172714218816
