Number of disks = 12
Depot = yes (node 13)
Tour length = 41.52953831651728933
Tour sequence = 13 8 4 1 12 2 5 6 9 11 3 10 7
Tour visit points:
  15.19139999999999979 8.76003000000000043
  11.73973920875123511 8.72530351400778770
  10.02230182823632454 7.33472367395186442
  6.34695069274477319 9.63760464236819558
  5.56245142939701687 7.56841830979561969
  3.06083576940857949 8.72630756034089039
  0.97976769742775760 3.02288988859487917
  4.21421510750361339 3.83161834231062182
  6.12017282245748540 4.15077613088000152
  6.34329189382207215 5.49445224135429200
  9.25826567973753178 4.66144644782578510
  14.31676254086408839 3.28958617886856652
  14.56971349817800210 7.05034375731302632
