Number of disks = 12
Depot = yes (node 13)
Tour length = 37.25557418640200780
Tour sequence = 13 12 5 9 2 1 10 4 8 3 6 11 7
Tour visit points:
  0.36622199999999999 7.69219000000000097
  1.16325263334641837 5.57483940594580307
  1.20089602577300747 5.46093962798069033
  0.79857467490388601 4.48793527416753513
  0.39625348115211534 3.51492958020292079
  2.41531080494350947 0.71928997751166679
  4.30167185905807159 4.06217137857480193
  6.55462098595596121 4.40256242295659561
  8.53320691876409576 5.45263262799916060
  10.40128057553575935 3.66190466928401781
  11.13433854864313943 3.62402686546564157
  13.56764714778605097 4.91175611585992300
  10.42609247115704108 8.53089940275306091
