Number of disks = 12
Depot = yes (node 13)
Tour length = 36.20198246686543797
Tour sequence = 13 1 5 12 8 7 11 9 6 10 3 4 2
Tour visit points:
  8.50661000000000023 5.71183999999999958
  9.49942261656245535 6.28592906920888517
  12.28310737470871672 8.02413976564653098
  12.58238113623034238 8.21101470109619669
  15.10984191972193180 9.08854336399206097
  14.25610761743478250 7.19852448171337667
  13.61901226754208238 2.27277565744620169
  8.75015289983548961 1.64242670983430594
  8.21416008737242187 2.79214051247756023
  7.48628798461152378 2.58533899003959045
  7.04485137836262787 3.33588251662378488
  1.16116130774567372 6.04982777204294120
  2.67242248698160756 6.38077139043622310
