Number of disks = 18
Depot = yes (node 19)
Tour length = 48.07889732428953522
Tour sequence = 19 8 12 10 5 18 16 1 2 7 6 15 13 9 14 11 4 17 3
Tour visit points:
  8.31812000000000040 3.01949999999999985
  9.69778471509364159 3.68971289780155942
  10.98614385936713589 0.76151531498948799
  13.29353097688484908 0.43835134061888148
  13.54925821071703318 2.05457153794898639
  12.14972855807308960 4.67861372528191310
  13.60778951080177812 7.12326729693513361
  13.89154224744912725 7.48380763079109190
  15.13531507597819825 9.06432775876599806
  15.74991328353436160 9.84534577394805588
  12.56619077901591375 8.50300708970348040
  9.38246805328166822 7.16066838405919270
  0.34890966191672962 9.04962792808550098
  4.41274608872549301 3.17026390321380669
  4.61292219329549980 2.88065879290120908
  6.04801971730563981 1.17389223154902012
  7.41516968031759305 2.10423928126268223
  7.93124585743017452 1.87236721321646749
  8.48183034877663644 1.62498950924790009
