Number of disks = 14
Depot = yes (node 15)
Tour length = 42.21619279828946958
Tour sequence = 15 4 3 7 1 2 13 11 9 12 6 5 14 10 8
Tour visit points:
  3.03915999999999986 3.35948000000000002
  1.73907470427545552 4.47807741383290114
  1.78967599398645283 6.15272780634306571
  3.39839948435289685 7.76583239658449553
  3.04424120062607972 9.79005204130439743
  7.22025372576162283 9.75051822691494685
  9.76585445213501657 7.11239106392334897
  9.78299240208965060 6.47003876317025650
  10.06179661880783982 6.29111738357898531
  13.56330998923064790 8.06510356953237206
  14.35871897465090363 3.14611970931318785
  14.75651730735187606 0.68597293309413210
  9.13390135384835489 3.51512594152964253
  7.31541505805345871 4.43013991115465799
  6.46444723886690831 2.24563442826972892
