Number of disks = 14
Depot = yes (node 15)
Tour length = 37.41624237694918520
Tour sequence = 15 1 9 12 7 3 6 10 8 11 4 5 14 2 13
Tour visit points:
  2.94832999999999990 7.37906999999999957
  8.77620551637890856 8.82440975989381826
  9.13259142721575223 8.91279600555114015
  10.52548060758511639 9.57232133008779051
  9.91178825981807776 7.16081115802161872
  9.89673781682438758 7.10167177978660202
  11.91251307359699041 6.36303083225124499
  14.36932110850635880 6.02044718210588492
  12.66526705923105922 1.63096743511755471
  11.65441787858448563 0.68187653600355935
  9.36856453965547864 3.26342636408971432
  7.82491539012709314 1.03843336194520419
  5.14312296915119127 1.74621462557636309
  4.09772330353743985 2.02211752188088401
  4.80199117793295649 5.61610663271057753
