Number of disks = 12
Depot = yes (node 13)
Tour length = 37.88460060908188609
Tour sequence = 13 10 8 4 7 2 3 12 6 1 9 11 5
Tour visit points:
  2.44246000000000008 3.23037999999999981
  1.92104664678977755 5.10388096930809354
  1.35932647967813214 8.61050640646168297
  4.82468579136680198 9.19112123463050246
  9.75996683531722908 9.31120652162940488
  13.08677238618158789 9.38378088075078942
  13.81323879939134258 7.44207229739316922
  14.49471416728787254 5.62064172053151712
  12.71403852282643321 5.04931576396956938
  11.67660101147995810 3.35151358144414946
  10.21177496607009871 3.22735188003292706
  3.74501864588279920 2.67921593172182160
  2.13971825176697905 0.88470637828253529
