Number of disks = 18
Depot = yes (node 19)
Tour length = 40.60787043441654731
Tour sequence = 19 12 5 18 9 8 13 11 17 15 6 14 4 2 1 7 10 3 16
Tour visit points:
  15.82269999999999932 2.04626999999999981
  15.77990967401480837 1.47238322095001228
  15.03294538072800890 1.57964231610542916
  10.96076268436782897 1.43735107719476374
  10.17059264741801883 0.57804992324684490
  9.84132468159948992 0.60564028240153089
  9.40654954020635969 0.64224821802321375
  7.28074388141633477 0.82124511889189888
  6.65480994121863034 2.04836277409321799
  5.31063113130791109 2.90972045033371085
  4.12942260730350785 2.26005888094040941
  2.99288440189781424 6.50016643404141448
  7.27116225605389577 8.65511495673417208
  9.34198159883755253 8.96394808616374306
  10.32132302806946988 9.10994474614322236
  11.47406337803454512 9.28178591155243993
  8.85801650585242939 5.69097456032166171
  8.32855004237621088 4.96422356022144573
  10.69903995722662238 4.04123969605815159
