Number of disks = 18
Depot = yes (node 19)
Tour length = 41.80206331130918329
Tour sequence = 19 17 16 13 2 15 3 9 11 14 1 8 5 10 12 4 7 6 18
Tour visit points:
  7.96068999999999871 5.07645000000000035
  1.99454070640558490 5.95401966311569542
  1.80317216612748488 5.67041150823172035
  0.85546425952361627 4.26590853592551422
  0.31306767349515668 3.46207688180798723
  2.72770673573505107 2.34606633319027935
  5.78700789500086277 1.38975977714195165
  5.85753849005218896 1.36771262750271072
  7.44744528729016064 1.26926608429583010
  14.76977677793845700 0.81586955519015991
  13.07119495435868828 4.24705686411583194
  15.09305606998148974 4.77626723248954477
  14.50223257569585478 6.48759642713151941
  14.34212781273035908 8.00021320915550938
  13.74937414585906126 7.78493053256393885
  13.15659984399700555 7.56964082897022195
  11.88292864201317123 7.16424179826724128
  10.40552197121057532 5.39477834857027538
  9.28513055304676094 6.65300592930914281
