Number of disks = 20
Depot = yes (node 21)
Tour length = 48.10058709454065706
Tour sequence = 21 3 1 7 2 6 8 9 18 16 5 19 4 12 14 15 17 11 20 10 13
Tour visit points:
  10.90659999999999918 5.61448999999999998
  13.10565390959403231 7.14489712836894508
  15.09768572417924837 6.01612657103158277
  14.26861056259554772 4.81011355545526609
  12.77476902679487480 4.03762463725945153
  12.20920728627108076 3.25682910971022599
  12.10445864461905074 0.67643135725398340
  10.17018973614383803 0.48028915212954126
  6.52993811055264040 3.59555716771083711
  5.47655095077427045 0.34562812262722442
  0.50225466758344683 0.24238391118045555
  0.67844982635876983 2.80735050678076625
  2.36615802107264184 5.32327725808049390
  4.15750565423119056 7.99331812651458051
  4.30045915357394737 8.20636545442112997
  7.20475085254241954 7.28650118312827466
  7.65465378124296070 6.51304387928424422
  8.24837730214298404 7.12919816390232253
  9.71544395492684565 8.65168953764938387
  10.80039438152114961 9.47066800820084786
  10.58557256244669276 6.04361919399632708
