Number of disks = 18
Depot = yes (node 19)
Tour length = 38.89430345396124267
Tour sequence = 19 7 8 6 18 10 15 12 2 11 5 16 13 1 17 3 9 4 14
Tour visit points:
  4.89322000000000035 1.73924999999999996
  6.35443339045660949 3.15084081356362855
  7.51551560802910679 4.77107209429104273
  8.75043742860241736 4.23424506160202174
  10.52357962064432684 3.46345079297391889
  11.68802758668080344 3.35816221387285507
  12.70640507045865242 5.31636481604575373
  13.72478255422941551 7.27456741814607621
  13.60233895552136829 7.69256340082586476
  13.11120660340353439 9.36918310422210432
  10.32925824664753200 8.43895343079222116
  9.64657690002526280 9.33549144947988907
  4.82537202935517939 9.19118769454243356
  1.98559815312854981 8.71563542914584843
  1.35953817338706817 8.61080152808791155
  2.22876361565122361 3.28734350075889648
  2.19645206090977041 3.18588175391571493
  1.47237269548465255 0.91220346296530852
  2.00236343692186791 0.90513503223782743
