Number of disks = 14
Depot = yes (node 15)
Tour length = 41.82870740751182126
Tour sequence = 15 10 8 9 13 14 7 3 5 11 12 2 6 1 4
Tour visit points:
  12.97700000000000031 6.62068999999999974
  15.50616002917444902 6.05301174588549085
  15.00615517638306251 0.77959198932059737
  4.54219733380683177 1.65707888475124898
  3.68137788137332622 1.72927099096442949
  3.65043787477480830 5.06216549149802386
  1.58957960384811003 5.63416321691564548
  2.03701820895152519 6.85794957554200568
  0.72651498784384050 8.58748299784015678
  4.57786665024549588 8.99486143562234375
  5.99339725546753321 7.16848181668044049
  8.47140845669976095 7.10605740845047329
  10.23526000009569259 7.30348363600370742
  11.07205258328044550 7.77711624738830398
  11.52407299999903856 7.55931223784397233
