Number of disks = 18
Depot = yes (node 19)
Tour length = 46.27353049637136451
Tour sequence = 19 13 10 17 9 15 18 4 11 7 14 3 2 5 8 12 6 16 1
Tour visit points:
  12.75869999999999926 9.53397999999999968
  10.28015820157696858 7.15259963074444993
  7.69519037324407762 7.40547407361323806
  6.04236103026285232 7.56712261272747799
  4.89536635893136385 5.98203463621233222
  4.30027085115392893 6.53681795807132460
  3.89211782026453479 6.56396859028456969
  3.81880371521495432 7.16138080093600493
  2.88618273297216232 7.44728057749309169
  1.47223543327135409 7.88073387449823404
  2.92255916068332899 0.93070302782894032
  9.80655057532322694 2.40834627532102186
  10.17739508061468534 2.07501227074768035
  12.53525626711224561 1.47071218961914973
  13.77319883287155378 1.01226696167669972
  15.71343543852148095 0.29374234063026061
  11.66945816294580496 4.77248574162336148
  13.20800815964583030 5.69450366988665113
  13.34393015743115640 8.82411075514230347
