Number of disks = 20
Depot = yes (node 21)
Tour length = 46.42286459346829730
Tour sequence = 21 3 19 5 15 7 1 17 4 6 12 8 13 14 10 16 9 20 2 18 11
Tour visit points:
  8.02710000000000079 2.42865999999999982
  12.29024676784773895 2.03724015077567744
  13.68928434228250346 1.60546023466658738
  13.88018108006401619 3.28365969602516605
  14.05326356734231830 4.45006265750978702
  13.67860334887759244 6.37309379115228758
  12.03284264132951620 8.81825825057885382
  9.05075832310133244 6.47383186308698910
  8.77018546922628417 8.09009310698296069
  8.48961263053024418 9.70635434132137398
  5.39294040515577056 8.83251880771012665
  3.72899625937219792 8.36297814749163138
  3.18859326734974591 9.15432149560353103
  2.19333163994244629 8.33353791060378413
  0.76610247807933174 5.75385484487966536
  3.46845205070527429 6.11256699467127529
  5.68769034754056158 3.69117045168298130
  4.47937767201653614 2.77095493078212307
  3.62355364875624497 0.45986334372576398
  6.60420286691581282 0.34399277516308541
  6.59564606266700615 1.09922983912244332
