Number of disks = 20
Depot = yes (node 21)
Tour length = 39.70569978855849058
Tour sequence = 21 10 4 18 7 16 14 12 20 3 2 8 9 13 5 19 17 1 15 11 6
Tour visit points:
  9.15848000000000084 3.61338999999999988
  11.06184017408584275 3.27929055650309387
  11.80023567098123394 3.56547747531617487
  11.59993564760162776 4.23419059623986271
  11.39963562422238752 4.90290371716406614
  12.94442560525306440 4.96577954407477584
  13.32658813247904916 5.64667350180091621
  15.21884225145444880 6.79298722189308446
  11.01689183785118331 7.78721335077225252
  8.28973044765215228 9.65041512262440015
  6.74189701146846865 8.27136584012738219
  2.51439688235350012 9.29925158945184904
  2.51432593440355667 9.07218598072556759
  2.59961442432380929 8.57098066442929607
  2.91755752922877631 6.70255956283585164
  4.22414581137873935 5.70821836357258672
  2.70145681508763813 4.90769683786385436
  2.64748726404028734 2.36483051677021905
  3.16835621751466201 2.00498941383270513
  6.87264452900692380 0.94915946398735951
  7.75132179166970481 0.85523563536460523
