Number of disks = 16
Depot = yes (node 17)
Tour length = 41.15470365472212677
Tour sequence = 17 12 5 3 15 1 7 14 13 4 2 16 8 6 9 10 11
Tour visit points:
  11.74349999999999916 7.37174999999999958
  11.82961951585008187 8.93980195351847229
  13.94577934769923289 7.86134300192694191
  14.46334044313025835 7.96248368395290118
  15.75105807020176840 7.58787920932627458
  15.35134780775205954 4.41123151941151281
  14.91187910831698815 0.91860854806518388
  12.87441977307191188 3.54110136548856769
  10.80639828558371640 2.75205257525530556
  7.23288816218232977 1.33291066396692481
  5.84353266131817595 1.36988749359999229
  3.36794830022896274 1.93595213315669867
  2.79417002647642887 2.30784399405955076
  0.87450158745429851 4.19398419359486585
  1.82877439021122745 5.66466378387165825
  2.02832880319860287 5.97214359911732551
  9.04466374852858834 6.98294486049435470
