Number of disks = 12
Depot = yes (node 13)
Tour length = 39.38685753536771017
Tour sequence = 13 3 8 10 12 9 6 2 7 5 1 4 11
Tour visit points:
  2.82527999999999979 3.74248000000000003
  0.63522775785147367 3.13584442083217496
  0.43514204804834111 1.41432658232705966
  3.40834839383390786 0.89869743785861433
  5.60013793597950738 2.98999563113869860
  11.39302808726856853 5.93046449503261552
  13.60684823917487130 6.08347732386471396
  14.98451760000061483 6.17869796741251776
  11.47965985408650091 8.29873545874246688
  2.23815420025628553 8.25849240254238381
  1.89113837671863005 7.56055279826302407
  1.13027489146803073 6.47539476879991582
  2.51342348814646765 6.07774018187368981
