Number of disks = 16
Depot = yes (node 17)
Tour length = 46.19888938510067788
Tour sequence = 17 8 12 5 16 10 15 4 3 6 9 13 7 2 1 14 11
Tour visit points:
  3.15781000000000001 9.01547000000000054
  1.55319336981342770 8.08210348962039937
  2.95582474828935116 7.50019611378282924
  3.85240257185547730 7.12823949784116895
  4.18512560458436411 6.63772137292378073
  4.67024586400452524 5.71497572931564957
  2.97319812763307878 0.88710132897372040
  9.80737413091669197 2.40812836792843932
  10.17747534861098124 2.07496927947421517
  12.53529153741292568 1.47070117456936988
  13.77374400862902171 1.01247190920132524
  15.71400127393549084 0.29457382108699481
  11.66881380439884275 4.85041770025164798
  13.33925594732012243 8.83975333817666709
  12.76537818561004123 9.28406921224373249
  10.30531779835509809 7.15987618158659700
  7.56820488641003486 7.87046929221931624
