Number of disks = 14
Depot = yes (node 15)
Tour length = 37.94528991751587199
Tour sequence = 15 2 8 3 13 6 7 5 9 14 1 11 10 4 12
Tour visit points:
  1.73686999999999991 8.69045000000000023
  2.22955396171531417 3.29606335144418905
  2.19579509960833485 3.18968077501020764
  1.47285723739183916 0.91152891381443268
  1.97917589763601964 0.90089291108451552
  6.38014484899785028 3.17657053749789808
  7.52584978791272974 4.77416775914386804
  8.90436270791280471 4.31212937059858259
  11.71391083566842184 3.37044871503698751
  12.70094658883020777 5.28657140103017298
  13.68798323554393548 7.20269434112842077
  13.72473082265461031 7.27403147505796799
  13.10983524445900450 9.36990521274202948
  10.23394561502322375 8.44907169490345389
  4.80415854791646790 9.19001084791256950
