Number of disks = 14
Depot = yes (node 15)
Tour length = 35.51402821671738508
Tour sequence = 15 5 11 4 2 8 9 6 14 12 7 10 3 1 13
Tour visit points:
  6.84004999999999974 2.21625000000000005
  5.97996189167949765 1.53336501018334959
  5.77256788167186841 1.36870020689343042
  0.32150798017870535 3.37540353768040813
  7.81953074891876465 4.87011516088119212
  10.28499010061642061 5.36159857201312651
  11.87995958327802271 7.16227737140239906
  13.15650576077936762 7.56960876459106924
  13.74931304427682299 7.78491332533772962
  14.34212618749535295 8.00021422464240217
  14.50227737082192547 6.48739470447888422
  15.09108417960440285 4.77250429399612131
  12.97236861646868888 4.13637358147140777
  10.74104147237022566 1.88632560353682188
  7.38103275528430647 1.31389808766612126
