Number of disks = 20
Depot = yes (node 21)
Tour length = 42.44904764017843490
Tour sequence = 21 10 20 6 8 5 2 15 13 12 9 17 14 16 11 3 7 19 4 18 1
Tour visit points:
  1.75883999999999996 7.43125999999999909
  2.05762136325330003 4.62393491378191435
  2.79079684465815792 3.38804121616185583
  0.24405019481884885 0.73213725397484319
  3.29551091452648226 1.39492076932904996
  3.87556505670806661 1.62987422540177795
  4.65792008285081405 3.12649936583192067
  6.85120739779303101 2.11440379099681763
  7.16385564581725109 1.84219335288632569
  8.44540018184214070 0.72640331292380111
  8.82997314790394761 0.39160624169750691
  9.86005585158838649 1.65649658493248331
  10.89013576862026689 2.92134797150056036
  9.48665452687729172 5.25846658210137186
  12.05836203696856224 6.61252754014943278
  13.12158851945798688 7.17235544813065928
  12.71732141689200368 8.35537534092582312
  11.16887307047810474 9.00072445636504526
  9.61716035997439711 7.72179328128061737
  7.97832592290142006 9.39635766877124290
  5.09401021859583381 9.17038630182707060
