Number of disks = 20
Depot = yes (node 21)
Tour length = 48.39161006011225652
Tour sequence = 21 17 13 14 5 9 1 18 2 4 6 20 3 7 19 11 8 10 15 16 12
Tour visit points:
  14.24559999999999960 5.74328000000000038
  14.85989441251150822 7.09789515462495846
  13.44903760050465458 7.71112374664137867
  12.75598943153495490 6.16835107418040529
  7.83962461053860693 9.36074251199407747
  6.44936035098324911 9.44930367524729853
  0.67088446228221965 9.81739811798107098
  1.79258475328890010 7.73260709073115038
  1.19578054144187984 6.16032121853549253
  1.61297075746147778 2.36458310196912702
  0.86799831353986501 1.03328409085145045
  0.61487589538037957 0.58094303064575881
  4.01449025057487674 1.92899316749952821
  5.41965605558780261 2.54791866750329898
  7.43685535281970722 1.97305937680547538
  7.84512831374531938 3.92612706031967029
  8.27741382016609606 4.65719405197559855
  9.72112543893151937 3.14881914633450144
  13.90639311686720880 2.93108482606993448
  14.86138387097942015 2.86667000469417665
  15.00452896599152552 5.35885567435254906
