Number of disks = 18
Depot = yes (node 19)
Tour length = 46.98312898969891194
Tour sequence = 19 4 3 5 6 15 13 2 16 1 9 11 18 12 8 14 10 17 7
Tour visit points:
  13.09409999999999918 7.39463000000000026
  14.19343017819138986 4.69065588663667654
  12.19401961035604032 3.22188536541733539
  12.10402811966559788 0.67597281632608064
  10.17021420354923400 0.48028149106726331
  6.52993835545292978 3.59555723674483563
  5.47655112166882407 0.34562824961442240
  0.50224675664948482 0.24239220968227765
  0.67821614084780424 2.80667059700552768
  2.37708636358011205 5.30884193774345459
  4.19180608314790160 7.98164138396593970
  4.36977249298257497 8.24375816327957445
  6.81603442388543268 9.08578922017537671
  7.43818042663318213 7.71941756883647656
  7.76484514695812855 7.00198544200090911
  7.80587657958495029 6.43714652783996755
  10.16684999545694446 6.14654108668647936
  9.77697752972492395 8.73482767740335220
  10.89557328450409379 9.44193129904068762
