Number of disks = 14
Depot = yes (node 15)
Tour length = 42.91211449720408666
Tour sequence = 15 3 6 10 2 9 12 1 5 13 11 8 7 4 14
Tour visit points:
  6.34443000000000001 8.35718999999999923
  6.38414571739047698 9.65356682332869198
  10.02311566030254930 7.33477158166774768
  11.73460296847631490 8.72351831744025219
  14.99033811871759347 8.61145638223701937
  14.57145877893183972 7.05944703676273821
  14.27313575813066038 3.24994479796374236
  9.60247475083728474 2.21119926147075985
  9.00207086700723380 4.25711635775846009
  6.32790051635561035 5.48546930223936080
  6.11935365100414597 4.14995202012029640
  4.21417298433334686 3.83160956746138526
  0.97978077873297376 3.02287535718369593
  3.06209420562950640 8.72683435288595533
  5.60860651912371910 7.58223916350959026
