Number of disks = 18
Depot = yes (node 19)
Tour length = 50.11699791303606588
Tour sequence = 19 7 17 10 18 1 4 8 9 14 13 12 3 5 6 11 15 2 16
Tour visit points:
  15.13860000000000028 8.37184000000000061
  11.08119251961189278 9.24367551656875541
  10.86648470379217990 8.18049440936413852
  9.73411875198223164 7.63673317752626346
  8.59827148936620844 7.07770609658406347
  8.42946035684978057 8.21241243222060291
  8.26064922413208080 9.34711876800620978
  6.95147206484575264 9.15170371879015931
  0.31300809393642925 9.25747512750360180
  1.06603853980966989 6.60558607822591082
  0.28554700500547064 4.30301622032479703
  3.38372785890820937 3.65008795396834040
  4.22353267906459706 0.28120790706045817
  6.47220278336282551 2.17894303568468395
  9.22043868745931583 2.35023470924941114
  9.40017313364288754 1.60445444702126072
  13.47384113993267007 0.78757286709757490
  11.34644258740048706 3.97151248158650150
  13.16559689365349328 6.45658268235616983
