Number of disks = 20
Depot = yes (node 21)
Tour length = 44.66885375855472518
Tour sequence = 21 10 15 20 2 5 12 1 11 13 19 8 18 6 14 7 16 4 17 9 3
Tour visit points:
  7.41478000000000037 2.14788999999999985
  8.89977686498863640 3.08264667239172185
  9.74449289271979957 4.35826255840535293
  8.06732689655057555 4.64485929807914832
  5.35767227792294598 4.64861196465635373
  2.64801765879401430 4.65236463256097288
  3.75052262878487630 5.62633034007340704
  4.92533343079079522 7.59917373656881168
  8.58200318957884889 7.28640637400740587
  8.07774263028307971 9.36493465657041924
  9.27579759890171296 9.35215506554408726
  9.71647499921199476 9.34762753320788242
  10.02848212408754058 9.34443362693125579
  11.22979234508838076 9.79237998740190108
  10.94794936599297230 7.74756129543020577
  12.38370196092933639 6.66532662308207691
  12.88842422669193510 7.23000914102725734
  15.58034856273487812 7.37551329242335019
  15.65317247946960322 2.23001008757703412
  11.09424304517477466 2.66244746829771817
  9.67781897936310109 1.26996616989986100
