Number of disks = 14
Depot = yes (node 15)
Tour length = 36.33592700757230176
Tour sequence = 15 12 9 3 10 2 14 13 6 1 8 7 4 5 11
Tour visit points:
  3.13583999999999996 7.61314999999999920
  2.25918464025423482 7.58040111730716859
  1.90039249379263508 7.63732526029655201
  0.64626985598573605 9.80581730245295624
  4.98591828854254349 9.16377315888910893
  7.93259549242759832 8.66540278332820613
  9.69226749475410720 7.70597743983935413
  13.16719119731009080 6.91373771280340055
  13.23916873602876976 6.25228809485976633
  13.27307644197323810 3.83555703062429210
  13.30696648750675593 1.41881002315066551
  10.58355285310378591 1.73625685732989443
  9.19247759654856367 0.75314309796076384
  8.34726107382579663 1.74371698455154389
  4.76130142120810351 3.53237296624763708
