Number of disks = 20
Depot = yes (node 21)
Tour length = 44.10057510436405437
Tour sequence = 21 16 4 11 8 13 9 15 3 6 7 14 10 17 5 2 20 1 12 18 19
Tour visit points:
  13.42280000000000051 5.56658000000000008
  14.02614792198310134 4.73457521072079057
  15.32262626147265117 2.94675742870298718
  11.39909782004160199 3.51432341909976653
  10.41157610270565925 3.65717538466604175
  8.53337644631386461 5.45260911305118157
  6.55493013417799553 4.40266428320112890
  4.31204113196846883 4.06971831380433535
  3.48968734377497114 2.17014883384046842
  2.42956167577196824 0.71967982985043022
  0.39620126663859662 3.51537155844393867
  0.79857632386285204 4.48886009319738299
  1.20094707694974145 5.46224591822493633
  1.15340132639546367 5.61126821872667847
  0.54517626597536273 7.51761803578690202
  3.63232008763582170 6.61633627203365826
  4.77450551722612637 8.40915550297592596
  5.96377513953142646 8.04387129272060619
  10.47297059939125852 8.51699102363335214
  11.39467772045415295 8.03070772600327665
  13.65488393570155345 8.32476387657475314
