Number of disks = 12
Depot = yes (node 13)
Tour length = 36.29671626151879593
Tour sequence = 13 4 12 8 5 2 9 7 3 10 1 11 6
Tour visit points:
  13.68549999999999933 1.24638000000000004
  15.76387848627381238 0.34844649219910973
  15.30859531783389826 2.71493286082430574
  13.26864314069035267 5.36976622322666231
  10.28109089877083093 6.67989884694788216
  7.52325427814355230 7.37443632356810674
  5.96614005004134107 7.54644953910737915
  4.37620222063217046 7.01516737473725360
  3.29194378909969299 7.16283508767868771
  3.96254404498206148 6.44424602889402642
  4.67517560079784289 5.68061256992368424
  3.47143973964484198 2.13064429085994433
  2.98954029266913990 0.86661972352977579
