Number of disks = 18
Depot = yes (node 19)
Tour length = 42.19132047069415137
Tour sequence = 19 15 16 7 14 1 8 4 6 12 2 9 10 17 13 18 5 11 3
Tour visit points:
  11.92570000000000086 7.36380999999999997
  11.29341856125899213 6.32061587080386200
  10.71926936856464252 5.37333348925227128
  10.72468359644068414 4.42195354311301259
  11.40338769172215549 2.14273859470785544
  11.59887721082272982 1.48625826619075108
  11.01606039104121137 1.15388401601907042
  5.80742770094341410 4.93903022957680626
  3.35724842714841953 4.95419316061306159
  2.52977727703313393 3.90984911678181080
  2.95726380655008425 2.77330565247159777
  1.33420984224464845 1.00016338857408238
  0.69469510208263929 3.54237845937916607
  1.32426788860122535 5.48071161000138574
  1.17729040552126363 6.98994139452130359
  0.92941394798869847 9.53564923844131052
  1.96148263813545554 8.94096745305624374
  4.94655962689797857 7.22095556717923337
  10.80631467664008660 8.87471231746002864
