Number of disks = 18
Depot = yes (node 19)
Tour length = 43.89907397030439995
Tour sequence = 19 17 2 3 14 15 18 16 8 12 9 5 7 13 11 1 6 10 4
Tour visit points:
  1.82475999999999994 4.04706000000000010
  1.31232948880112277 3.72911799448143855
  0.82577572834663471 2.65866565727855431
  2.93507002245102377 2.70880164321416128
  4.04258499385520764 3.72309580903853155
  5.72182121534185129 0.58680801843404595
  9.39456611201875624 0.95257506940337233
  12.57022773189629383 2.16220440729242025
  14.33967595399797901 4.69531558048252684
  14.84296443984620062 5.45329403044949235
  14.56184476990599563 6.81641342862616817
  14.07926795273412424 9.15637707623891828
  10.49941499034037307 6.38475593684303178
  9.46404692833713490 5.22425013461778942
  9.08698139932101512 4.46908596993654061
  4.97647245145764394 9.67615583151206238
  3.34055140077042267 7.66103950320952620
  2.64161243473579788 6.26410865111085258
  2.53132210880359754 5.96476570011916163
