Number of disks = 20
Depot = yes (node 21)
Tour length = 46.09003503253350686
Tour sequence = 21 20 5 13 18 7 19 9 12 11 17 6 4 16 14 8 3 15 1 2 10
Tour visit points:
  10.31869999999999976 7.46849000000000007
  8.73446532868054071 9.59546877020759226
  5.64705875449451078 8.47994891083295244
  0.44640973254435107 9.58387517648163545
  0.33245006286462225 8.15091315713305598
  0.21849107074306834 6.71795016969400027
  1.99357564233234852 6.22642273353245113
  1.20292327749078343 3.94425558165860535
  1.02285866365259648 3.49706302834057015
  2.46062530893962439 1.67852420926933132
  3.91621150937935525 3.67191571311615528
  6.64083335099625316 1.55194146128125721
  6.84201686469873405 0.98622296188895564
  7.04318053245085007 0.42051729563080831
  10.15308665913647346 0.67367703316175453
  12.23505433981004309 0.84315843507838550
  14.35747179598065770 5.27820842357707143
  14.38538486002309114 6.30828935334618812
  13.50471951731254094 7.69775075395025166
  13.78605535730359755 8.89500453687352888
  11.04488775707869053 7.84817311280060803
