Number of disks = 16
Depot = yes (node 17)
Tour length = 40.26572999759175531
Tour sequence = 17 10 5 12 3 4 14 11 7 2 16 1 13 9 8 6 15
Tour visit points:
  9.93927000000000049 9.46104000000000056
  9.35323208198309608 9.40964345049128248
  7.97598473700020261 9.28885645160272233
  7.44259080527659211 8.85517751321431490
  8.53243303586924995 7.19593069625695314
  4.15161703838141793 5.32903110215976827
  4.15418921272039032 2.24784086908378500
  8.13208057407059393 4.64775485867317428
  9.75956813188032690 4.32890378898964556
  9.32449863214006847 2.90466699945299656
  10.02573076338994085 0.66232941195446815
  11.12176473839060620 2.67411501046433298
  15.04795159170309127 2.07927518508000686
  15.59788472121517344 2.15562305402639875
  12.62545366106738420 7.25901936825425942
  10.94002832572027550 7.76475017274204760
  11.47562841495287067 9.27923647671829066
