Number of disks = 18
Depot = yes (node 19)
Tour length = 45.93648746315339082
Tour sequence = 19 13 12 15 1 2 10 9 11 3 16 8 18 5 7 14 17 4 6
Tour visit points:
  7.42453999999999947 9.69969999999999999
  9.95663657447139272 9.72337347763875748
  13.30000531380045281 9.25211917879724410
  13.69636775143498397 4.08669006186226635
  11.81537180277462262 5.49340147984691374
  10.71851555136714751 6.73607005518342650
  9.72344141772772197 7.33698938564854775
  7.22377924344709665 4.91151085560515188
  6.28467023597127206 3.71001705654301261
  6.06795579239863248 3.66382008150266181
  5.15220458423626759 2.83024736964869605
  7.53253935205687153 0.20634114412069018
  6.10001377259532607 0.37911309340429244
  2.90848716701050103 0.76403206611183516
  3.15999522720085890 3.14748076026433532
  1.10367673792229115 5.65862692611997087
  0.66898460088610712 6.18946662772282696
  0.96462261366986690 7.91021137740366864
  4.89354306056039778 8.08315225442214391
