Number of disks = 16
Depot = yes (node 17)
Tour length = 35.42274665956425395
Tour sequence = 17 16 13 10 5 3 11 15 7 8 14 2 4 12 6 1 9
Tour visit points:
  14.71969999999999956 5.51163999999999987
  15.00668119769281539 6.00266627833047206
  15.09499219719152663 6.15393329691194957
  11.96711564116292692 5.21883114129836745
  11.12532423458550213 5.54363237617757143
  7.88278899833504898 7.69250894512711181
  6.10085432319634613 7.60436255274247674
  2.18987783528814317 7.19726383609444831
  0.33278458493164181 7.00395654195029671
  1.42573145242701105 6.06160893489272468
  2.94271169563036805 3.96318296069916309
  7.63115594199643876 3.80782281155818980
  8.27485024304666617 3.78641823775389685
  8.91855741898345400 3.76497330123993645
  9.56227032807920274 3.74352456059593841
  10.64796119523974838 1.39160603798939841
  13.89817139951981062 4.68036719566777037
