Number of disks = 14
Depot = yes (node 15)
Tour length = 40.44498870889965758
Tour sequence = 15 5 1 3 13 14 4 10 6 2 7 11 9 8 12
Tour visit points:
  0.02002010000000000 5.63584999999999958
  2.86955869885901915 8.35390346381436366
  3.08322283409819153 8.33722379503555011
  5.53265221458325485 8.72021473932393043
  8.56436909589536022 5.95507627780688953
  9.75324333427482237 6.28815287721956562
  13.09814740077623796 7.22526568178627482
  15.59095533512175891 4.56496953992469390
  11.37876131337636920 4.88558171911866790
  9.46782011486555497 4.57310387924967898
  4.76820810458559752 0.38079888064058059
  2.07910670738414538 0.22641991453086191
  2.11188246143132430 1.60987289671344058
  1.28260872499632139 3.47086195726931868
  0.34138570725196787 3.93038194477863678
