Number of disks = 14
Depot = yes (node 15)
Tour length = 39.18040936156459253
Tour sequence = 15 10 6 3 11 1 9 5 8 4 7 12 14 2 13
Tour visit points:
  11.95739999999999981 4.96902000000000044
  13.74513704979091067 5.73329565737469871
  15.04235115574907411 6.28786781346438861
  15.04235117235074171 6.28786782687341894
  11.48704421542134746 8.29681399872781000
  6.08220494690640656 8.10362954885046349
  2.23379106887930323 8.25583734840280670
  1.88812682438911272 7.55534656975783747
  1.14447708241223167 6.38570061851481618
  2.59115911692477141 3.83015788836460036
  0.64049484954754354 3.14220581626837081
  0.43503341423303782 1.41447186673483971
  3.43978209730516671 0.90607372216304294
  8.70470730442889540 3.77789500953097201
  11.29279936265118955 5.92373187986688521
