Number of disks = 12
Depot = yes (node 13)
Tour length = 35.21237783481554828
Tour sequence = 13 10 5 12 6 8 2 3 7 1 9 11 4
Tour visit points:
  1.08548000000000000 6.75741000000000014
  1.01409366757613939 8.15112459996621297
  0.94271957193229106 9.54484825823190519
  4.94920169781092945 8.09400274553272325
  7.40230135648779264 9.45069107900571836
  10.67016825050106910 6.79011689121310358
  10.85435122703141708 6.15204927954746328
  10.70534304129362901 5.54456921117781931
  11.43333941250312513 5.17801214043160396
  11.44639086554948371 2.18507629246671531
  6.00980923966063862 3.64258713680092328
  2.78409606179760782 0.84790269493774717
  1.53107882929698835 5.20716589476587899
