Number of disks = 20
Depot = yes (node 21)
Tour length = 45.15569025160654348
Tour sequence = 21 3 15 7 12 6 9 13 20 19 2 10 16 8 5 14 4 18 17 1 11
Tour visit points:
  6.26728000000000041 9.87457000000000029
  9.98767659103677374 7.33018527055774971
  10.98221486659733515 8.88010060088276454
  11.49999622616138950 8.76447159525048036
  12.08744216061324472 7.55443915170602853
  14.12703614741415237 6.94941259655159271
  14.24016552055355689 3.20150216385179043
  11.86083951516030943 1.64137077645318863
  11.09236146081499541 1.13747735049299403
  10.29598891672111982 4.21318250419337392
  9.03185885565888391 4.61325059727914155
  6.30718545612962522 5.47554706916434508
  6.12818161800016714 5.11678670057383744
  6.10863775486182181 4.13841634503599121
  4.26241825984528866 3.84688729753090586
  3.12160271604876716 2.96238064045816785
  1.02146980381312891 2.95927249280643423
  3.00497341354897696 5.23338144963007945
  1.93461390908835251 8.90573974333760177
  2.89073547102238582 8.71844338389390217
  5.55251262002782386 7.56410894667599099
