Number of disks = 18
Depot = yes (node 19)
Tour length = 45.34196516080167072
Tour sequence = 19 10 16 2 12 11 14 4 15 6 13 3 9 17 7 18 8 1 5
Tour visit points:
  7.85423999999999989 6.32038000000000011
  6.36171380045896218 5.06520096994569879
  5.32106650009872606 6.84744909313006911
  4.01026287195984477 8.86280180004021823
  0.23852891354577688 7.57651196558588058
  0.67474932773825036 6.33325769630883872
  2.62442936530175963 0.77655298505732595
  8.59973487436046469 0.55833347787991272
  10.53827842498130885 0.48753743080261719
  11.15645138279492876 0.46496161527090629
  12.26775939921620839 2.01288416736563391
  12.45758010074857403 2.12509914790496213
  12.50104105541693400 3.06268689298705032
  12.52698092099957350 4.30563621301998545
  11.93774402114469169 5.43527506650549785
  15.48004813366370946 6.45923764309263504
  14.52234574321466987 8.52860409169853462
  11.91768814315232561 7.80779926408626590
  8.49268606813009086 7.69517666403433420
