Number of disks = 20
Depot = yes (node 21)
Tour length = 43.38172253233597075
Tour sequence = 21 1 3 8 4 14 9 2 16 10 20 12 6 7 11 5 18 19 13 17 15
Tour visit points:
  1.27299000000000007 0.75777499999999987
  0.66826978928517433 3.43867726692217657
  2.05734499667968507 4.05654969639066199
  1.69299347222251462 5.43601546063490382
  1.32864185240076127 6.81548162419831627
  1.04661143015768032 8.13462201907653437
  0.92709992754103621 9.53417559930635150
  4.85786198252895751 7.21609227869937886
  5.15365210576128607 7.67635595356728118
  7.42173444989041720 9.44971574271850301
  9.50322111590597984 7.74561363655446833
  10.66999100490964381 6.79038530974285948
  10.85435119610654375 6.15205080715628672
  10.70528088237262310 5.54470396364590457
  11.43217152951356042 5.17991751408224399
  11.38671274408079803 2.11909833145831428
  7.86309720417326119 0.31679951350276986
  6.94265404748274584 4.84740750779841889
  5.83074190442714357 4.10385161238234808
  3.57771702940618797 3.04374514347204217
  2.57271044510470093 0.81518147464168922
