Number of disks = 14
Depot = yes (node 15)
Tour length = 44.27728596210362610
Tour sequence = 15 14 8 10 6 13 3 9 5 11 7 2 12 1 4
Tour visit points:
  11.90080000000000027 6.15223000000000031
  15.00975880295887066 8.15759727329729856
  14.51433433545318863 2.33917222616305009
  14.75416363570517397 0.99956740310156733
  8.33622815521733962 4.02496574408011298
  6.44224509939261125 4.08632186114652196
  3.91963028076785536 2.52172891516842057
  2.22006596579267290 1.46760968870642605
  1.10380790359871273 0.87321901060298091
  0.91867165620247659 0.77478951297520915
  1.67706830107545035 2.77805757807876397
  3.82499774753681443 8.45171186597783475
  5.39092374755368731 8.89715229669229402
  5.77028681383707109 8.81643067631470068
  8.61197600418550380 9.60733060529394756
