Number of disks = 12
Depot = yes (node 13)
Tour length = 34.93086412752519010
Tour sequence = 13 1 10 6 12 4 3 5 8 2 7 11 9
Tour visit points:
  13.67670000000000030 8.28791000000000011
  10.24167859902068045 7.25743709733277775
  9.92088906123113290 7.16116610249951346
  9.82470623229072437 7.18573978487833198
  9.00932725115822031 8.53753674929543394
  8.80161872657758693 8.81418211500620075
  3.15975696001686002 7.24565845410524290
  4.07069840808663930 2.05772932868634939
  7.81219910382645200 1.03334685234829049
  9.12770749756233890 3.51306932122751192
  9.51156813691537906 3.31905904585845457
  12.72658536716166999 1.69412980276752823
  12.09490743519289246 6.06177555168468363
