Number of disks = 14
Depot = yes (node 15)
Tour length = 41.44584034992395516
Tour sequence = 15 11 10 14 2 9 6 7 13 1 4 5 12 8 3
Tour visit points:
  3.72033000000000014 6.38234000000000012
  8.46986090022569194 5.93033530515294860
  10.52497144715075450 8.51251364864737425
  13.57996741397229989 4.95536428909388871
  15.31563453728380964 2.93440700990969550
  11.43816405482690080 3.37167657198378645
  10.07026225254432816 3.52596816328865170
  6.61149790332655218 3.91609726022964244
  4.29138659531941613 4.05544862980226739
  3.48929172524225883 2.16945507329785681
  2.42956352549455801 0.71967982768550876
  0.39620458405419290 3.51534367722273311
  0.79856813249684544 4.48860679365467785
  1.20093201982814213 5.46187833827356872
  0.54033206901389719 7.51278631032786404
