Number of disks = 20
Depot = yes (node 21)
Tour length = 48.81582938935876115
Tour sequence = 21 9 13 17 4 11 1 2 12 18 6 19 8 20 7 15 16 10 14 3 5
Tour visit points:
  6.31904000000000021 4.81887000000000043
  4.89407036839744425 4.58580899976960410
  4.70090444842481059 3.81253653401185932
  4.10447472929177515 2.22290760228684814
  2.49139377395240080 0.82480882193010263
  1.83626095554363244 1.55005927702169699
  0.60053980262740325 6.45245278113692144
  0.24859718525302058 7.60027971760950027
  2.30002838894539652 8.93025187622072636
  3.67946873663306340 8.21173824303961908
  5.57261798436353128 7.22564736464719992
  13.90196466418289489 8.64589402827752451
  15.47117794054156015 6.43703908418638804
  13.68327570509255331 5.90647858626266231
  13.01776612847704051 4.32642609882479690
  13.20801655241955430 2.57272700484115546
  14.15848524570914257 2.42595925801704126
  13.80402493115931506 0.96027699992535476
  13.08932165330812580 0.70691944430433873
  12.08633039547930288 1.94765124415303359
  10.72688374382527421 0.57683599032118837
