Number of disks = 18
Depot = yes (node 19)
Tour length = 43.43437121364075182
Tour sequence = 19 3 4 11 7 14 2 17 18 9 15 16 13 1 8 5 10 6 12
Tour visit points:
  3.70665999999999984 2.04596000000000000
  2.44523622511626204 0.71916963837309322
  0.39614604981746110 3.51583177114745027
  0.79860718687705223 4.49033179907175484
  1.20106833903146071 5.46483211684419778
  1.14975752976448420 5.63830212368628381
  0.58038595322172382 7.56321790557472085
  4.69705876288727087 8.39391949649165703
  10.19854218403487600 7.68772069872280994
  10.59217871169605552 8.52302595475160452
  11.40304161506315594 8.02905488612395679
  13.67270572820888574 8.30927604634696948
  14.04905934498294329 4.94932461714135385
  15.32639482326053759 2.95279842891252287
  11.39813311095415216 3.51582461930082202
  10.41143180416785796 3.65724561374852630
  8.53337766465626046 5.45260894448457556
  6.55529615893711792 4.40278430703401025
  4.32281586459830169 4.07847750286039012
