Number of disks = 16
Depot = yes (node 17)
Tour length = 43.59413493311264176
Tour sequence = 17 16 13 6 2 7 15 1 9 10 4 8 12 14 11 5 3
Tour visit points:
  13.72700000000000031 9.36766000000000076
  12.61509763219160618 9.44090715595266872
  11.44779058453878484 6.48016097558932813
  9.60515742909763404 6.09036594776154772
  9.56140862981224338 7.97281000205358747
  9.06290226159281254 8.37145222580384463
  8.56439589337630736 8.77009444955404582
  6.27513549547512550 7.07690508322937895
  0.40562477105510308 2.73568072821139996
  5.41687496519247969 2.07560772538132898
  9.42948138255769308 1.02304064228543035
  10.82192010465272958 3.19257201177432348
  13.84844440630484996 1.40870811563312692
  14.05413951641975068 1.80854646636754524
  12.58449222054279559 3.74747035924537863
  12.91256378390784398 4.50661412523887606
  13.76587835365434564 5.89273897184723339
