Number of disks = 20
Depot = yes (node 21)
Tour length = 46.05075145548580196
Tour sequence = 21 8 15 17 10 14 7 20 18 9 19 3 12 16 11 6 5 13 2 4 1
Tour visit points:
  6.10761000000000021 3.03995000000000015
  8.70071015634642642 0.93841338671804808
  8.94159677420356935 0.74319067392073546
  11.26828131195130211 0.49047965377491515
  13.48448187555063349 0.69928296974954818
  12.72083498925722544 1.75107602224704006
  12.23819404780759612 2.41583141740397567
  12.50166293256400962 3.07380625517119643
  11.95204221285211688 5.47981869979570924
  14.53361618915701392 8.81729040004604059
  14.38185333897206064 8.80243698647242745
  12.31131854037498563 8.59979343098892990
  11.82851820107449292 7.77606893459052984
  8.49399278359449639 7.69604703725839556
  7.94612491066522697 6.44703475055423780
  7.39825180996778986 5.19802281351884776
  6.63698197604672480 7.84723711114381395
  4.09370083240004501 8.84909634280853652
  0.93125088946657397 7.55098827940225803
  0.27256873680083693 4.53954110995397375
  2.02197863009395595 2.21526050247759976
