Number of disks = 18
Depot = yes (node 19)
Tour length = 43.54761556400993072
Tour sequence = 19 1 9 17 4 12 18 6 8 11 10 16 5 3 15 13 7 2 14
Tour visit points:
  13.25820000000000043 7.65618000000000087
  13.76275252828295770 8.91825537539971158
  11.12805287358776241 8.24331858045917087
  10.44365098580178852 8.06799404475039594
  5.70085550833490551 8.47784407305456256
  0.44821923978661143 9.58523842932745040
  0.35486467124619431 8.09632366185017638
  0.26151011704648836 6.60740878604324511
  1.18729744345354282 3.86751336253769384
  1.02335684633440493 3.49341538941481122
  2.46053192873136117 1.67852240431069677
  3.91620799866336178 3.67191522049113273
  6.64083340300893621 1.55194138929807801
  6.84201689171675387 0.98622292524310928
  7.04318053446962811 0.42051729432552643
  10.15308604997472841 0.67367610489068475
  12.23505183699520593 0.84315671233977374
  14.35761118409914872 5.27878323564030971
  14.38994007842469891 6.29355147926063641
