Number of disks = 20
Depot = yes (node 21)
Tour length = 46.90324570457139686
Tour sequence = 21 6 5 17 12 11 15 1 20 8 14 16 18 19 7 3 9 2 10 4 13
Tour visit points:
  10.31230000000000047 7.06564999999999976
  6.01320908860060577 7.15729989667684396
  4.91211471892619400 9.30675713074053590
  4.82980792712301810 9.72493934424293904
  2.84846356194612094 9.51475300364553078
  1.12919943538874157 8.01901830766523283
  0.30558078256593657 7.45921586470414510
  1.46033825139484219 5.75189477005181171
  2.41089100352591768 5.95731720118317654
  3.60068909385205416 5.18331288879159047
  3.20348102556341496 4.75245429882792791
  1.99237913878862094 3.86157732072303617
  0.85349214890323721 2.60249306286490389
  2.93379137305489257 2.24547707124795792
  3.58581249788637990 1.79331664620739040
  4.42432510958980441 1.70053935893476349
  14.39453374387679041 0.81772750285906781
  14.99016829009531548 0.76500656337256767
  14.68885250314379753 4.37587533149949426
  15.46649001317214456 6.13714098664587482
  12.40618685771477558 8.45400212021143105
