Number of disks = 20
Depot = yes (node 21)
Tour length = 47.55082617269402334
Tour sequence = 21 15 6 12 3 19 20 16 1 8 14 5 4 9 7 18 13 11 2 17 10
Tour visit points:
  7.19552999999999976 8.89339999999999975
  8.12240648219693462 5.26710093596898155
  8.82755864158708548 5.20603824217320543
  10.36259461817632754 4.33667647833152969
  11.73879699858855119 9.16653583690687945
  13.08309157655437538 7.52984170515671014
  14.01030149598551411 6.40095294901573109
  13.09109913909997935 4.38668756834412576
  15.10902034006189787 2.07131035555593535
  15.70952218534008615 1.38229060860692177
  10.95575833050562942 1.43511557273841928
  10.17136687086858693 0.57835066135304625
  9.84492142543571624 0.60857917587069166
  9.41114004570677487 0.64889732175945236
  7.21312981899762651 0.85319471388207646
  6.25101043262465783 1.36628257458796276
  6.60157535935344786 2.14121770183115911
  5.30859235049694700 2.90979714914984333
  4.01341060854445697 2.27944408610758042
  0.31331084453464580 3.46119930851169011
  2.92317292346852442 6.40898995965780838
