Number of disks = 16
Depot = yes (node 17)
Tour length = 41.39256475061480955
Tour sequence = 17 16 4 11 8 13 9 15 3 6 7 14 10 5 2 1 12
Tour visit points:
  13.42280000000000051 5.56658000000000008
  14.02614886467196520 4.73457673825062653
  15.32262637529975713 2.94675761708933948
  11.39909769629052150 3.51432361319030306
  10.41157608386774847 3.65717539384179791
  8.53337644600039447 5.45260911309455309
  6.55493013153366633 4.40266428233176477
  4.31204104834222512 4.06971824959496331
  3.48968727977526383 2.17014872202530462
  2.42956085920166887 0.71967983080179243
  0.39620265758249396 3.51535987150428486
  0.79857557497554477 4.48881983875082291
  1.20094849236786039 5.46227980597979368
  0.54605465062551695 7.51852302625714675
  3.70687893875135277 6.63197787563445829
  6.01298049416022096 7.55604270920687959
  10.45023438884981459 8.52248914631756271
