Number of disks = 16
Depot = yes (node 17)
Tour length = 43.81770267492427706
Tour sequence = 17 13 11 15 1 14 8 7 16 12 10 2 6 5 9 3 4
Tour visit points:
  8.06616000000000000 9.63042000000000087
  9.76456461367017070 6.49812310638690871
  9.98541985123803855 6.28319367350601787
  10.22832056966405467 7.11573735504765637
  11.21991751995198072 9.01391396271459833
  13.48291806869771925 8.12995885850125077
  14.33439324598717057 3.14932863795764639
  14.75562496597882856 0.68531590071445903
  9.13378582127010219 3.51508592979495393
  7.31567201091793695 4.43023872499430116
  6.47186479533075865 2.24900199417906377
  3.15371942339067424 3.58168742227116566
  1.73170762481998897 4.49336764714054659
  1.78945240790335158 6.15221090525438008
  3.39838928375036842 7.76580003483072723
  3.04390375722556206 9.78965510991265120
  7.30104980690629013 9.73081030049974771
