Number of disks = 14
Depot = yes (node 15)
Tour length = 36.54861336004529448
Tour sequence = 15 8 10 7 4 12 9 11 6 2 14 13 5 1 3
Tour visit points:
  4.04358000000000040 1.44474999999999998
  6.73846521678407573 2.04112899991412267
  6.92429036472505022 2.08229054098083921
  8.44513922688806673 0.73389205041883554
  8.83107601320402757 0.39169838829824155
  9.86062534019641213 1.65679131813468317
  10.89017471023288230 2.92188483267544807
  9.49100931072969445 5.27663185207518115
  11.84888493984099966 7.02783750455525613
  12.66519170544479600 8.43989479794559116
  11.07381406446811312 9.00493342584982948
  8.13463753888474805 9.38998117894922402
  2.01602104289932083 4.38949008831073506
  0.22566397704144045 0.76035220054292363
  3.15539101058612914 1.28553366674345892
