Number of disks = 12
Depot = yes (node 13)
Tour length = 40.73529717580982634
Tour sequence = 13 8 2 11 4 3 10 9 6 12 5 1 7
Tour visit points:
  15.16649999999999920 0.58778600000000003
  14.68964724885076834 4.38092730067910274
  15.46665138781804671 6.13652137094296357
  12.35891835450217791 8.46002345953152712
  5.96760488158156743 7.17975325385583929
  4.53603748558629416 9.01762748514726376
  2.82689347340655805 9.50651945571205026
  1.53177966735390569 7.82138782709137548
  3.61272225484027310 5.13198306148863992
  3.62018278672789950 4.57049338048668652
  3.68046695882635611 1.73024708557177265
  4.54251079327467977 1.65686073988426230
  14.39004715059991923 0.81853364284684904
