Number of disks = 16
Depot = yes (node 17)
Tour length = 40.87529202553679397
Tour sequence = 17 15 1 5 3 13 14 4 10 6 2 16 7 11 9 8 12
Tour visit points:
  0.02002010000000000 5.63584999999999958
  2.47003391085098700 6.79326217865382187
  2.84503857551327544 8.05455296061906090
  2.94736769796983422 8.39871226460286380
  5.52902371631872569 8.72133623515042800
  8.56433016797761049 5.95508551837317768
  9.75322616506097795 6.28816279142945955
  13.09814696093445363 7.22526580463733037
  15.59095583274707231 4.56497057821054941
  11.37910843485563817 4.88559691658548356
  9.44611552227654805 4.56397495962872224
  7.37203897307024825 3.32865380462469629
  4.75503653021554840 0.37488908478088895
  2.07926357112612958 0.22626811124955001
  2.11188521731214252 1.60985914500814387
  1.28260860113146125 3.47086208554457665
  0.34138570319167549 3.93038195010381708
