Number of disks = 16
Depot = yes (node 17)
Tour length = 45.30778307058432830
Tour sequence = 17 11 1 10 13 2 12 6 15 9 14 8 16 5 7 4 3
Tour visit points:
  6.21210000000000040 1.81218999999999997
  8.87906084942515506 1.16704250119775943
  9.41297930404398464 1.73546133446168716
  11.93179798552485060 2.14191328452685736
  13.70607666971617178 0.84625452831663317
  15.13251983878303264 2.00101404809990058
  14.58908940855902259 8.74897278246220900
  12.30590249002382208 8.59642536256278156
  11.77922574827104008 7.73803709273675100
  7.51383340945259448 5.16072709642126881
  7.61079814245904274 6.26349360446461212
  6.66058225973284745 7.82446760809771380
  4.09315070431262829 8.84909302928456221
  0.93125435073854301 7.55099240295289231
  0.27254412051700450 4.53965374490099727
  2.02692174677059267 2.21332145057264906
  5.96845909878035386 2.83225544857950506
