Number of disks = 16
Depot = yes (node 17)
Tour length = 46.80215747606955290
Tour sequence = 17 11 16 13 6 5 2 10 14 12 7 3 4 9 8 1 15
Tour visit points:
  0.91262600000000005 6.07685000000000031
  4.03677558393232516 3.08653737921101134
  4.59317069258149235 2.55441487633729825
  6.03519324631801979 1.17532512216068175
  7.41600916102782115 2.10431446077380091
  8.49597805690551766 1.63463609598419657
  8.53667471014384027 2.89811697534686807
  9.71357461277700907 3.68450154485607451
  10.98653836177911280 0.76121621023616881
  13.29282524179108727 0.43782685580675557
  13.54838914629158708 2.13189689826767115
  14.25216773073409549 7.18591626941240236
  15.29550237360205855 9.00718243046693168
  15.76522352183646092 9.82713721496688208
  12.71846074943970883 8.38192175457949062
  12.48574408749866294 8.27153386327502638
  0.32883075642639348 9.02333968012300147
