Number of disks = 12
Depot = yes (node 13)
Tour length = 40.77731855292040564
Tour sequence = 13 2 7 6 1 9 10 4 8 12 11 5 3
Tour visit points:
  13.72700000000000031 9.36766000000000076
  9.99363448128116971 8.22215684057112028
  9.30807240746526254 8.01180681652403770
  9.30352968139530034 6.09693922449959569
  6.46769091930842599 7.02567139769413274
  0.40624385710151439 2.73323461659115496
  5.41692964810220356 2.07559700229813338
  9.42938036801520774 1.02300122522202530
  10.81870195563756631 3.19182800679377587
  13.75049312004071922 1.35422427539187806
  12.58618460669454997 3.72505495471417669
  12.91325913348485876 4.50796013575371646
  13.76588061244809325 5.89274712290950919
