Number of disks = 12
Depot = yes (node 13)
Tour length = 35.41709378551663434
Tour sequence = 13 8 11 6 4 2 10 9 3 7 12 5 1
Tour visit points:
  11.08629999999999960 3.03048999999999991
  11.47551140990976748 3.97571546400732911
  11.71975258201626424 4.56886468283094693
  12.91891479046360303 4.94785804369203586
  13.32474498912649530 5.64478809379919344
  15.22121261962282190 6.78013013760910699
  10.92737320678131319 7.30878340771494184
  4.55840152934687648 5.92249238585032867
  2.52518332651005517 8.53358429362227078
  2.30838867499823186 5.21223361269740160
  2.21191934303981874 3.73429818508517020
  3.21586805536596820 1.97566231221528654
  6.80321106475324644 0.95281266070750581
