Number of disks = 18
Depot = yes (node 19)
Tour length = 45.63451156427966282
Tour sequence = 19 11 8 7 4 18 17 3 2 10 14 6 13 16 1 9 5 15 12
Tour visit points:
  3.16269000000000000 1.55889000000000011
  1.03083140566792264 2.93559921295571602
  3.13696175587495940 8.77578243945802683
  6.11659348325966157 9.67508673335173164
  6.09564081162925753 8.38176518565195039
  5.90668304145181278 7.34760024712910642
  6.28938486748597292 5.94268713651855762
  7.16900652665750471 6.61933985141654269
  9.60417876598781461 7.21499719553303809
  9.92346371025960750 7.30770757555007311
  11.73251182233817502 8.72282712747879430
  14.99034896923780558 8.61144169955390204
  14.57166999562818965 7.06068970492091896
  14.31480641728691872 3.28817716897505719
  10.28529603426965444 4.29445471545202828
  9.37133907505435992 4.24726089086309067
  9.34447425344569815 2.20889137783414169
  6.23270149557540876 3.73254869450586391
  4.28854505985605883 3.86004744194828175
