Number of disks = 14
Depot = yes (node 15)
Tour length = 40.15433001853891426
Tour sequence = 15 6 1 9 12 10 7 11 5 4 8 14 2 13 3
Tour visit points:
  6.01386000000000021 0.92623699999999987
  7.77744990158906369 1.80426950901410188
  10.82820409096850334 0.81205027585932843
  11.66732872520902298 1.13869552613349545
  9.40530088905430439 3.57364772117198992
  9.83074623142985260 3.80767681372939570
  11.70138182861086307 4.83667625599504714
  11.97814653634375759 5.96736646792045455
  13.17130378495640208 7.16812351855079477
  9.50015148233910445 7.14364218771728954
  7.35359001549006308 9.24293878049591022
  6.69785643530535868 8.25587868173411188
  0.33467557880717425 9.03027409713746110
  2.56818843335629499 2.45589797516442365
  4.32538956804279895 2.49527638182531541
