Number of disks = 16
Depot = yes (node 17)
Tour length = 40.54804689833265030
Tour sequence = 17 15 1 9 12 7 3 6 16 10 8 11 4 5 14 2 13
Tour visit points:
  2.94832999999999990 7.37906999999999957
  1.96503941646380786 8.58827995844884384
  8.68422076119107267 8.89809615026248046
  9.15589021408484349 8.91984914561504993
  10.52570803761001805 9.57213427411080708
  9.91248975583158476 7.16085033722575393
  9.89721143745446241 7.10076897294305187
  11.84053944689346061 6.37023174227211975
  13.55794974226646765 7.20088072783378941
  14.33709024870601745 6.11401989758323339
  12.66436038449011114 1.62961429678268499
  11.65444813958789183 0.68187513851401171
  9.36856527877710121 3.26342640781829907
  7.82491541427033965 1.03843337084338772
  5.14312296902439936 1.74621463012591183
  4.09772330329425571 2.02211752226908992
  4.80199117792983454 5.61610663272037591
