Number of disks = 12
Depot = yes (node 13)
Tour length = 39.74031316645797318
Tour sequence = 13 7 1 8 2 9 10 12 6 5 11 4 3
Tour visit points:
  11.92570000000000086 7.36380999999999997
  10.72716095079204379 4.37426988291671659
  11.60010815309268750 1.48926954943240686
  10.96289871451965325 1.15113855306772717
  3.26338389769007486 2.48337937369684214
  1.35153244944986417 0.99511670226577464
  0.67240104999042793 3.44731643432354407
  2.12778743114597857 4.14463632439468199
  3.00373158549414931 5.22739671564349084
  1.89486885501500746 8.87058702909187424
  4.74597897143619374 6.78929015114837409
  5.91687871116328878 5.42456406929077239
  10.84512286880036136 8.86484935492831916
