Number of disks = 16
Depot = yes (node 17)
Tour length = 52.27658002836533768
Tour sequence = 17 6 10 15 3 9 7 1 16 13 2 12 8 5 14 11 4
Tour visit points:
  14.90620000000000012 0.80111100000000002
  11.10365776618084688 3.72697248824107774
  9.56467544320209306 2.39582625173472641
  9.18218633036440757 1.67027977516063264
  6.45795008557250583 4.09108057517422097
  6.15624873346903989 2.52426186673460728
  4.06217588568098087 0.27864647899607081
  0.98343564924855709 0.68516814926224023
  3.30778805143976573 3.84661464745777693
  0.32861884911625028 9.28030913572940008
  5.13573168042916439 9.18713893871731635
  6.95453101028356979 9.15188744830416212
  8.29905895629246260 9.32370766152965302
  8.72235297078694316 8.59976706071400798
  9.60463091752821008 8.11075427845792518
  10.99654308447378348 9.20834100239964215
  14.94112010101004273 8.21853739240666314
