Number of disks = 12
Depot = yes (node 13)
Tour length = 41.35766520079231867
Tour sequence = 13 8 6 11 3 9 1 12 10 5 4 7 2
Tour visit points:
  13.35490000000000066 0.35096300000000002
  15.48986127954965752 2.90036084401073646
  13.74082431141502170 3.33223921966723191
  13.68019679721167137 3.95532828742453635
  15.06030018390080727 8.99975301421348561
  11.76640459619262202 5.91532524740225529
  8.44674800295918971 6.80884688993202492
  7.89044208069324338 8.68453533804834876
  3.37950637286503897 7.55723310868086706
  7.69265680202148872 3.95341653955916517
  8.54346260823882808 3.44101743631125112
  7.50369632252864971 2.57739730119997157
  7.03168273866022986 1.17905039893240327
