Number of disks = 16
Depot = yes (node 17)
Tour length = 43.71120535888639580
Tour sequence = 17 10 8 5 15 13 2 16 1 12 3 9 11 4 14 7 6
Tour visit points:
  0.29688399999999998 9.78423000000000087
  4.81065191162150629 8.07158944224470609
  8.76007907939913721 9.58922250300891399
  10.42876483542616128 8.06631595663341727
  11.45075032596877840 9.74599396410679653
  15.50299157601774880 7.52671680019686562
  14.51272309533236005 6.59737019254726231
  12.56509920038832284 6.22196602014498090
  10.23002509641275104 0.74877950443354591
  9.73930660811907778 0.77536152778726863
  7.07664368285369783 0.39461634847320559
  7.17457460513219125 2.07859809371651050
  5.39625680761231852 4.57072155539020830
  3.90002950077835786 4.16880013804267602
  2.59336319633011136 4.73833585737251006
  1.99338336812434491 6.22678959234632856
  0.59612709546909504 8.35632492975953411
