Number of disks = 16
Depot = yes (node 17)
Tour length = 46.43372606101069522
Tour sequence = 17 12 7 3 14 4 9 15 5 13 16 2 1 11 10 8 6
Tour visit points:
  3.84874999999999945 5.21438999999999986
  2.21095222014507886 6.25205569620308133
  0.30559900514917820 7.45931092534517681
  1.49004628444826759 7.68268627359813738
  2.93765859906820559 7.95569442013190908
  2.93055714087907626 9.57248899344531345
  4.92434658648203794 9.68201486613147289
  10.30966898161776513 6.81683923840849459
  12.54188853770090972 8.48906723984659983
  14.03706040046956005 9.17666648132284024
  14.29637158404699626 4.54859778475639587
  14.29367621805069533 4.21622519695548625
  14.26962439119983728 1.25033190352928125
  3.25281855120697738 2.36669469179067082
  0.85072230532292881 2.61010561340214231
  1.99158166360749811 3.86085975147377924
  3.17698192619423470 4.72479603585967389
