Number of disks = 14
Depot = yes (node 15)
Tour length = 37.19028072305955845
Tour sequence = 15 11 3 9 4 14 1 6 2 5 7 12 8 10 13
Tour visit points:
  1.39897000000000005 5.65812999999999988
  0.26146077857101108 6.54142064064115303
  4.72214439690414078 8.39608476748118804
  5.91339700742419172 8.25105306050840781
  10.29606246190241592 7.71746297417366556
  10.79582974570099729 7.87343847102652550
  11.27204638261132530 8.02206410830924810
  13.78412939825236272 8.89670582157439505
  13.65521426472896138 8.32444879964204709
  13.50781107787419799 7.67011950510175122
  14.35090294882982676 5.23376844766538252
  12.25319068125174660 0.85452932790501102
  7.11012751434782864 1.31712539479867430
  6.64599912299191775 1.54504577126157372
  1.63917698022446290 4.00375506143997129
