Number of disks = 20
Depot = yes (node 21)
Tour length = 43.13415514072396206
Tour sequence = 21 16 2 15 6 8 17 18 1 5 12 9 14 10 13 19 11 3 7 4 20
Tour visit points:
  14.16600000000000037 9.39085000000000036
  9.90722722315708637 6.89845591030019367
  10.08504976108025630 6.51247046381265804
  10.10837779952244730 4.69191730205168422
  9.23735271680738812 4.43703741399052554
  9.03970506485039671 5.24112709154268330
  7.24220001503238464 7.01667697899855014
  6.26221161705530172 8.12109650685383144
  3.27679726593677723 7.59385743158147264
  2.48299216423177782 6.12364837380262017
  1.34394559968034155 4.01401645932073503
  3.88323666642267673 3.82137520023086408
  3.38739641487833154 1.66846658104050816
  5.64844570027760806 0.61227008953724338
  9.30092799054864550 0.90847939708103997
  9.63096779380909673 1.80021751145357101
  12.59424113229044195 2.17877817527119699
  14.33873962308084060 4.69393095957034756
  14.84997329773802122 5.48092449074429133
  14.89722188389846380 6.83667819497696172
  14.96087975079847254 8.66328076378561640
