Number of disks = 14
Depot = yes (node 15)
Tour length = 37.98214115285447434
Tour sequence = 15 7 13 2 4 5 3 14 12 9 10 6 1 11 8
Tour visit points:
  2.70271999999999979 6.24103999999999992
  2.34677772764741510 8.36160718018450311
  4.44898053879105237 7.65154145280318154
  5.96527420554846355 6.84538181453888761
  8.38601154524698877 6.35803859411579264
  12.70523640765979323 8.76478750386628747
  13.00390639717743646 8.25607192975807713
  14.10177029472638033 7.78126349302796694
  12.80423868656403386 1.56396384286834045
  9.19801867286044583 2.77405343906832202
  8.71992775441860424 2.50079248687813305
  6.48000601053028991 2.78355898733049578
  5.57355797796301378 2.97357835025074602
  4.91956425471135805 1.34848085454156519
  1.30655175963448977 4.31024832447825368
