Number of disks = 12
Depot = yes (node 13)
Tour length = 36.97291310983946744
Tour sequence = 13 2 7 9 6 3 11 8 10 5 1 12 4
Tour visit points:
  0.02587970000000000 0.61006499999999997
  3.38225450698813201 1.32650000834893111
  6.73863956537815678 2.04304322369976266
  6.92340430733862977 2.08252198881291006
  8.44514183355816961 0.73376241139286613
  8.83105684463674301 0.39169682870035771
  9.86061578328112631 1.65679091010174218
  10.89017476359984826 2.92188555757826451
  9.49101078618395277 5.27663920976667811
  11.84950412874772319 7.02852950127763521
  12.67105005125990935 8.42539642405998990
  8.12524564757634060 9.38750255260174526
  2.01400944347553956 4.38699420852219113
