Number of disks = 12
Depot = yes (node 13)
Tour length = 47.60447276645689385
Tour sequence = 13 8 12 6 2 7 4 10 5 3 1 11 9
Tour visit points:
  15.94870000000000054 9.99695000000000000
  9.44977387933227497 7.15806328710367712
  7.23781365406661248 9.25815121502595595
  0.36336621364757382 9.07437408376712007
  4.41589251954161099 3.16777979529637133
  4.61257953336391502 2.88110665154168144
  6.07618726945094778 1.16834299224882643
  7.76538790341325225 1.80367085894796308
  10.89686236642817896 0.80445261996933215
  13.22433407028240104 0.35987114094319339
  10.03100065181989997 3.88583472937560659
  11.73798410197504971 4.87515656355819171
  13.63983433516421684 7.18851236274962790
