Number of disks = 12
Depot = yes (node 13)
Tour length = 40.48734438368424549
Tour sequence = 13 11 5 1 3 4 12 8 9 10 6 2 7
Tour visit points:
  0.06006040000000000 7.50632999999999928
  2.20576534322019358 6.22236749056942262
  2.20655588581555318 6.21777634735116091
  1.59270545628524940 4.14006907881136588
  0.82849923161648786 2.65445324001857408
  2.98988509489105869 2.72389382893746523
  8.97097572283714406 4.42642967914644014
  10.39744606064197008 6.32716070466273539
  14.40976892531938347 4.76400603860684324
  14.49134687260012022 6.62376730248686041
  14.00140619490152183 9.20267752772203274
  5.05595222914418230 9.68855479724130575
  3.02629079050929972 8.02381908630876239
