Number of disks = 16
Depot = yes (node 17)
Tour length = 39.10595266787741053
Tour sequence = 17 13 8 12 1 7 5 4 3 9 2 15 11 10 16 14 6
Tour visit points:
  1.75005000000000011 9.07437000000000005
  0.93473867021971302 9.53917849592857969
  1.32812516332041053 6.81760405881988163
  1.75305673522928340 5.62688675718398823
  3.00563971720120460 5.12287829438197040
  2.13279166709755241 4.14848874979146398
  0.67347789606035646 3.44971720194995379
  1.42054059365897345 0.95958883082158808
  10.87188369177685132 1.11755056773296579
  11.35059402750405333 2.01524639438351105
  10.72290202013281046 4.33799027525277392
  11.40421540495055197 5.24566817866385104
  10.70261870189338360 5.55028811124988675
  10.85433781275706266 6.15276201785587951
  10.66993986017892837 6.79046290253194496
  7.42874400149647229 9.44973534975637719
  4.89221547161202430 7.22176639593117908
