Number of disks = 18
Depot = yes (node 19)
Tour length = 37.79794500978547944
Tour sequence = 19 17 1 8 14 2 16 10 12 4 13 11 3 6 18 15 9 7 5
Tour visit points:
  0.44532599999999994 3.29843999999999982
  0.81571956525167100 4.33719447107416123
  1.07056650065994252 6.21455744253435949
  2.50733495757778790 6.39700373039162073
  2.50012868714017511 6.47192550336409234
  2.32026834433903240 8.34188814466917172
  2.32026834659832160 8.34188821080947562
  5.95367450458800818 6.84921586223169765
  8.38239333855914381 6.35744657661306700
  11.66219791206708756 8.31817775659460601
  12.67299120626549147 8.77597985391159341
  12.99326379613696503 7.87261094432172115
  13.61973103731192047 6.10558171219025780
  11.43755062987530202 5.94746839896031965
  9.05153582205753793 3.24102382261070110
  6.43990535860742597 2.78699694775958973
  5.52817905194366688 2.95479790619785199
  3.40773171392748697 0.89850910553308028
  0.42716733211820823 1.42444523797428246
