Number of disks = 20
Depot = yes (node 21)
Tour length = 45.33908993546934596
Tour sequence = 21 18 2 20 16 1 11 7 12 6 10 15 5 4 19 17 13 3 9 8 14
Tour visit points:
  6.91476000000000024 9.31546999999999947
  4.78894127083460308 7.51908955937004997
  0.34535684349632534 9.57341284719019647
  3.12635574098165625 4.70639613971174953
  4.50634685696019766 5.35999195917383187
  5.95124924290378399 5.15410825133174999
  6.26326921686190996 3.03236081900850607
  6.27498388971626575 2.44233909623715917
  8.10853296836742210 1.01328089391412934
  8.90483661949452276 0.63516729832115515
  9.11784855342436451 0.87200112496116478
  9.36008564350496286 2.40617023683999198
  9.73072123079747620 4.75353060087890089
  11.31908553816145613 3.54614239518951591
  13.74682296317016039 2.53078782933170743
  13.75865674239738290 2.59372723233826896
  13.88525534297205866 3.26658529715623525
  14.07700447060524418 4.28570181246206072
  15.18025836432223308 6.13514324615051887
  14.81110310093466786 8.42862809119092304
  12.46525188307100507 9.08196834029574518
