Number of disks = 12
Depot = yes (node 13)
Tour length = 34.89377943551483696
Tour sequence = 13 6 5 3 2 4 12 9 8 7 10 1 11
Tour visit points:
  11.60919999999999952 6.28925000000000001
  13.33585849473237950 8.85442265149750973
  12.63791615360901943 9.31509358550380462
  12.43698206164106779 9.40604951483624774
  8.34203293596570816 9.12462536511801581
  3.21602610525012178 8.77234269777027009
  1.55374654901174658 8.06674357611785098
  3.88353470205373030 7.10656956949186114
  9.71243254021379521 2.45656826160669972
  10.15116032994030704 2.08716115963857485
  12.61802273029548083 1.95920473682072038
  14.07802342527901374 1.93880713695206164
  11.65618715216569612 4.89744415599293159
