Number of disks = 20
Depot = yes (node 21)
Tour length = 47.47230130240509283
Tour sequence = 21 8 1 19 14 17 20 15 5 4 12 13 7 16 6 10 3 11 18 2 9
Tour visit points:
  0.65431700000000004 1.73527999999999993
  2.50843222644722763 3.55333001245262414
  2.79047117099569597 3.75940011922040407
  3.41274402229875440 4.23402406648102492
  1.81063454072947638 7.01922340634221520
  0.76466359945073936 7.73536752035694608
  2.51124831088528166 8.94040724986333402
  6.02934635461386748 6.74671597700856829
  8.19405553856549851 7.49200819452988398
  8.84011062428488970 8.88706842949959253
  10.35618686999201010 8.37453418704109787
  11.75688883843636212 8.43106755511201378
  13.81617979087444326 8.64408038943296297
  14.82202382882435820 9.07323931166986775
  15.82786786677427315 9.50239823390677429
  15.34814245352564832 7.51138071921223638
  14.52797834304855584 6.10530150144463057
  11.33368808312488696 0.52115068297078149
  7.33255885388079864 0.27515984676752636
  7.03026403488952756 1.65685384955234394
  4.30068002046813458 1.69042858996394418
