Number of disks = 12
Depot = yes (node 13)
Tour length = 38.68660106277329902
Tour sequence = 13 12 7 10 4 2 3 6 5 8 1 11 9
Tour visit points:
  3.39951999999999988 3.21909000000000001
  0.70491523806123879 4.69523545387929975
  0.61770275141120989 5.55136234802660322
  0.57948262173958165 5.92736719409860324
  6.34739467748173514 3.73808960292096470
  7.23525840353809180 4.92524682949587156
  9.47430238221334164 7.70259595315922585
  10.10536208183277829 9.76077942203618854
  13.29686654494096842 9.25552640713317309
  13.59508193013081900 3.98311366874469863
  7.69289260897325988 0.33381258358933807
  6.37841383560620034 0.40578895227429496
  4.74692136895755645 2.64649022729808792
