Number of disks = 20
Depot = yes (node 21)
Tour length = 52.07137918079246930
Tour sequence = 21 11 18 5 3 14 12 15 1 4 9 7 6 17 16 19 2 20 10 8 13
Tour visit points:
  11.55059999999999931 4.75295000000000023
  12.01032536011638108 5.50280408306410518
  13.30720742061690132 6.43952150854008742
  14.99208741528020994 9.06032210556682038
  8.38967488003353346 6.85053594503277186
  7.88105355456411871 8.69017197525484875
  3.19152633226905191 7.85686916707230942
  0.58141195199285356 9.74049488197299951
  2.16550325419911038 3.83177397529817121
  6.73714525362728534 1.28281200158066699
  7.22923683255053806 2.47841579244412458
  7.66077633708135419 3.52690003365011728
  8.60458889397471083 3.29527320129672407
  8.74415692731596117 1.99975778573758900
  9.23055997466334333 0.74532729238358453
  10.55255639628884801 1.73040912517823831
  13.29129326333899108 0.59273599901216700
  13.66223556581839560 1.06815803373014617
  15.48638331357756925 2.91194893241840846
  13.67552495563071879 3.38592052482451145
  13.28040070067801359 3.77708638975578115
