Number of disks = 12
Depot = yes (node 13)
Tour length = 40.94797417539690088
Tour sequence = 13 10 6 3 12 9 2 4 8 1 7 5 11
Tour visit points:
  5.38248999999999977 9.14700999999999986
  6.95175468996747181 9.15172227242350544
  8.29904509570540405 9.32371448266752978
  8.72234947468112587 8.59977047728587429
  9.60468860938978253 8.11075894365503380
  10.99857101669317494 9.20878403219512265
  14.89894403574376902 8.30067105455033705
  10.92486611111688433 4.15864405806896187
  9.33442058921416518 2.79895535187874778
  6.48998822549172427 4.10449644625390331
  6.15570982510083820 2.52319559933694038
  4.18600311095089950 0.29021315758209520
  0.32187957311331372 9.26977950052986976
