Number of disks = 18
Depot = yes (node 19)
Tour length = 35.89782309845404740
Tour sequence = 19 16 1 4 6 14 8 3 11 2 18 15 12 7 5 13 17 9 10
Tour visit points:
  1.67680999999999991 5.05051000000000005
  2.80541249970697981 3.99168931449708442
  3.71350946765938739 3.13974076615170983
  7.79986378468590225 3.55470896722023877
  8.26334801288917120 3.60175701415331373
  8.91971480404526318 3.66837509076881219
  9.57608195154397634 3.73499296294538885
  10.64462478387532762 1.39216759021813608
  13.70311701490887479 4.68991832499920314
  14.46975724517997008 5.51698970213881079
  14.98246303388268608 6.07031302272659090
  15.07981870230391408 6.17547237538508753
  11.96620902477483739 5.21886475396236804
  11.12535992203749124 5.54361394029361332
  7.88278915508343303 7.69250890209697147
  6.10083959947449994 7.60436142354495548
  2.19170342083099090 7.19792184835373661
  0.33300717974628219 7.00467002081108170
  1.39844619015139182 6.09730687058673304
