Number of disks = 12
Depot = yes (node 13)
Tour length = 35.26395534204495874
Tour sequence = 13 1 3 9 4 8 12 11 5 6 2 10 7
Tour visit points:
  11.91099999999999959 1.08279999999999998
  9.56099476052960462 3.60348309181788551
  9.34258439039414945 3.44425817733614181
  7.78036470466085106 0.86863489113532755
  2.62404539795389535 2.40215640045301404
  2.55912788666457525 6.36912190615293294
  2.51519913057365274 9.05351122178899281
  2.51463669291679626 9.29944025179351463
  6.74082067677345176 8.27109459818700365
  8.26079115502701100 9.65023298215750991
  11.52315050091345228 6.00994215455348701
  11.44566691848786988 5.06277894953654961
  11.77685491822163399 3.42362193313251462
