Number of disks = 14
Depot = yes (node 15)
Tour length = 41.75053796084365842
Tour sequence = 15 2 13 1 8 7 4 12 14 9 5 6 11 10 3
Tour visit points:
  2.65974999999999984 6.63044999999999973
  1.15886866055313908 6.03366954002431743
  4.34419055916085117 3.20799557946518199
  7.09495765967185310 3.30064991552158826
  7.58542436340477977 2.51323120005501766
  8.52938028626646272 1.65238650430396095
  8.53678097063328067 2.89830849897079235
  9.76354549893279433 3.67521735758321855
  13.35547798668590147 0.47187362549894685
  13.59168885600068322 2.24036595206048839
  14.25238214243223744 7.18654642867195559
  15.29537746386481523 9.00718191087851672
  15.76510584336154785 9.82726445067945598
  12.71977197521998448 8.38814931730500746
  12.45841904762169428 8.26464490176846667
