Number of disks = 16
Depot = yes (node 17)
Tour length = 38.60827434246540690
Tour sequence = 17 13 16 15 10 8 12 7 5 2 6 1 14 4 9 3 11
Tour visit points:
  1.39897000000000005 5.65812999999999988
  1.19505421632234432 3.91933523472461642
  1.02243733744451215 3.49987388901001539
  2.57622094293519366 1.65267027872765637
  6.78737635696240904 1.45473425585383831
  7.10401110539762115 1.31875532003346096
  12.25321268430310262 0.85454184249390452
  14.35090274716718461 5.23376489965810165
  13.50781542920751299 7.67004136723236574
  13.65525417642253636 8.32441080868373540
  13.78413752042756180 8.89669857255909058
  11.27204647529085868 8.02206413889748049
  10.79582960183352291 7.87343857492831845
  10.29606060621966890 7.71746280544119667
  5.91339740470155473 8.25104823450191738
  4.72213466414732430 8.39608343103105703
  0.26146080649055059 6.54142084914916833
