Number of disks = 18
Depot = yes (node 19)
Tour length = 38.73546586307406159
Tour sequence = 19 3 15 1 10 8 6 18 9 16 13 17 11 5 12 2 4 14 7
Tour visit points:
  2.21491000000000016 6.34266000000000041
  5.06001290546255511 7.79746148659649307
  7.97967681799077599 9.29038731597395007
  8.85499288189870093 9.58965404190238502
  10.08313207086650820 9.66549954261417987
  11.33483568264133368 9.74280250590651242
  15.50450261785538686 7.59991180566656421
  12.89527728925214767 7.23343032914691086
  12.35862428485550701 6.66157540926684533
  10.69315128967924622 7.40274972518807139
  8.99483334478643393 7.01078576541578613
  9.98886339302032233 4.70708418718338706
  10.76131272801785421 2.91690414661995190
  9.73555579574447272 1.27501526458087255
  8.96846001618916056 2.67744317618527283
  7.48932965897785685 2.38651595907881697
  5.33820415786072822 4.60059433355568803
  3.92956079713564099 5.21714094754540447
  2.54055540034911109 4.77972297696984416
