Number of disks = 16
Depot = yes (node 17)
Tour length = 39.59550413603250263
Tour sequence = 17 3 1 6 15 9 16 8 5 12 7 2 4 14 13 10 11
Tour visit points:
  8.79274999999999984 3.45988000000000007
  7.42459251372683582 2.93422778467111689
  7.32766665335144651 3.63092467037981237
  3.02346640750564610 7.38982920896183160
  1.90611272830540690 7.63327669113586005
  0.64634622211631720 9.80592979389959751
  4.98602077221552076 9.16375693479002962
  7.92010409147478267 8.67010537702666539
  11.88886298204699621 5.91500504299153818
  13.33555567854324941 6.06998732591497792
  13.61784349322687504 4.14277331997593823
  13.73572907995272629 3.33795376342293260
  15.48207377411497454 2.93039781887524642
  13.41027526041087725 1.47485956691470155
  10.58831863595827905 1.73752188603947744
  9.23132511477770734 0.74510574190303769
  8.74759591861842623 1.98319953516875391
