Number of disks = 20
Depot = yes (node 21)
Tour length = 46.38601742925057181
Tour sequence = 21 1 3 16 14 20 5 6 10 7 18 4 8 13 17 11 15 9 2 19 12
Tour visit points:
  9.17361999999999966 3.02286000000000010
  8.98531361189597710 2.38064206208599360
  12.71403385952702259 1.47539187591197374
  14.73623604131384113 0.98444744686130981
  14.51440705324935188 2.33747019077584994
  15.00428602901805597 8.16098517506335952
  14.18248700650050687 7.69006193780136371
  11.93175846175251564 6.40030574175222711
  8.61692313435130508 9.60601952320683239
  5.77548580681881241 8.81653725657277754
  5.43749147097395635 8.90313536378151049
  4.50632078237345368 8.12760289309131956
  3.75950802485473279 8.40831360491579538
  1.66676600752049753 2.78639602635900729
  0.91812854302613400 0.77526643881073609
  1.10363268577307361 0.87393606260053047
  2.22654908860666145 1.47121511742589828
  3.65634793524359791 2.24593032264099213
  4.92716624704299555 1.35030198060469853
  6.49919392647976224 4.10937029443086566
  8.28690463528241139 4.04248672386258523
