Number of disks = 16
Depot = yes (node 17)
Tour length = 41.84576908988213262
Tour sequence = 17 3 15 7 12 6 9 13 2 10 16 8 5 14 4 1 11
Tour visit points:
  6.26728000000000041 9.87457000000000029
  9.98767659118809270 7.33018527058845937
  10.98221486632981403 8.88010060077270680
  11.49999622928750220 8.76447159277750742
  12.08744225248887005 7.55443907375274026
  14.12703851690840828 6.94940952010708557
  14.24028161332500630 3.20172481702985889
  11.85144415911734583 1.64232444512623332
  9.05304354919972454 4.21225262647491672
  6.29540009767210229 5.47090253354462686
  6.12876244158298089 5.11919738128676638
  6.10867801255928367 4.13846250536041182
  4.26247482129651800 3.84691175909811323
  3.12365099392765799 2.96307346851614906
  0.99966158654416903 2.99771493736563155
  3.06110246419034393 8.72641852762742865
  5.55541241011320164 7.56541933984053738
