Number of disks = 20
Depot = yes (node 21)
Tour length = 48.58180188117692921
Tour sequence = 21 14 20 16 3 8 18 10 19 6 1 15 2 9 12 7 11 17 13 4 5
Tour visit points:
  15.29439999999999955 9.25717999999999996
  13.50424421044004930 7.49297645085445829
  11.99584345681308939 6.00644327950577139
  12.13882032095120067 4.75786541315055889
  13.54921039443695818 2.05485703621531757
  13.30587586381959397 0.44692971610758564
  11.88586794745140196 0.83406644791123485
  10.96725608211349012 0.77448939123733052
  9.76137795537129627 3.67540472569302379
  9.76137794595581276 3.67540471003751668
  8.54935941024802304 1.66013264578349506
  7.95252997184055399 1.89529356637717639
  7.42081185033848634 2.10479952238868773
  6.04820430096158290 1.17386670135155491
  4.61317900271812054 2.88032176403762907
  4.41602204116131958 3.16767577063015704
  0.36336650604279602 9.07437465744673943
  7.23783571743836607 9.25814275075270565
  9.45082830530254547 7.15787582096314612
  12.60075713583955270 8.50110687781020857
  15.75068596637655816 9.84433793465726836
