Number of disks = 18
Depot = yes (node 19)
Tour length = 41.23415496579526973
Tour sequence = 19 7 16 18 3 11 8 1 14 2 4 10 15 5 9 17 13 12 6
Tour visit points:
  7.32737000000000016 9.49155999999999977
  8.24724379623783932 9.65130273873879752
  15.21583967339024568 6.83632366378884981
  13.08539408751463284 6.06280595640679998
  11.90470084333323619 5.88572227394786296
  11.44366452467601647 5.01325899424121157
  11.77655176602573128 3.42606656877314553
  11.84002263551644241 1.32251277339968398
  10.91204400930446994 2.85122804166327137
  9.59162526333377130 3.60244400694536226
  9.33728176378096109 3.43866184179755585
  7.75921543339948894 0.85933000243415414
  6.87814439324403626 0.94802563074042956
  2.62697227370518505 2.39821899438627950
  2.56029732917356334 6.36829798418844462
  2.52393909023513219 8.53320537965641712
  2.51519665403489245 9.05376317719854384
  2.51424633000593856 9.29913338965783254
  6.69871042253679416 8.25627010654124760
