Number of disks = 18
Depot = yes (node 19)
Tour length = 47.27095568070260612
Tour sequence = 19 13 10 12 9 4 5 8 14 16 6 1 15 18 7 2 3 17 11
Tour visit points:
  11.70490000000000030 9.15647000000000055
  6.78411655762822008 8.26249455311841174
  0.90882299392496202 7.52754414072952205
  0.27223317848671497 4.54105563394998235
  2.06500588890438763 2.19397683034924240
  3.29210870884126638 1.95475389569796043
  6.06059309333980778 2.01105089920912050
  6.33690510344659419 2.94033195175865059
  7.36890356354741360 4.69890108341393198
  8.98191138523916344 1.17547299812358630
  9.46943231870710989 1.77648014160475820
  10.73831489848849152 2.73604496838768085
  11.86067589567608849 2.17112890336446185
  13.70855614695736158 0.84630396555693022
  15.11278940099737333 1.91815524817044869
  13.19031345063173788 3.80907250640752393
  15.71171433416821905 7.69592281843098558
  14.64346189811388044 8.71324335626569813
  12.21795527406598048 9.05694575699408766
