Number of disks = 18
Depot = yes (node 19)
Tour length = 41.32248848684658782
Tour sequence = 19 17 15 1 5 3 13 14 18 4 10 6 2 16 7 11 9 8 12
Tour visit points:
  0.02002010000000000 5.63584999999999958
  1.14558213140822884 6.16757728828369167
  2.47003390687906066 6.79326217402555343
  2.84503857250829961 8.05455298328475244
  2.94736961557436361 8.39871388983367950
  5.52890657238388439 8.72137345080272297
  8.55625164877331557 5.95686184944830188
  9.53054301609104471 6.30178867447245583
  12.49356412235268721 7.77920596543978249
  12.98704574664236056 7.29086506825859981
  15.59046779935952465 4.56394635522969327
  11.37907748921950812 4.88559554211667812
  9.44611574064730242 4.56397503959455797
  7.37203897137519348 3.32865380322149029
  4.75503653020618255 0.37488908477635752
  2.07926357112625215 0.22626811124943180
  2.11188521731214474 1.60985914500813299
  1.28260860113146102 3.47086208554457709
  0.34138570319167549 3.93038195010381708
