Number of disks = 12
Depot = yes (node 13)
Tour length = 39.33787611108064652
Tour sequence = 13 12 8 9 11 7 2 6 10 4 3 1 5
Tour visit points:
  0.02002010000000000 5.63584999999999958
  0.34138571569476384 3.93038193370568756
  1.28260898256561706 3.47086169052946003
  2.11188370689518834 1.60986668141611333
  2.07910550845347508 0.22642107376281081
  4.76820824431851786 0.38079893854889202
  9.46781989759078968 4.57310377556500924
  11.37874048284742834 4.88558082250164549
  15.59062564303247811 4.56427892946514646
  13.04493347961553162 7.24698878146404191
  5.59879423970309720 8.70968882376113918
  3.08417897534731633 8.33725888651040137
  2.86960667149054816 8.35392054375743953
