Number of disks = 14
Depot = yes (node 15)
Tour length = 39.59998867721915872
Tour sequence = 15 5 8 1 14 3 10 7 6 11 9 4 13 12 2
Tour visit points:
  9.46073999999999948 9.18393999999999977
  11.46839862537851573 9.29163736364563064
  8.86508353891095169 5.69212280830689910
  8.33129358951448928 4.95406973323247346
  10.53192644108187359 3.86671678860713852
  14.80805298323908659 1.75384327418841557
  15.68982696871445803 1.31814991557680727
  10.25554260655287564 0.59509300884714489
  9.87244491496816146 0.62776037413598551
  9.42460021773016621 0.66609447279243539
  7.20145073492523657 0.85639034134361847
  4.27256069430822727 2.09587030844497146
  5.06924880912349263 3.17050462960236867
  3.00502677394206819 6.53339565380494847
  7.28099457851260468 8.65846212348864874
