Number of disks = 16
Depot = yes (node 17)
Tour length = 44.83830033552232663
Tour sequence = 17 6 14 15 5 4 2 13 7 16 9 8 11 1 12 3 10
Tour visit points:
  12.67179999999999929 1.99621999999999988
  12.83103809368572357 3.11993373640285609
  12.99027554559060071 4.24364628672166333
  15.46383088909999692 6.41138495857437363
  14.57585265415826292 8.51083197393456103
  11.67732183790807632 5.78174290503514587
  8.32879195391729787 7.65503129229459311
  5.74897326358457672 6.85128756859758070
  6.12743828518445088 4.97945886287579498
  4.78887703113060237 5.01137551866059461
  0.18006587740034460 7.49919710314201993
  0.60750382550815507 6.43121973432988803
  2.62392596084092888 0.77692286659126109
  8.59967691593796069 0.55802226755434770
  10.53784896381485403 0.48702415753920592
  11.15532350250813742 0.46440515149321621
  12.21872497007970892 1.97786261850695766
