Number of disks = 16
Depot = yes (node 17)
Tour length = 38.98361921022838317
Tour sequence = 17 4 7 5 9 1 15 3 6 2 10 13 16 8 11 12 14
Tour visit points:
  4.57728999999999964 3.36314000000000002
  3.86755275341853944 1.62227298009257748
  3.29802963459710208 1.39568366016898038
  0.21478845441401712 0.77381322901559735
  1.58333399125159757 4.62458024513319454
  2.36815432835170281 7.11373757873063628
  9.12751526626397336 5.54598859766339292
  9.77774676350426475 7.29257828089684956
  12.78491734946264025 8.30421951584111895
  13.12317264961206575 7.17624429747789350
  12.22485418386982303 6.69824705892806538
  10.92085951619778861 3.02475845723152270
  9.87467729450623644 1.70811674386546253
  8.82849513105130512 0.39147503584340015
  8.44547722677939916 0.72494388625681905
  7.16309027168954948 1.84143505878956648
  6.84399277849407994 2.11925255643452237
