Number of disks = 18
Depot = yes (node 19)
Tour length = 44.02255157585342005
Tour sequence = 19 4 11 17 10 6 12 5 13 7 16 1 3 9 8 15 2 18 14
Tour visit points:
  2.28425000000000011 6.89505000000000035
  1.59681141290563144 5.61883642903952119
  3.64645476807087654 5.06750011219712171
  3.62019061692120925 4.56234715823048642
  3.68047191575238264 1.73024180220150003
  4.54268896705745551 1.65673642678674127
  14.41501090831953213 0.81510527438788882
  14.99006439882992403 0.76490313254158682
  14.68885058071689542 4.37586387734806426
  15.46654006626127753 6.13694810493272769
  12.39458232547538508 8.45463523292142050
  11.48570297065687029 7.96885100427989457
  10.24771864029710144 7.30716448813461472
  5.98628601787076597 7.17193894703744306
  4.53791987467199665 9.01636905543374567
  2.77041622341883187 9.49490196317843527
  0.67472925125288297 8.51088513935992985
  0.27413855904156675 7.63544445241092706
  1.20506582915002136 7.58304106667718258
