Number of disks = 18
Depot = yes (node 19)
Tour length = 42.90142566694782289
Tour sequence = 19 14 13 6 4 15 11 5 9 8 3 7 1 12 16 2 17 10 18
Tour visit points:
  13.63230000000000075 3.31613999999999987
  13.63460524626318993 1.55693639397173733
  6.90450407273114841 0.38074104056322167
  6.55773562066559634 1.35818330180805158
  5.81557230930575297 3.45024367504898732
  4.40229585021224246 3.13687861049702077
  3.42181534037949397 6.13523180458947248
  0.76540412943750236 5.75487303403883033
  2.19330233460899704 8.33350264491957837
  3.18859723037707399 9.15432093306045402
  3.72904414975674747 8.36296075254872129
  5.39207734659746674 8.83146218455426535
  8.49212603114318476 9.70479245847782579
  9.14664952658946717 6.40808687800001930
  10.92876294619248512 5.86350566982033250
  13.90014806718409801 6.21887874196529200
  15.10871579914388541 5.98059345167861522
  14.15149822889832087 4.65441228609377333
  12.85474614241624103 4.16856598513693655
