Number of disks = 12
Depot = yes (node 13)
Tour length = 37.85961527360898771
Tour sequence = 13 7 11 10 3 5 4 1 2 12 8 9 6
Tour visit points:
  0.43946700000000005 9.94628999999999941
  4.96681945473056885 9.16756855115864511
  9.66864298225535990 7.71359706337389195
  13.16714796574649604 6.91378627650928568
  13.23916863773745156 6.25228969780045762
  13.30696705829932647 1.41881053849113026
  10.58362933127436634 1.73627636527070628
  9.19411951577407649 0.75293193822260474
  8.39754122778851730 1.71319128749742045
  4.22404776994380171 1.61775689006947432
  4.33402612995472403 3.30549722481875641
  2.08762644312901458 7.13596134020258965
  1.76792469154608578 7.68109488223127013
