Number of disks = 12
Depot = yes (node 13)
Tour length = 37.00501837364476643
Tour sequence = 13 3 8 2 10 12 9 7 11 6 4 1 5
Tour visit points:
  11.35040000000000049 7.78465999999999880
  10.32567758527241253 7.71839260763698842
  5.91329539891219014 8.25225193848300975
  4.72324147397511585 8.39623791129821306
  0.25006383313737046 6.49324249843460510
  1.60969239319454349 4.03744604021524278
  6.64392139342685617 1.54776002119948286
  7.11046296098549035 1.31703118749390979
  12.25318959445245959 0.85452870969404093
  14.35090221358981211 5.23375550772047937
  13.50785919283280734 7.66922942274862329
  13.65945963217996884 8.32049968485691416
  13.79200711959043701 8.88996292177672665
