Number of disks = 20
Depot = yes (node 21)
Tour length = 42.60825198239223965
Tour sequence = 21 5 15 14 3 18 10 2 20 7 16 1 17 12 13 4 8 19 11 9 6
Tour visit points:
  2.03570999999999991 0.65736899999999998
  1.53817472856314574 4.84247091349549397
  1.38647579786701480 6.11851207395053454
  0.34249383453578336 7.10827643058796976
  1.26579697199498531 8.53162965407944718
  6.08794496135889585 8.10355273657133957
  7.87709659932481898 8.17303563949962530
  9.75695356213717346 9.31115516466882021
  15.04501052270713757 6.26673149602810042
  14.55424785728434500 5.69905821808671043
  13.73665883101051755 5.15341882217127800
  12.78171173457862508 5.13127894144723662
  11.94600607345337018 5.11176481947490746
  11.11028282231936792 5.09224304875223410
  9.94502165577264563 3.89983741040017051
  10.21975318661647059 3.15828764944366913
  10.49755055622146216 1.37118638643257462
  8.70524539220370919 3.36368119277755229
  8.12327250542040247 3.57490586432787794
  7.92432011732054065 3.54516080612802265
  3.76082739867579319 2.68782744663123729
