Number of disks = 12
Depot = yes (node 13)
Tour length = 42.69763022083421333
Tour sequence = 13 9 11 7 4 10 6 12 8 3 2 5 1
Tour visit points:
  14.32370000000000054 7.89635999999999960
  14.51321687489523882 2.35391117890206569
  14.75444990809738677 0.99978638752333759
  8.38483201793706989 4.01820840153987469
  3.77354656595847660 2.26749506005035117
  2.30163974760689927 1.49719620324659597
  1.10435095431126284 0.87093564921800959
  0.91928110524707607 0.77425101033446131
  1.67644838857202294 2.77858538166313451
  3.81684887821445251 8.44454584918809381
  5.72126646918842141 8.81002519732209954
  8.61653025497562908 9.60611969034595603
  11.92716649925648476 6.40083572744198470
