Number of disks = 14
Depot = yes (node 15)
Tour length = 43.85701765980112299
Tour sequence = 15 1 9 8 2 12 10 7 4 3 14 5 11 13 6
Tour visit points:
  2.46540999999999988 1.42856999999999990
  1.02287856301036029 3.49692464562812866
  1.96713615184565049 6.30937156100407748
  0.59973102547002122 8.34713932427835736
  0.45336966461599681 9.58926272897819842
  4.80734748742115681 8.07156062196852808
  8.76432647873922122 9.58845920754932379
  10.59808926883661151 8.02996475859168513
  14.38432922633556288 6.31224608611766413
  10.25297893838476426 0.76144297494301105
  9.74260304797379639 0.77552834440915641
  7.07663928086940519 0.39462039553232447
  7.17434399697090264 2.07940256723024453
  5.42874221980558591 4.56149607872517748
  4.05262485826873320 3.73726482476065458
