Number of disks = 20
Depot = yes (node 21)
Tour length = 43.06233999291563208
Tour sequence = 21 1 13 6 4 16 2 20 8 15 14 19 5 18 3 17 9 7 10 11 12
Tour visit points:
  10.40949999999999775 5.14480999999999966
  11.50653186217737911 7.45141242311705021
  11.81373911581808223 8.93140546066086216
  13.94507278974649367 7.86144094306353214
  14.46320390931856359 7.96248987683758092
  15.75189706186810490 7.58661059354511291
  15.43352041214539483 4.76336552434182448
  15.11514371657109024 1.94012015374447744
  14.91942921521461329 0.92055310164007387
  12.87466512238606597 3.54103283240648725
  10.80657015707624780 2.75211956085713760
  9.06750541668280974 2.05837616370492738
  7.25655337633418629 1.33595577386479603
  6.23562357669684886 1.56329917787233019
  5.78992013690440022 1.37086613084360653
  3.36843774224993231 1.93574462754252519
  2.79415992380014178 2.30785209414990122
  0.87448745060712985 4.19411259971564299
  1.82668711296181963 5.66502761235305474
  2.02365176566262939 5.96922386669072136
  9.18451610197183221 6.67257100801101544
