Number of disks = 14
Depot = yes (node 15)
Tour length = 36.98957919426057117
Tour sequence = 15 4 1 12 3 5 13 14 2 9 6 11 7 10 8
Tour visit points:
  14.54630000000000045 4.55457999999999963
  14.83879284477269600 5.41974957027651527
  14.62096983437415254 6.42227545288770152
  10.23736886239785449 4.78268823561534617
  9.26464073821855116 4.41883772799654118
  9.37557103547788628 5.58469756220084079
  9.49098879279725516 6.79769333038645041
  7.08332881197386488 6.59571078655821808
  2.54875024033716580 6.15400949987106305
  1.34491715889875318 4.01222064237878673
  3.88328328638512099 3.82131186225515540
  3.38740412047041906 1.66845077793264318
  5.64727563218661821 0.61247777043755147
  9.39552510806286101 0.95279923849169013
  12.57813787241300574 2.16812753282532533
