Number of disks = 20
Depot = yes (node 21)
Tour length = 46.98225521786211090
Tour sequence = 21 11 8 9 19 14 20 10 16 13 5 15 3 4 6 7 18 1 12 2 17
Tour visit points:
  13.91789999999999949 1.16854999999999998
  12.43855907366276092 1.52719570240283686
  10.17611115208682548 2.07569484113246272
  9.80729319470942507 2.40814965011271287
  2.97319769063147765 0.88710182135006777
  4.67024588005856867 5.71497550979510827
  4.18510666829817435 6.63775296716280039
  3.85288137992459001 7.12785009741351416
  2.94977398797753843 7.49698716791433473
  1.55374056084528411 8.06760243832139246
  3.18272336726537075 8.76671444904384245
  7.50957723403438493 7.86364112919584013
  8.67050352639920163 8.79153445828711178
  12.44674346549203570 9.40448982648875109
  12.64044550943866518 9.31371680411362313
  13.33122543505236557 8.89285554263185496
  10.61162681111091821 6.90103565328817581
  11.39085719195042401 6.16748621978179745
  11.64593471538527680 4.92095719687857880
  14.18137470538089850 2.04850849179766037
  15.72097260286956377 0.30426844996542912
