Number of disks = 16
Depot = yes (node 17)
Tour length = 43.58773395512704241
Tour sequence = 17 4 13 3 7 1 11 12 2 8 16 15 9 14 10 6 5
Tour visit points:
  13.98969999999999914 0.79287099999999999
  13.04035420243191012 0.71560344088971395
  7.28385021543229794 2.08162257335146261
  4.99172407035369492 3.49370421010993804
  4.16812620154237834 2.28619062385317084
  1.60901596423286963 1.68213874934834995
  0.89262414977187898 1.81084257253166592
  2.70651247055187261 3.64834241141832516
  2.44670089432011384 8.98667027204318813
  3.85015881777523683 8.63491976755549651
  8.25272773051486830 7.53149817787393516
  8.87261403268690430 8.90394295287162230
  13.82635755408903222 8.69468316725861712
  14.07692560011668803 6.31680722016918139
  13.75169221891452409 6.00795786127012121
  14.14978967000045351 2.69024616583361054
  13.26123174167424246 2.31179870812209387
