Number of disks = 16
Depot = yes (node 17)
Tour length = 38.61169156315772000
Tour sequence = 17 1 7 15 3 12 5 6 8 2 14 9 13 16 10 4 11
Tour visit points:
  9.40653999999999968 6.91182999999999925
  13.17428442007921063 7.16131214008527817
  11.95899243657663114 5.93819449675714761
  11.44600633517930532 5.04122722006431090
  11.65963640525301592 4.61515335435660923
  11.77522342360857976 3.44106584252228886
  11.81423739331262190 1.31331463716446240
  9.56469553163294073 3.60315727193639868
  9.32609432961787022 3.42790297482909212
  7.98137746876976539 1.93930262916805396
  7.74378959018084423 0.85098704845775508
  2.62446485643552574 2.40160193483184070
  2.56191642843767564 6.36717366489825665
  2.51565839623209486 9.30024937448994571
  6.71795750932577906 8.26409922418943665
  7.48927227569514109 9.30106681606751806
  8.19065066537550912 9.66409400154974563
