Number of disks = 20
Depot = yes (node 21)
Tour length = 47.12445810460492623
Tour sequence = 21 12 2 5 18 9 19 3 17 1 4 14 7 11 16 10 8 20 6 15 13
Tour visit points:
  9.92608000000000068 6.91122000000000014
  10.02163836878423986 8.11218405751278304
  9.46559307778388614 8.65502602604573568
  10.75065768557653278 9.52425000932954191
  13.08015527561371982 9.38842198187122889
  13.76166555256595991 7.64887188291911713
  14.01443841027146320 7.00363810524872399
  14.33708712458463097 6.18003664798681118
  12.05550607813746211 3.10360584230939596
  12.63057858621761476 1.55416990445369474
  11.60320039675969461 0.67896975675065896
  6.54701739533412752 2.73748254522343393
  4.80610438626785008 1.97358068481116766
  1.44823437065325789 0.94088364401337177
  2.19492821075852795 3.19533697908405534
  2.23027773350674741 3.30206604182326080
  1.93830084238257316 8.54237699186871779
  4.66420187074272885 9.23069255933287991
  5.23024401728160448 5.85442758068363123
  7.26013780905392814 5.17589803998316711
  8.63385612598339236 4.71670858798908554
