Number of disks = 16
Depot = yes (node 17)
Tour length = 37.43245737464916090
Tour sequence = 17 1 8 14 2 16 10 12 4 13 11 3 6 15 9 7 5
Tour visit points:
  0.44532599999999994 3.29843999999999982
  1.06415024636859412 6.20841872943833728
  2.50716785488200955 6.39679416058568862
  2.49992792291669508 6.47214135452302042
  2.32026840792686384 8.34188825041627346
  2.32026840792687850 8.34188825041626814
  5.95367450634689455 6.84921586169763685
  8.38239334183309914 6.35744657717343742
  11.66219956014660930 8.31817861889775756
  12.67297039667117708 8.77598871230718736
  12.99312993016522277 7.87250527638394182
  13.61941966580289787 6.10510410668782022
  11.40495075237939382 5.93407797247546931
  6.39318455154875664 2.78282732553397993
  5.52660799822730908 2.95432782730756438
  3.40770221251610606 0.89850005228240148
  0.42716767852926429 1.42444482099847813
