Number of disks = 14
Depot = yes (node 15)
Tour length = 41.03194172428215580
Tour sequence = 15 11 5 13 8 2 6 1 4 7 12 10 9 14 3
Tour visit points:
  11.71230000000000082 4.05590999999999990
  13.33558827333576779 3.04305896882104854
  13.43518765992671682 0.58772003086390401
  15.48945276861078746 3.05437745497155522
  15.05127625437715722 9.00546094420235654
  11.13446729080288122 7.67988036993635159
  8.02224405000982266 6.62718956465690034
  4.58950560511106609 5.46608951857699754
  2.21761548534321973 3.69684529225281056
  6.73634536078388280 1.28253125027388548
  7.24275166046673302 2.47497862979099459
  7.69997981199552228 3.55162487139553340
  8.71017703352737094 3.69584971248003491
  11.70352774779743221 5.45539876130625867
  11.70791387389871652 4.75565438065312929
