Number of disks = 12
Depot = yes (node 13)
Tour length = 35.92114810499183619
Tour sequence = 13 12 6 4 7 10 5 9 8 11 1 3 2
Tour visit points:
  5.88103999999999960 6.61000000000000121
  4.43483582280227129 7.65817370683855003
  2.31907863225630884 8.34112463579191044
  2.07441108193775481 6.36231065797852757
  1.30006486355671513 4.34295839901963099
  4.99709452922549513 1.35581937713147727
  6.51787126471280143 2.29987733202434441
  8.69518894926870622 2.49453100512158432
  9.19603681707976683 2.77386705569833492
  12.78130293492758085 1.54908894707906630
  12.66390495359918766 7.88966331915413122
  12.64724702233833575 8.78873151253425000
  8.37297157698531969 6.35564725765447935
