Number of disks = 18
Depot = yes (node 19)
Tour length = 45.85481002049472465
Tour sequence = 19 10 11 5 9 13 15 12 6 4 1 17 14 7 3 8 16 2 18
Tour visit points:
  0.49659700000000001 4.55701999999999963
  0.35924759008816648 2.82872784958641743
  5.41481505421633091 2.07602089968362913
  9.42947808060057824 1.02303935462098017
  10.82192001213145538 3.19257198973944778
  13.84844440095837292 1.40870811408688401
  14.05413951340595169 1.80854650103250414
  12.58449203611193568 3.74747188448952206
  12.91249216242888131 4.50647661356062823
  13.76410072248151906 5.88595550076495666
  13.53616779834122319 9.20615745881236691
  12.59725195314960899 9.43060603994692848
  11.44742164914791971 6.47984843964623991
  9.60518209330524009 6.09034642315343611
  9.56171584488001969 7.97219167938177087
  9.05662255466047839 8.37143030502886454
  8.55152926444093531 8.77066893067595998
  6.41140181192783221 7.52214937708775455
  3.23397612203216545 8.77735506587242220
