Number of disks = 20
Depot = yes (node 21)
Tour length = 42.66226096156793091
Tour sequence = 21 14 9 19 18 2 17 15 13 8 16 1 11 10 7 4 12 6 3 5 20
Tour visit points:
  7.27658999999999878 8.62299999999999933
  5.94036479696468156 7.91527376516950465
  5.71068047022139869 6.90348507956681079
  5.41724916485391361 5.61088347645378516
  4.14632179479401852 5.89997139227292955
  3.19347023060031798 8.05117375422167214
  2.88831856591303326 8.40171506171695626
  2.58316667737759431 8.75225633099176115
  1.17822350138823384 5.21483724084155664
  1.39440629971149876 0.47923083556508639
  1.89438328190323380 0.42066790991564668
  2.14044763585681563 0.39185185286231328
  4.81773850792968172 1.57629488348262248
  6.47868606716162621 1.56678008025879323
  7.96892384306615931 0.47985466328337423
  10.54007988337121304 2.73749329311350786
  11.92753046940127426 1.59721953875519218
  13.24468222041696563 2.52578583734949902
  12.53054578653500961 7.68708149284113063
  12.34607870860022771 9.02028208333081416
  10.44993731599794451 8.87168662409547260
