Number of disks = 16
Depot = yes (node 17)
Tour length = 43.40058222217299289
Tour sequence = 17 7 12 5 15 2 13 1 8 11 6 4 3 16 10 14 9
Tour visit points:
  2.26521000000000017 9.05118000000000045
  2.23887487510872907 5.04274660397456476
  2.21066285982433808 3.73948982322581536
  3.21555883741456094 1.97590435048362001
  6.56987775544141694 1.03378909387418094
  6.86837409483392758 0.94995151992715865
  13.13789681638857765 0.47509848365598695
  11.33251449365552865 3.07383077888031142
  11.54357124626995024 3.87143613284070875
  11.73104515516192237 4.57991952297762861
  12.91960019744471388 4.94840446714000493
  13.32931420296170444 5.64953661875866064
  15.23992470139470434 6.93901639275294357
  15.05061132469508678 9.00590322209116678
  11.06159248649345628 7.76167929557702951
  8.20355955927960245 6.87022379847915321
  4.55716005216598052 5.92293825218797032
