Number of disks = 14
Depot = yes (node 15)
Tour length = 37.47755911432912512
Tour sequence = 15 5 14 10 11 2 6 9 7 4 3 13 12 1 8
Tour visit points:
  9.75420000000000087 9.56113999999999997
  14.47120479715260188 5.53902857721443542
  13.74871877636647177 5.15689454473192388
  11.11040807219041682 5.09229754674836599
  9.94502307420658660 3.89984408074593070
  10.21957313401439116 3.15898386945369669
  10.48754346293145723 1.36615606997112393
  8.06961384921694069 3.58633276408911117
  7.79192923948175675 3.55756714403664454
  3.72351759762129930 3.13611652838521815
  1.88180131003299711 5.19361332914001572
  1.41039992360387512 6.08000898136284551
  0.34261223287754322 7.10726263110599366
  1.26951164785233916 8.53347796681442183
  7.87721009213146850 8.17306967684690733
