Number of disks = 20
Depot = yes (node 21)
Tour length = 46.03030290853897100
Tour sequence = 21 1 15 12 17 10 8 20 11 5 4 18 13 9 19 7 16 3 2 14 6
Tour visit points:
  2.85360000000000014 9.95177999999999940
  7.24705965307107647 9.74075550978484905
  8.70604239303597360 8.87338704933159939
  9.75680305606373643 7.13771260929245344
  9.76826765643473927 6.80668063048421423
  9.77973225662873880 6.47564865197165584
  10.10922426947353614 6.28410246561895924
  11.75602753434765724 6.35137627141893990
  13.59475683052058947 8.05172084492367546
  14.36959439826890872 3.14388732396664805
  14.75750853999278256 0.68669566540947391
  9.54301686443212382 3.34959790039149485
  8.80323130117089647 3.72686128555367358
  7.36869728352775244 4.45838803889486712
  7.77551615252576322 1.01372398611124837
  6.48922603545668597 1.78363238535257795
  3.99888506911992669 2.11239177955798185
  1.74354321165176795 4.46725668911771656
  1.78972697030351879 6.15284610582852043
  2.80914423983999262 7.17139880756185466
  3.39600309832460256 7.75775995103894367
