Number of disks = 12
Depot = yes (node 13)
Tour length = 37.09408756626145021
Tour sequence = 13 1 2 12 3 10 8 7 11 6 9 5 4
Tour visit points:
  9.22683999999999926 1.42429999999999990
  3.48662869735435210 3.59024914198576406
  0.29887128397099494 4.27597416749135739
  1.12519503775015273 5.58248253228676106
  1.06844796082136839 6.56413775360163054
  0.63156092499067018 8.47603842681986208
  2.36570125697239764 7.13140924508598495
  8.46879626705931621 7.10593095801353236
  10.23528930177374718 7.30349312552332730
  11.07239209351562970 7.77712769176767971
  11.51007155740216881 7.56778199910561788
  12.75727536060696110 6.50143781828579392
  13.50551871919150670 0.82598738482127132
