Number of disks = 18
Depot = yes (node 19)
Tour length = 44.84185385859289141
Tour sequence = 19 7 6 3 18 4 10 14 17 15 11 8 2 9 1 13 16 12 5
Tour visit points:
  13.43110000000000070 3.97656000000000009
  13.31256252282872943 1.42371326020365108
  10.59130303007465912 1.73836560841351906
  9.31030611226855243 0.70590417533419969
  8.91210585316002302 0.38502360017107978
  8.32836053204503024 1.76008016208100937
  4.66627066852082084 3.12951114769449434
  3.87583939972752933 1.63012284326521839
  3.29752148185086424 1.39553207534799961
  0.20880847337950792 0.78046765217967895
  1.99583334530182843 7.30240641722733486
  1.79227297553920506 7.67901438673532066
  0.64427634210805906 9.80292635961212433
  4.98601208216413561 9.16375830881257158
  7.93188247680973468 8.66565089354263840
  9.64324980815146127 7.71901940177546475
  12.76677366465388097 8.31459046014038350
  13.10951120575336226 7.02732011062594797
  13.24062580804887901 6.23661912194014079
