Number of disks = 14
Depot = yes (node 15)
Tour length = 36.32919234207159320
Tour sequence = 15 5 1 13 7 12 9 11 2 8 3 10 4 14 6
Tour visit points:
  11.10430000000000028 6.15710999999999942
  11.42758612183278721 5.43142564185108334
  10.28772885056351072 5.27810950280511815
  7.15239188314521357 4.85639415833122179
  6.19903126984795350 3.83768394389485934
  7.55719290831133961 0.24491323480826918
  2.90761145102925855 0.76512474396287677
  3.15484199101238261 3.16778043054307101
  1.80304383842686855 5.55106520964744199
  1.04538968451469971 8.14205239375260703
  0.94471347887515078 9.54633977442698090
  4.94925518382026830 8.09400696723521840
  7.40205745787351610 9.45071298166464402
  9.49707864728126339 7.73795661227505782
  10.69435869726753907 6.75913642567026862
