Number of disks = 12
Depot = yes (node 13)
Tour length = 42.98331922877896716
Tour sequence = 13 1 11 4 8 7 5 3 12 10 9 2 6
Tour visit points:
  14.58489999999999931 6.14703999999999962
  11.56012790420068903 0.66804193674647261
  6.54643017144109152 2.73747534817075877
  4.80608977796264636 1.97357525345707296
  1.44824731127344908 0.94087042152330014
  2.23001323785922745 3.30001002511349739
  1.85501027570926591 8.47012552279572084
  5.15925145622309689 5.91183804562210824
  7.26540498443321781 5.18177788887003299
  8.62156913566719751 4.71173638452258992
  10.08031690295779903 8.02186060711855298
  10.74137054050284057 9.52188782041314674
  13.45182663489298847 7.25781681032023585
