Number of disks = 16
Depot = yes (node 17)
Tour length = 41.87200794532921577
Tour sequence = 17 16 11 2 4 12 13 14 1 8 5 10 6 9 15 7 3
Tour visit points:
  14.74070000000000036 6.64174000000000042
  15.06302649667058802 8.54550670605984664
  10.18787159624581129 4.76176390480549117
  9.26423269516413939 4.41914974226260515
  9.36738012220399874 5.58891180181912173
  9.47548239172446927 6.81489995210161048
  7.17829516091910147 7.06533787773219313
  6.29587434067638885 8.11195063132594285
  2.58543301022226046 6.18317849762340277
  1.34530173606542669 4.01149998050153300
  3.88330162361692910 3.82128696068700702
  3.38739834725431921 1.66846261826858155
  5.64844557907508094 0.61227011134728537
  9.30092740838225573 0.90847895577967674
  9.63095863756051074 1.80021023247952816
  12.59360603952558399 2.17839123082579000
  14.84649701538302224 5.46885058574754712
