Number of disks = 14
Depot = yes (node 15)
Tour length = 38.83726475597583061
Tour sequence = 15 12 3 10 2 14 4 9 7 8 1 6 11 5 13
Tour visit points:
  15.75099999999999945 7.55820999999999987
  12.89471252932956347 7.23313840767670868
  12.38406423611703921 6.66536188163282084
  10.94794368657889017 7.74757495697664034
  11.22979225893003274 9.79238005642560516
  10.02841169320157455 9.34442128442623954
  9.71658292828848680 9.34741575922123502
  8.07632300048356555 9.36316621187955533
  8.54856430747202545 7.23627167368611079
  4.04672651271960149 5.23931849572119646
  2.66271516211813708 4.59069311947862513
  9.00044449217963027 3.14261977670118364
  9.98214108390476618 4.20766455176278065
  11.12514594310578353 3.12025437153795071
  15.66518733548602604 2.24040850859040885
