Number of disks = 14
Depot = yes (node 15)
Tour length = 45.76103637631559451
Tour sequence = 15 10 9 7 5 11 6 2 13 3 8 14 4 12 1
Tour visit points:
  14.43650000000000055 1.06417999999999990
  3.23604393991906081 2.33763867354234378
  0.85121759347103099 2.60879916574089465
  1.98797725403430237 3.85769229423816240
  3.12616393922689939 4.62037076674043767
  2.27234097153020720 6.03371553875545352
  0.30414783728325584 7.45228073580063644
  1.48707909583628650 7.67831857827428088
  2.93747561017457892 7.95547244600695613
  2.93054823898542427 9.57247954814411273
  4.92434712361428861 9.68201474769087511
  10.30966920754415739 6.81683925583921813
  12.54193054447000755 8.48909225409347279
  14.03638632744486614 9.17707372468683502
  14.26256266048762633 4.59101561450705375
