Number of disks = 18
Depot = yes (node 19)
Tour length = 40.29430723247455148
Tour sequence = 19 4 9 1 8 12 3 14 6 17 2 15 11 13 16 10 7 5 18
Tour visit points:
  7.22581000000000007 4.66352999999999973
  8.85723532211661890 3.90804045777951448
  9.23511972266626202 3.73302406957102617
  9.58687228799830571 6.09817853897040152
  9.68136597699680301 6.73514673272704911
  9.71451935874754469 6.95951623989787471
  9.74766643488448636 7.18394807637831612
  9.29231665544128305 8.43907493991590307
  9.10869078161607781 8.94522365883170067
  10.67061487705510636 9.51569034855926432
  13.49806706056060257 8.11300924829423842
  14.36568445247430148 6.26722545553854626
  12.05023855625838358 5.96829993100290501
  12.63909463711599557 1.58069526434386187
  11.56900872592781937 0.67097265049526200
  7.95597601209201244 1.04984642185201982
  4.06832028559785552 2.06030419590972347
  3.09073733069892675 7.17359457041483850
  5.16991207832747524 5.90572051072514093
