Number of disks = 16
Depot = yes (node 17)
Tour length = 40.60079050244176813
Tour sequence = 17 9 3 11 15 14 16 7 1 10 5 12 6 8 13 2 4
Tour visit points:
  10.26149999999999984 0.34516400000000003
  10.97422263743186299 1.44403896121385800
  15.70961468616076040 1.38249073465820271
  13.09118086786369517 4.38612084803267077
  14.01339896042033750 6.38258066423231263
  13.23005456862158624 7.08309213524238235
  10.61225478611475559 4.99855509680848620
  10.37068190493694786 4.33982808423952005
  8.82177757808648266 5.20790919044860257
  8.00284852899462429 5.32286967947590828
  2.84443585598945337 6.36541646759124102
  0.30557981659445344 3.48468814502387580
  5.24093540408848391 2.92208398430025484
  6.60207852060151179 2.13963684843386748
  6.25100570432496561 1.36629646712938846
  7.22153793812890843 0.85051105068988353
  9.36472362433090844 0.49423931322736475
