Number of disks = 18
Depot = yes (node 19)
Tour length = 40.79399202239952160
Tour sequence = 19 13 16 11 12 8 9 1 18 6 4 15 14 7 2 3 5 17 10
Tour visit points:
  1.82037000000000004 4.54511999999999983
  1.79193294338362508 6.15813515656393573
  3.39842760594700222 7.76592153406488084
  3.04391404157697476 9.78966718255906621
  7.29467231595908583 9.73135334210387271
  8.30158284231552024 9.54630052950665231
  10.97287885827652509 9.05536285946290853
  11.79665543799923633 6.93532629444097637
  10.19620559083003819 5.83930156934777145
  9.49422978005440754 5.29702624429029445
  11.26252979286101308 3.12116196012666958
  14.14882192621127821 2.71242221824424767
  14.71732699420009816 0.65028409965695677
  10.07336078314017591 1.35233857891467002
  8.72940133902929638 0.98648727067757958
  7.20768713824001317 1.90097676463423637
  6.87607584260924387 2.10026059354248273
  6.48703318011285557 2.25501203053639498
  3.15942902998487485 3.57864970690881812
