Number of disks = 14
Depot = yes (node 15)
Tour length = 42.71761491709937530
Tour sequence = 15 2 5 8 6 14 4 3 11 9 1 10 12 13 7
Tour visit points:
  9.44999999999999929 5.89433999999999969
  10.89637943844753742 3.64784471390129239
  12.23142458229455620 3.49052135903925853
  14.05549653025956047 1.79639184893332970
  13.80743682832711272 1.39282190573936360
  9.81337923950113300 1.81018269529265940
  5.21692893327728147 2.29001423810225857
  0.38200718913887199 2.79473055130831849
  3.29011331915543304 8.80334779055352179
  8.50324478634661141 8.77888247807718081
  9.13687494351569995 8.40888374292430818
  12.46032391368951586 9.40297154664277635
  12.63508142265606615 9.31668193895144547
  13.33434290936713573 8.86272347081613354
  11.46876946216673154 6.49608148707065602
