Number of disks = 18
Depot = yes (node 19)
Tour length = 44.68139179051431853
Tour sequence = 19 10 15 13 12 3 6 17 1 14 8 16 11 5 9 4 18 2 7
Tour visit points:
  3.06162000000000001 1.77892000000000006
  6.69776990903308622 1.26511928859898237
  7.22933347921180314 2.47838834227205274
  7.69932599528661221 3.55112384614326793
  8.75097627300128522 3.70636520388176827
  11.54454482376723234 4.24126965269473555
  11.72155510968275216 4.83725588822810515
  11.89855481979087060 5.43323896434077014
  12.86572608848039856 4.61603900053442828
  13.30525446858860050 3.12673285718650362
  13.43402850699610696 0.58810995735043048
  15.48945099516273949 3.05437192740785646
  15.04882532916725602 9.00710644703806196
  11.06087995770477406 7.76218838700181557
  8.20377984119324211 6.87028661727570533
  4.54331076099005582 5.92742102590545539
  3.19652771654127221 7.37062783387697085
  2.63016034973069779 5.24545138718194170
  2.21757893621768165 3.69732493477060764
