Number of disks = 18
Depot = yes (node 19)
Tour length = 47.42920460759530954
Tour sequence = 19 3 9 17 16 10 18 15 11 7 6 1 5 14 8 2 12 13 4
Tour visit points:
  4.72475000000000023 4.76973999999999965
  2.48417034417130278 9.02479285935793563
  3.76071160540531979 8.69453391794171715
  8.25393061037933506 7.53207600979076553
  8.88117128738178074 8.90945851606757522
  13.96427510392206273 9.12470237685640662
  15.79077917302656786 9.54133776652584231
  14.10959278794875260 6.37777278562587302
  13.75324323065348153 6.01239165668487541
  14.14937210053942351 2.68952139992588934
  13.25713759280451498 2.30162004405335718
  13.76850234548881424 0.90936820013266628
  13.00903948416161704 0.71601724832824853
  7.15951436731681401 1.60229233911930713
  4.30664624928162976 1.83015865148265533
  1.62779499946034112 1.68194063130747717
  0.89745568643186802 1.79344854098381457
  3.05277891065299656 3.33593846223233603
  4.73635568694664588 3.88378386170418866
