Number of disks = 12
Depot = yes (node 13)
Tour length = 35.19835200073818982
Tour sequence = 13 4 12 6 3 7 5 2 11 10 9 1 8
Tour visit points:
  15.08840000000000003 5.40573999999999977
  12.59964575745035198 2.18196789735218077
  9.63104146416725904 1.80027610287941142
  9.30091714084170462 0.90847117220433826
  5.65079260588940180 0.61183619466325967
  3.31068574385528969 1.76037761699101925
  1.36065308301820953 3.81196915994287133
  3.94747995962456999 4.17858089199828964
  6.35904451258889836 8.10761753352625369
  7.18218477480295991 7.06322151732427717
  9.48238742745359708 6.80683969408967648
  9.48155940326559410 5.47466245121583661
  10.37450168047122645 4.78466475261473079
