Number of disks = 18
Depot = yes (node 19)
Tour length = 43.22808451887912895
Tour sequence = 19 9 3 17 4 14 11 16 2 12 1 7 10 13 8 18 5 6 15
Tour visit points:
  13.87880000000000003 8.40204999999999913
  14.56577274357242402 8.66028935009914136
  15.33012765960374324 7.41441125870504969
  12.49815890314304312 2.47510590684808474
  11.39331307861661280 0.54813789747133168
  8.10164556892265075 2.19003276317654283
  7.05939486875637634 0.29363610447221861
  3.63222435930706844 0.44590244096840886
  4.30060063077736832 1.72781257018321610
  3.51665584326664460 3.97837535903187378
  2.49906298102680635 3.94225418228721747
  1.78810820085799249 7.04742614793451949
  0.76466011671048684 7.73631342372472375
  2.51117529972554321 8.94040556671188291
  6.02705823369331384 6.74696494463526353
  8.97500669930405515 7.82375220412031958
  10.31833211149406537 8.11419721804737470
  11.66166864997924257 8.40464787843809802
  12.13232771831736478 8.82268282806210813
