Number of disks = 14
Depot = yes (node 15)
Tour length = 43.23838481149751090
Tour sequence = 15 9 6 1 14 10 5 4 2 11 12 13 8 7 3
Tour visit points:
  8.54762000000000022 8.42097000000000051
  9.57281728000678633 8.10610375445469167
  10.85136950013719748 9.22067396032495346
  11.33248985459547953 4.05938538358394041
  13.47446953834972483 0.78850718478419746
  9.40015241396858947 1.60447437987788533
  9.22043691299512247 2.35023601950629768
  6.47220277019938184 2.17894303040251369
  4.22353255818489082 0.28120794615038125
  3.38372752542749922 3.65008827546184866
  0.28554701178782260 4.30301620842790111
  1.06603854089804195 6.60558612163529624
  0.31300901550637455 9.25747632721467717
  6.95252778254748982 9.15177138151158864
  8.27438358040319244 9.33763995454489759
