Number of disks = 16
Depot = yes (node 17)
Tour length = 45.45878264654319167
Tour sequence = 17 13 4 2 16 11 14 1 3 6 7 10 9 12 5 15 8
Tour visit points:
  5.95378999999999969 3.88622999999999985
  4.82051903172761165 3.07836950876502158
  3.54540031957163793 3.01606553752890605
  2.69960951896409629 0.85787673982331081
  0.73814484515890433 4.62147648531443522
  0.70493473577196886 5.42895142691264176
  0.67686007222938360 6.11156246686060101
  0.95500596103445468 7.90215684210160063
  4.86214034208591528 7.61872165478339980
  7.04224804402294868 5.32855060442647854
  9.48149188528036291 7.71523772445770994
  10.10550982682729426 9.76087173962110732
  13.29686424876357442 9.25552894655492153
  13.59509005311283936 3.98312926008805812
  7.68963683371394335 0.33295949403512970
  6.43080364904018786 0.36775769604180164
  6.17617598944446033 3.43160525524373661
