Number of disks = 14
Depot = yes (node 15)
Tour length = 40.34885957986489302
Tour sequence = 15 2 5 9 13 3 10 7 14 6 12 1 8 4 11
Tour visit points:
  9.87091000000000030 2.64991999999999983
  12.36449213898633737 1.66113156375797244
  13.86055013446254769 1.06789344469500169
  15.73728048625928189 0.32370566064010065
  13.30809273750773691 5.34444885870834963
  11.51325897608734472 5.04223667990143287
  10.22566329028533261 6.70692247234683503
  7.52158130937063785 7.37474381165421899
  6.03937149464634260 7.56579856778122828
  4.90481550231088459 5.98277363839307252
  4.38998831274412815 6.54724898662563604
  3.87538871762642811 7.11157815302792695
  2.87304234013676929 7.43182526422751266
  1.47112563992146894 7.87972756285692189
  2.91934492397122103 0.93275954858382637
