Number of disks = 14
Depot = yes (node 15)
Tour length = 36.23861034757311472
Tour sequence = 15 9 11 13 4 1 7 3 8 12 14 2 10 6 5
Tour visit points:
  8.27369000000000021 9.89990000000000059
  15.21637302455108731 6.81495302868694086
  13.32732921184956965 5.64744289799784838
  12.94439530605071553 4.96576096400613309
  11.39887768054905592 4.90184684085225975
  11.79001149837187512 3.54148409098918737
  10.86176100604439476 2.92057075603696648
  7.80703271827078815 0.87724134665173059
  6.86793302962624086 0.95002896203054099
  3.24754711665159679 1.94604602219170908
  2.73736884180616569 5.06639324543226088
  2.64044176666841546 6.80320084994775609
  2.54351470212134911 8.54000845864341862
  2.51518494944378457 9.04764098169299125
  2.53817876496720762 9.32052756800613302
