Number of disks = 18
Depot = yes (node 19)
Tour length = 44.96183022967106524
Tour sequence = 19 2 15 13 4 5 9 6 17 3 7 12 16 10 14 8 1 18 11
Tour visit points:
  8.76881999999999984 2.25561999999999996
  12.68910201499860335 1.41878878088413063
  14.73396556989573725 0.98231613537607010
  14.51312180356414849 2.35479614435281714
  14.20378204597914973 7.67699800624663187
  11.93275704987080132 6.40017908139284497
  8.61693845221476806 9.60601563155972116
  5.77548611306104487 8.81653725966480728
  5.43749149630744188 8.90313536949501660
  4.50632080210423069 8.12760289642664091
  3.75950808135776260 8.40831363065513671
  1.66676688287255392 2.78639535547597728
  0.91812890944212167 0.77526611798492662
  1.10363278203513993 0.87393567116842608
  2.22654911863611815 1.47121513354742528
  3.65634972177711859 2.24593021768966583
  4.92719803124330014 1.35030906908431692
  6.50071486634819617 4.11022352658210366
  8.24234813450489412 4.06986490759453279
