Number of disks = 14
Depot = yes (node 15)
Tour length = 40.26314804508886169
Tour sequence = 15 7 14 1 8 4 6 12 2 9 10 13 5 11 3
Tour visit points:
  11.92570000000000086 7.36380999999999997
  10.72715600629852517 4.37415747683677480
  11.40128632310938528 2.14006098682817081
  11.59872214526777512 1.48587082940266257
  11.01610388133288332 1.15388161481097073
  5.80742812730497615 4.93903008955864475
  3.35724843383940996 4.95419316382275277
  2.52977722722303566 3.90984879830846488
  2.95726256288106804 2.77329921094788512
  1.33435960812227106 1.00012551309811348
  0.69477160051901254 3.55659153899602520
  1.32949482353850246 6.70303384811819125
  1.85279677826172784 8.84645971160380817
  4.94181839000961354 7.22149981431780397
  10.80628116255028637 8.87472376384497963
