Number of disks = 14
Depot = yes (node 15)
Tour length = 38.69870581475915117
Tour sequence = 15 7 13 4 14 12 9 1 2 11 10 6 3 8 5
Tour visit points:
  6.41718999999999973 3.49802999999999997
  6.41632279668198979 0.38043920629477523
  9.42105476324189439 1.01957638716581744
  13.56887932206654845 3.89978666006622054
  12.94032493980123810 4.63743468815617366
  13.76504703931994023 5.88966285485454577
  13.54210185545094092 9.19939628988307057
  13.31645364468742621 9.23613053047187194
  10.10292168693411341 9.75927511541163994
  9.61466506839852642 8.26631192319160135
  6.21544863292506378 7.40057593554976467
  0.62877526400506079 5.97772326530555453
  0.65619131096400551 5.47760604717393651
  0.69858132823704355 4.70433711084130834
  4.91513062835556003 3.09187022451683413
