Number of disks = 16
Depot = yes (node 17)
Tour length = 42.70305357312209082
Tour sequence = 17 10 1 6 8 14 15 5 9 4 7 3 13 11 2 12 16
Tour visit points:
  0.06836150000000001 4.17919999999999980
  1.15169231869078237 5.64654296986825344
  1.51758751360989641 6.45151490619233936
  2.03520395995465320 6.91686902696573114
  0.72724863267935080 8.58919541924960939
  4.57782029614579589 8.99488120547452930
  5.99339612267431399 7.16848238970697338
  8.47140714613110823 7.10605735187458443
  10.23535813907720637 7.30351540319629766
  11.07385465405431191 7.77718227396581874
  11.60628575153188535 7.53057929188414477
  13.06836408492289792 6.85339712061774442
  15.49960145537746392 6.06250319482896938
  15.00631284829053413 0.77972368891806643
  13.65610870799120669 0.89721499240586433
  4.42417917988101728 1.70055384895002426
  3.58465325395731682 1.79374742805290976
