Number of disks = 20
Depot = yes (node 21)
Tour length = 41.66312396574398491
Tour sequence = 21 17 15 1 5 3 13 14 18 4 20 10 6 2 19 16 7 11 9 8 12
Tour visit points:
  0.02002010000000000 5.63584999999999958
  1.14558213481773596 6.16757727952926249
  2.47003387432794685 6.79326213609551832
  2.84503839350356902 8.05455433349636252
  2.94736949266947557 8.39871378566688520
  5.52890651164088354 8.72137347011671693
  8.55624705602179247 5.95686277989911339
  9.53118633310283236 6.30206066729176229
  12.52951942162379595 7.77608564239807976
  13.18987272966510282 7.42767921795684760
  13.85021940605418145 7.07927864320384170
  15.59897623306428294 4.58031734831625581
  11.37902449274504235 4.88559319717029794
  9.47718666148585420 4.57781730260972886
  8.22422465907717104 3.25119735637893115
  7.31080837277941242 3.29131905321640073
  4.75444327535172917 0.37460108172294271
  2.07927133392562835 0.22626059198875009
  2.11188535370297314 1.60985846452880232
  1.28260859500303370 3.47086209189122119
  0.34138570299078519 3.93038195036728988
