Number of disks = 20
Depot = yes (node 21)
Tour length = 43.00096471741655790
Tour sequence = 21 5 18 8 3 6 10 15 16 11 2 1 9 12 4 14 20 17 13 7 19
Tour visit points:
  6.41718999999999973 3.49802999999999997
  4.86376727180191004 3.08917289479414769
  0.34383436874084050 2.84634817911674665
  0.48074052034232140 4.30752336264216762
  0.60599675568600464 5.64436117444265939
  0.61659577468317595 5.96242686602526728
  6.41423707163450629 7.02339108581614813
  9.30396632358358211 6.09725418223550886
  9.32933855494477093 8.04593772917360539
  9.58398551199437065 8.23176722747058776
  10.10179135226217895 9.75859135315643478
  13.31619040991077974 9.23636423233119608
  13.54182151292389946 9.19970486335867577
  13.75680866420265680 5.82389864797319845
  13.67455675134006121 4.07319905177724362
  12.73824397038075418 4.37657314090962934
  12.19665901413063125 3.92482536611843047
  10.93057544251301039 3.24934944868766618
  9.38285578461167447 0.99894530799317260
  6.38269504650480712 0.40340615240834055
  5.71387884386470102 2.29717503097355547
