99
2.78 1.65
29.95 2.64  11.697
2.02 2.33  11.697
9.81 8.48  11.697
13.46 4.08  11.697
7.81 6.7  11.697
10.09 10.01  11.697
29.27 17.77  11.697
29.82 9.49  11.697
5.55 11.21  11.697
4.64 13.02  11.697
34.52 6.37  11.697
5.71 19.82  11.697
26.56 1.28  11.697
16.23 17.23  11.697
20.67 6.94  11.697
17.25 9.27  11.697
36 4.59  11.697
11.09 11.96  11.697
3.66 3.39  11.697
7.78 12.82  11.697
3.86 16.16  11.697
39.18 12.17  11.697
33.32 10.49  11.697
25.97 3.49  11.697
8.11 12.95  11.697
2.41 10.69  11.697
26.58 3.6  11.697
3.94 19.44  11.697
37.86 18.62  11.697
2.64 0.36  11.697
20.5 18.33  11.697
35.38 1.25  11.697
16.46 18.17  11.697
29.93 6.24  11.697
5.47 0.25  11.697
33.73 19.02  11.697
4.6 2.67  11.697
30.6 7.81  11.697
18.28 4.56  11.697
10.21 9.62  11.697
23.47 3.88  11.697
35.35 11.12  11.697
15.29 5.81  11.697
12.03 3.85  11.697
17.87 19.02  11.697
27.4 11.01  11.697
5.55 17.53  11.697
0.47 3.63  11.697
39.35 5.4  11.697
30.62 3.29  11.697
3.87 1.99  11.697
29.01 9.2  11.697
9.31 5.12  11.697
17.66 6.92  11.697
4.01 9.8  11.697
1.49 16.29  11.697
22.14 19.77  11.697
38.05 16.19  11.697
11.79 9.69  11.697
10.17 3.33  11.697
28.34 15.12  11.697
6.34 2.94  11.697
18.19 8.14  11.697
13.93 8.59  11.697
17.68 15.78  11.697
30.23 8.71  11.697
32.48 19.06  11.697
16.32 17.42  11.697
22.23 9.9  11.697
38.68 6.97  11.697
15.41 3.54  11.697
23.74 19.44  11.697
19.62 3.89  11.697
30.07 15.24  11.697
32.2 19.45  11.697
23.56 15.68  11.697
16.04 7.06  11.697
20.28 17.36  11.697
25.81 1.21  11.697
22.21 15.78  11.697
29.44 6.32  11.697
10.82 15.61  11.697
9.97 9.42  11.697
23.34 5.23  11.697
12.64 10.9  11.697
16.99 12.94  11.697
2.35 10.59  11.697
25.92 2.48  11.697
36.42 6.99  11.697
35.99 5.14  11.697
17.66 6.78  11.697
2.4 6.19  11.697
12.72 2.46  11.697
35.03 3.01  11.697
0.8 15.33  11.697
16.77 12.38  11.697
37.66 1.54  11.697
39.46 4.59  11.697
19.94 18.52  11.697
