492
0 0
11.163 15.552 11.2356
13.576 14.79 11.2356
11.481 17.711 11.2356
11.862 17.965 11.2356
12.052 18.854 11.2356
12.37 19.934 11.2356
13.005 20.061 11.2356
11.608 20.251 11.2356
11.735 20.378 11.2356
12.243 20.505 11.2356
13.513 22.41 11.2356
17.323 21.331 11.2356
17.45 21.902 11.2356
17.64 22.918 11.2356
17.64 23.426 11.2356
17.323 23.934 11.2356
17.45 24.188 11.2356
16.497 24.315 11.2356
17.577 25.204 11.2356
22.974 17.711 11.2356
22.149 14.282 11.2356
22.276 13.393 11.2356
21.831 13.203 11.2356
26.149 11.107 11.2356
25.07 11.615 11.2356
23.482 9.52 11.2356
22.212 10.091 11.2356
22.085 10.853 11.2356
22.022 11.361 11.2356
22.149 11.742 11.2356
20.244 11.234 11.2356
20.434 13.012 11.2356
19.482 13.076 11.2356
19.418 13.901 11.2356
18.466 14.155 11.2356
17.577 13.647 11.2356
18.021 13.52 11.2356
18.339 12.631 11.2356
17.323 12.504 11.2356
20.434 15.806 11.2356
20.498 17.457 11.2356
19.99 18.029 11.2356
19.609 18.156 11.2356
20.561 18.219 11.2356
20.117 18.283 11.2356
20.434 18.537 11.2356
18.466 17.838 11.2356
18.212 18.283 11.2356
18.466 18.664 11.2356
18.148 16.505 11.2356
16.688 18.092 11.2356
18.593 21.648 11.2356
19.863 21.331 11.2356
20.117 21.775 11.2356
19.482 21.966 11.2356
18.91 22.474 11.2356
20.117 22.728 11.2356
20.371 23.045 11.2356
20.561 23.553 11.2356
18.974 24.125 11.2356
18.974 24.569 11.2356
19.164 24.696 11.2356
20.561 24.696 11.2356
21.577 21.394 11.2356
16.37 26.982 11.2356
17.069 27.046 11.2356
17.64 27.49 11.2356
17.069 27.744 11.2356
17.64 27.998 11.2356
18.72 30.665 11.2356
18.529 30.03 11.2356
18.72 29.967 11.2356
18.974 29.967 11.2356
22.149 29.713 11.2356
21.958 29.395 11.2356
22.466 28.887 11.2356
18.91 28.697 11.2356
22.022 28.443 11.2356
19.037 28.189 11.2356
18.72 28.189 11.2356
20.117 27.617 11.2356
19.037 26.982 11.2356
19.545 25.839 11.2356
20.561 25.776 11.2356
20.942 25.649 11.2356
21.958 24.76 11.2356
25.895 29.903 11.2356
26.086 29.903 11.2356
25.07 30.03 11.2356
28.943 30.475 11.2356
28.943 30.03 11.2356
29.07 29.713 11.2356
30.277 30.475 11.2356
27.927 28.125 11.2356
22.276 28.125 11.2356
25.832 27.998 11.2356
25.959 27.744 11.2356
25.07 27.744 11.2356
27.229 27.554 11.2356
26.149 27.49 11.2356
28.88 27.3 11.2356
32.118 27.3 11.2356
31.42 27.173 11.2356
27.546 26.982 11.2356
24.562 26.982 11.2356
25.705 26.22 11.2356
27.229 26.22 11.2356
33.642 26.22 11.2356
29.007 26.157 11.2356
31.356 26.03 11.2356
27.102 25.966 11.2356
27.165 25.458 11.2356
28.88 25.331 11.2356
28.499 25.141 11.2356
22.974 25.141 11.2356
26.086 24.95 11.2356
32.245 24.887 11.2356
26.911 24.76 11.2356
28.753 24.379 11.2356
25.006 24.188 11.2356
24.308 23.998 11.2356
28.753 23.998 11.2356
31.293 23.68 11.2356
25.832 23.68 11.2356
24.943 23.68 11.2356
27.8 23.617 11.2356
23.355 23.553 11.2356
26.149 23.172 11.2356
29.261 23.045 11.2356
28.054 22.918 11.2356
25.832 22.918 11.2356
28.245 22.855 11.2356
28.626 22.791 11.2356
27.991 22.601 11.2356
26.911 22.601 11.2356
27.546 22.537 11.2356
29.134 22.537 11.2356
23.482 22.41 11.2356
29.07 22.347 11.2356
31.356 22.347 11.2356
29.261 22.283 11.2356
34.341 22.029 11.2356
28.816 21.902 11.2356
26.022 21.902 11.2356
27.102 21.648 11.2356
27.927 21.458 11.2356
28.245 21.331 11.2356
24.244 21.077 11.2356
28.689 21.013 11.2356
34.341 21.013 11.2356
26.149 20.886 11.2356
30.785 20.823 11.2356
25.895 20.759 11.2356
24.879 20.632 11.2356
27.356 20.632 11.2356
34.468 20.442 11.2356
33.515 20.315 11.2356
26.276 20.188 11.2356
26.975 20.061 11.2356
24.879 19.934 11.2356
26.848 19.743 11.2356
24.625 19.68 11.2356
31.356 19.68 11.2356
33.96 19.68 11.2356
27.483 19.616 11.2356
27.229 19.616 11.2356
32.309 19.553 11.2356
29.705 19.426 11.2356
24.752 19.362 11.2356
25.133 19.235 11.2356
29.261 19.172 11.2356
24.943 19.108 11.2356
26.149 19.045 11.2356
25.197 18.918 11.2356
25.895 18.918 11.2356
34.087 18.918 11.2356
36.436 18.918 11.2356
27.864 18.854 11.2356
26.594 18.854 11.2356
24.943 18.791 11.2356
29.578 18.791 11.2356
34.595 18.791 11.2356
30.531 18.664 11.2356
27.737 18.664 11.2356
27.102 18.664 11.2356
32.372 18.537 11.2356
33.261 18.537 11.2356
27.356 18.473 11.2356
24.943 18.346 11.2356
32.69 18.346 11.2356
33.071 18.346 11.2356
33.642 18.346 11.2356
26.721 18.283 11.2356
33.515 18.219 11.2356
34.722 18.219 11.2356
28.689 18.156 11.2356
28.118 18.092 11.2356
33.515 18.029 11.2356
32.944 17.965 11.2356
25.451 17.965 11.2356
31.102 17.775 11.2356
31.61 17.775 11.2356
32.817 17.775 11.2356
33.388 17.584 11.2356
29.959 17.584 11.2356
31.991 17.203 11.2356
30.023 17.203 11.2356
26.34 17.203 11.2356
25.07 17.076 11.2356
29.642 17.076 11.2356
30.594 17.076 11.2356
30.975 17.076 11.2356
36.436 17.076 11.2356
28.054 17.013 11.2356
25.832 16.949 11.2356
30.785 16.949 11.2356
28.943 16.886 11.2356
31.483 16.822 11.2356
32.182 16.632 11.2356
31.991 16.632 11.2356
27.292 16.632 11.2356
29.515 16.505 11.2356
24.308 16.441 11.2356
25.07 16.314 11.2356
35.992 16.314 11.2356
31.356 16.251 11.2356
30.785 16.251 11.2356
30.594 16.251 11.2356
27.737 16.251 11.2356
29.134 16.187 11.2356
33.071 16.187 11.2356
31.356 16.06 11.2356
30.15 16.06 11.2356
24.244 15.997 11.2356
28.308 15.933 11.2356
32.944 15.933 11.2356
31.293 15.806 11.2356
33.769 15.679 11.2356
26.149 15.679 11.2356
29.324 15.489 11.2356
30.462 15.473 11.2356
30.722 15.473 11.2356
30.982 15.473 11.2356
31.242 15.473 11.2356
31.502 15.473 11.2356
31.762 15.473 11.2356
32.022 15.473 11.2356
32.282 15.473 11.2356
32.542 15.473 11.2356
32.802 15.473 11.2356
33.062 15.473 11.2356
33.322 15.473 11.2356
33.582 15.473 11.2356
27.229 15.362 11.2356
30.657 15.246 11.2356
31.112 15.246 11.2356
31.372 15.246 11.2356
31.632 15.246 11.2356
31.892 15.246 11.2356
32.152 15.246 11.2356
32.412 15.246 11.2356
32.672 15.246 11.2356
32.932 15.246 11.2356
33.452 15.246 11.2356
24.371 15.235 11.2356
29.642 15.108 11.2356
27.419 15.044 11.2356
24.308 15.044 11.2356
34.135 14.986 11.2356
29.975 14.921 11.2356
28.245 14.854 11.2356
30.202 14.791 11.2356
33.907 14.791 11.2356
34.135 14.726 11.2356
28.372 14.663 11.2356
26.086 14.663 11.2356
29.975 14.661 11.2356
31.047 14.661 11.2356
31.307 14.661 11.2356
31.567 14.661 11.2356
31.827 14.661 11.2356
32.087 14.661 11.2356
32.347 14.661 11.2356
32.607 14.661 11.2356
32.867 14.661 11.2356
33.127 14.661 11.2356
34.135 14.466 11.2356
30.787 14.466 11.2356
31.177 14.433 11.2356
31.437 14.433 11.2356
31.697 14.433 11.2356
31.957 14.433 11.2356
32.217 14.433 11.2356
32.477 14.433 11.2356
32.737 14.433 11.2356
29.007 14.409 11.2356
26.911 14.409 11.2356
29.975 14.401 11.2356
33.322 14.401 11.2356
24.371 14.346 11.2356
33.907 14.336 11.2356
33.095 14.271 11.2356
30.202 14.271 11.2356
25.832 14.219 11.2356
30.787 14.206 11.2356
34.135 14.206 11.2356
32.835 14.173 11.2356
31.275 14.173 11.2356
29.975 14.141 11.2356
33.322 14.141 11.2356
32.372 14.092 11.2356
31.991 14.092 11.2356
31.015 14.076 11.2356
33.907 14.076 11.2356
34.404 14.028 11.2356
29.515 14.028 11.2356
30.202 14.011 11.2356
33.095 14.011 11.2356
34.135 13.946 11.2356
30.787 13.946 11.2356
31.61 13.901 11.2356
29.975 13.881 11.2356
33.322 13.881 11.2356
29.388 13.838 11.2356
28.753 13.838 11.2356
31.015 13.816 11.2356
33.907 13.816 11.2356
31.399 13.754 11.2356
30.202 13.751 11.2356
33.095 13.751 11.2356
34.135 13.686 11.2356
30.787 13.686 11.2356
27.991 13.647 11.2356
35.992 13.647 11.2356
33.322 13.621 11.2356
29.975 13.621 11.2356
31.015 13.556 11.2356
33.907 13.556 11.2356
32.69 13.52 11.2356
29.197 13.52 11.2356
28.372 13.52 11.2356
30.202 13.491 11.2356
33.095 13.491 11.2356
28.753 13.457 11.2356
30.787 13.426 11.2356
34.135 13.426 11.2356
34.849 13.393 11.2356
29.705 13.393 11.2356
29.975 13.361 11.2356
33.322 13.361 11.2356
29.134 13.33 11.2356
31.015 13.296 11.2356
33.907 13.296 11.2356
33.095 13.231 11.2356
32.436 13.231 11.2356
30.202 13.231 11.2356
29.578 13.203 11.2356
31.547 13.203 11.2356
30.787 13.166 11.2356
34.135 13.166 11.2356
36.119 13.139 11.2356
33.322 13.101 11.2356
29.975 13.101 11.2356
31.015 13.036 11.2356
33.907 13.036 11.2356
33.095 12.971 11.2356
30.202 12.971 11.2356
28.499 12.949 11.2356
28.753 12.949 11.2356
29.007 12.949 11.2356
35.42 12.949 11.2356
34.135 12.906 11.2356
30.787 12.906 11.2356
31.737 12.885 11.2356
33.322 12.841 11.2356
29.975 12.841 11.2356
31.015 12.776 11.2356
33.907 12.776 11.2356
33.095 12.711 11.2356
30.202 12.711 11.2356
27.673 12.695 11.2356
30.787 12.646 11.2356
34.135 12.646 11.2356
26.022 12.631 11.2356
31.275 12.613 11.2356
32.835 12.613 11.2356
33.322 12.581 11.2356
29.975 12.581 11.2356
28.816 12.568 11.2356
27.927 12.568 11.2356
25.578 12.568 11.2356
31.015 12.516 11.2356
33.907 12.516 11.2356
34.785 12.504 11.2356
30.202 12.451 11.2356
29.197 12.441 11.2356
28.181 12.441 11.2356
25.197 12.441 11.2356
30.787 12.386 11.2356
34.135 12.386 11.2356
32.932 12.353 11.2356
32.672 12.353 11.2356
32.412 12.353 11.2356
32.152 12.353 11.2356
31.892 12.353 11.2356
31.632 12.353 11.2356
31.372 12.353 11.2356
29.975 12.321 11.2356
33.322 12.321 11.2356
28.816 12.25 11.2356
30.982 12.126 11.2356
31.242 12.126 11.2356
31.502 12.126 11.2356
31.762 12.126 11.2356
32.022 12.126 11.2356
32.282 12.126 11.2356
32.542 12.126 11.2356
32.802 12.126 11.2356
33.062 12.126 11.2356
34.135 12.126 11.2356
25.895 12.123 11.2356
25.705 12.123 11.2356
29.975 12.061 11.2356
30.202 11.996 11.2356
33.907 11.996 11.2356
34.595 11.996 11.2356
34.849 11.996 11.2356
26.594 11.933 11.2356
34.135 11.866 11.2356
29.388 11.804 11.2356
29.975 11.801 11.2356
30.657 11.541 11.2356
31.177 11.541 11.2356
31.437 11.541 11.2356
31.697 11.541 11.2356
31.957 11.541 11.2356
32.217 11.541 11.2356
32.477 11.541 11.2356
32.737 11.541 11.2356
32.997 11.541 11.2356
33.452 11.541 11.2356
29.261 11.425 11.2356
30.527 11.313 11.2356
30.787 11.313 11.2356
31.047 11.313 11.2356
31.307 11.313 11.2356
31.567 11.313 11.2356
31.827 11.313 11.2356
32.087 11.313 11.2356
32.347 11.313 11.2356
32.607 11.313 11.2356
32.867 11.313 11.2356
33.127 11.313 11.2356
33.387 11.313 11.2356
33.647 11.313 11.2356
27.419 11.298 11.2356
28.626 11.234 11.2356
30.658 10.98 11.2356
30.34 10.917 11.2356
28.753 10.79 11.2356
27.927 10.409 11.2356
29.007 10.282 11.2356
28.372 10.218 11.2356
29.451 10.155 11.2356
28.626 10.091 11.2356
29.388 8.313 11.2356
30.721 9.329 11.2356
30.594 9.52 11.2356
30.34 9.647 11.2356
30.658 9.71 11.2356
30.912 9.901 11.2356
32.055 9.837 11.2356
34.087 8.758 11.2356
34.595 9.202 11.2356
35.103 10.155 11.2356
33.642 10.155 11.2356
33.833 10.282 11.2356
34.976 10.282 11.2356
33.96 10.536 11.2356
32.944 10.536 11.2356
35.166 10.726 11.2356
32.182 10.98 11.2356
35.674 11.044 11.2356
35.547 11.234 11.2356
33.96 11.234 11.2356
35.484 11.425 11.2356
35.293 11.552 11.2356
34.087 11.615 11.2356
34.722 11.742 11.2356
36.944 13.012 11.2356
37.452 12.758 11.2356
37.452 10.218 11.2356
