399
2.28315 35.5085
43.5841 58.7522 29.865927
60.2539 80.1704 29.865927
86.1563 95.4019 29.865927
44.4217 55.3301 29.865927
79.6042 79.6519 29.865927
8.89064 83.8954 29.865927
23.3569 85.0798 29.865927
47.6864 20.3976 29.865927
40.6271 60.1839 29.865927
95.4573 78.5053 29.865927
59.3326 96.8644 29.865927
94.61 43.2995 29.865927
8.30742 60.1487 29.865927
86.1254 75.412 29.865927
24.7619 69.8637 29.865927
96.3227 96.5824 29.865927
12.5872 53.6987 29.865927
56.3237 2.07366 29.865927
5.5259 61.9092 29.865927
69.1414 57.6653 29.865927
23.7167 70.7298 29.865927
58.3448 60.9201 29.865927
40.4171 94.2218 29.865927
1.5771 61.4642 29.865927
2.00806 6.28968 29.865927
19.6656 61.3862 29.865927
91.3249 42.8902 29.865927
82.834 58.4111 29.865927
4.96047 4.06059 29.865927
27.1361 73.6904 29.865927
97.9153 71.697 29.865927
48.9418 95.7946 29.865927
81.7106 28.112 29.865927
33.2771 46.652 29.865927
27.8353 94.5623 29.865927
16.854 97.4806 29.865927
80.6139 53.7748 29.865927
44.5404 30.686 29.865927
30.6696 55.2626 29.865927
55.5492 35.9315 29.865927
15.6444 17.8995 29.865927
14.0141 70.4084 29.865927
96.3235 44.2629 29.865927
46.0829 25.5503 29.865927
38.5534 48.7846 29.865927
93.1464 19.8146 29.865927
27.9893 89.6021 29.865927
33.1283 92.3481 29.865927
3.35356 88.986 29.865927
51.1528 6.04103 29.865927
23.2874 32.7742 29.865927
87.0562 74.7862 29.865927
12.6307 2.70835 29.865927
2.57158 38.4711 29.865927
55.099 31.771 29.865927
42.1545 66.9856 29.865927
69.9395 64.1832 29.865927
3.06059 88.1315 29.865927
48.6626 98.7924 29.865927
54.7886 87.0165 29.865927
76.419 22.7841 29.865927
48.934 88.5471 29.865927
90.8764 48.3318 29.865927
19.5225 82.1483 29.865927
17.1854 11.1942 29.865927
59.9164 58.75 29.865927
13.2524 50.7626 29.865927
32.7208 86.88 29.865927
26.7929 78.8352 29.865927
79.2919 13.6517 29.865927
15.6993 18.7479 29.865927
18.6101 90.3489 29.865927
74.5996 81.8744 29.865927
67.267 14.1516 29.865927
79.5061 49.6701 29.865927
29.8827 79.684 29.865927
9.16001 37.8018 29.865927
91.7898 10.5225 29.865927
37.0272 27.4581 29.865927
78.9206 73.8168 29.865927
80.035 15.8589 29.865927
74.8357 53.7031 29.865927
48.6979 8.85907 29.865927
14.8737 9.51072 29.865927
23.1984 1.0131 29.865927
97.2905 22.0419 29.865927
4.056 25.9589 29.865927
19.247 29.2712 29.865927
2.40393 50.9808 29.865927
31.6686 31.1822 29.865927
49.4944 16.327 29.865927
52.5118 68.1256 29.865927
83.5669 88.2708 29.865927
77.5205 18.1054 29.865927
10.9477 2.73525 29.865927
65.3011 67.1869 29.865927
62.8285 19.7058 29.865927
0.194865 71.2335 29.865927
73.064 44.6995 29.865927
58.0371 93.3465 29.865927
37.7453 86.3505 29.865927
25.8125 25.1372 29.865927
65.9297 69.3415 29.865927
70.0979 43.9308 29.865927
80.1207 32.7664 29.865927
75.5117 58.1702 29.865927
16.8354 77.4785 29.865927
60.771 67.3196 29.865927
56.9788 35.9946 29.865927
50.5772 79.5094 29.865927
69.2786 47.5055 29.865927
61.5258 41.6034 29.865927
43.3068 85.4106 29.865927
22.6997 14.9199 29.865927
32.641 61.5676 29.865927
75.6359 99.7073 29.865927
17.5187 55.1629 29.865927
20.7262 75.308 29.865927
12.7313 98.6134 29.865927
24.5176 59.5849 29.865927
36.8488 32.2474 29.865927
61.8453 80.8454 29.865927
28.4623 90.5817 29.865927
34.7487 93.2543 29.865927
94.2046 73.3577 29.865927
92.3029 41.017 29.865927
15.3759 23.0999 29.865927
47.6331 25.3181 29.865927
23.2085 58.8069 29.865927
43.9629 81.9344 29.865927
95.9404 38.2332 29.865927
65.9332 98.9174 29.865927
47.522 42.292 29.865927
73.4709 7.6166 29.865927
84.4594 85.6238 29.865927
1.02508 82.9527 29.865927
35.9094 68.8825 29.865927
90.11 20.7153 29.865927
60.7208 77.8844 29.865927
68.2389 8.47105 29.865927
84.0931 75.7357 29.865927
44.9959 88.3516 29.865927
72.565 40.2263 29.865927
88.2698 14.9994 29.865927
42.987 22.9253 29.865927
98.0879 82.1977 29.865927
57.8122 54.5104 29.865927
54.169 81.8375 29.865927
50.9211 16.4053 29.865927
87.5589 25.1226 29.865927
10.1219 82.045 29.865927
48.5894 0.54797 29.865927
13.4 22.8874 29.865927
16.7243 94.3593 29.865927
15.6372 44.5891 29.865927
26.7979 6.90196 29.865927
47.6475 71.1843 29.865927
45.6946 80.9262 29.865927
21.7245 2.01127 29.865927
16.5471 81.1813 29.865927
38.1612 45.7549 29.865927
31.0765 22.0815 29.865927
0.219756 2.58493 29.865927
13.5318 57.9262 29.865927
25.7714 33.2927 29.865927
67.8108 54.6502 29.865927
17.6011 61.1721 29.865927
56.0389 33.1015 29.865927
41.6783 52.1535 29.865927
85.2354 42.0312 29.865927
85.0689 32.1301 29.865927
74.5771 5.70821 29.865927
10.4725 58.878 29.865927
6.43447 8.70233 29.865927
41.7205 19.4188 29.865927
88.4474 55.9131 29.865927
86.8707 18.0065 29.865927
26.2003 42.5604 29.865927
66.9764 66.2314 29.865927
42.0178 3.44287 29.865927
42.4972 23.9973 29.865927
61.5069 0.482106 29.865927
96.7473 23.5618 29.865927
18.064 96.3276 29.865927
15.3897 25.3897 29.865927
13.8308 54.4775 29.865927
2.38826 24.0295 29.865927
70.1018 4.34543 29.865927
95.1537 79.2325 29.865927
19.0116 0.977048 29.865927
34.7579 99.7518 29.865927
33.1085 0.882753 29.865927
54.7387 20.4852 29.865927
77.6794 29.1288 29.865927
75.6586 91.7899 29.865927
17.2306 77.2747 29.865927
8.57052 3.36732 29.865927
90.4883 12.6216 29.865927
8.75416 38.928 29.865927
2.19732 10.251 29.865927
41.7302 58.1199 29.865927
20.5641 47.7219 29.865927
48.6743 62.5481 29.865927
37.2177 7.79249 29.865927
11.7937 48.0467 29.865927
29.5533 92.3189 29.865927
87.9339 96.7331 29.865927
88.9914 10.7701 29.865927
63.6977 85.2552 29.865927
38.2491 9.61738 29.865927
13.4598 41.6191 29.865927
75.9957 81.402 29.865927
4.45069 94.0863 29.865927
24.4594 47.3987 29.865927
64.2573 58.953 29.865927
22.8193 53.7552 29.865927
64.5769 3.66176 29.865927
88.1955 43.6361 29.865927
68.0574 15.6194 29.865927
81.1997 46.621 29.865927
96.3481 58.4969 29.865927
31.2678 61.1344 29.865927
85.3959 62.1638 29.865927
51.8363 98.9629 29.865927
27.2482 20.2425 29.865927
76.2214 75.1456 29.865927
64.8783 60.379 29.865927
78.3667 74.2083 29.865927
39.9475 19.2268 29.865927
3.24988 93.8751 29.865927
81.4209 43.6493 29.865927
29.1053 29.2049 29.865927
60.7013 1.36116 29.865927
9.27453 43.3967 29.865927
76.9072 18.2917 29.865927
17.5856 40.8861 29.865927
34.4656 38.8185 29.865927
22.7183 34.3604 29.865927
49.1148 32.8614 29.865927
2.55217 66.9796 29.865927
78.906 18.0381 29.865927
98.0725 73.509 29.865927
5.81823 20.7452 29.865927
19.5262 30.4483 29.865927
54.3707 99.6057 29.865927
55.717 37.8511 29.865927
25.6513 60.6643 29.865927
80.5435 37.2793 29.865927
46.2037 41.7062 29.865927
81.8209 62.9891 29.865927
41.546 82.3742 29.865927
20.3288 28.022 29.865927
32.5896 90.759 29.865927
51.2472 90.6526 29.865927
82.6909 80.2719 29.865927
37.4105 49.4356 29.865927
59.9164 61.9972 29.865927
32.7353 38.4372 29.865927
36.0033 17.5038 29.865927
80.9911 75.8316 29.865927
26.0672 21.3383 29.865927
93.4248 68.5015 29.865927
17.6023 36.5196 29.865927
60.6972 35.5066 29.865927
66.7645 81.0279 29.865927
85.2864 82.465 29.865927
74.632 5.60444 29.865927
9.35555 53.1101 29.865927
81.8774 60.6902 29.865927
74.6616 49.1772 29.865927
23.1083 96.0553 29.865927
68.3546 93.0491 29.865927
43.1006 68.5786 29.865927
70.983 56.1077 29.865927
45.2184 66.3382 29.865927
38.4806 81.2568 29.865927
88.6343 0.494442 29.865927
5.25835 27.1001 29.865927
15.2733 95.1553 29.865927
80.8889 76.3527 29.865927
77.5352 78.0347 29.865927
17.8085 51.9553 29.865927
98.8743 25.646 29.865927
11.4258 37.7412 29.865927
23.6126 49.4214 29.865927
31.4339 43.8079 29.865927
27.3595 17.3028 29.865927
4.99968 74.2733 29.865927
0.642906 35.395 29.865927
54.0007 52.8659 29.865927
78.6058 43.2582 29.865927
99.5164 7.77478 29.865927
50.9984 83.4341 29.865927
89.036 30.7257 29.865927
30.4468 53.5688 29.865927
47.3917 2.23053 29.865927
86.8559 48.4797 29.865927
9.17265 66.1356 29.865927
61.6789 74.8507 29.865927
41.4131 74.8199 29.865927
23.6206 68.344 29.865927
97.4766 17.1802 29.865927
73.2088 32.0501 29.865927
33.4192 59.483 29.865927
56.1254 1.40532 29.865927
3.30116 54.5758 29.865927
45.1636 79.7971 29.865927
19.7287 0.198716 29.865927
23.6339 40.0124 29.865927
74.7866 36.0265 29.865927
43.0779 81.6476 29.865927
2.1823 25.6845 29.865927
34.4638 23.0393 29.865927
75.4786 92.9344 29.865927
25.7178 17.895 29.865927
23.3293 78.9181 29.865927
10.9638 55.5178 29.865927
81.8496 38.8539 29.865927
43.8962 13.6901 29.865927
34.4937 83.7515 29.865927
92.0634 46.0336 29.865927
95.0473 3.39817 29.865927
12.3803 91.1149 29.865927
82.6839 23.4883 29.865927
96.7716 16.6523 29.865927
76.3859 55.8636 29.865927
47.7087 83.4773 29.865927
18.9042 62.1271 29.865927
50.0418 88.5256 29.865927
80.7777 87.9354 29.865927
0.613562 12.2624 29.865927
68.0526 97.9535 29.865927
75.2455 17.3084 29.865927
74.0572 35.987 29.865927
49.4045 19.961 29.865927
22.5447 55.6169 29.865927
78.2186 68.7569 29.865927
55.9929 17.1432 29.865927
46.3399 71.17 29.865927
9.96077 19.2347 29.865927
25.7615 81.4539 29.865927
4.28894 92.6489 29.865927
17.2907 17.3232 29.865927
48.3206 81.4332 29.865927
53.7144 89.3849 29.865927
0.299018 97.3272 29.865927
28.6889 43.6077 29.865927
3.44571 28.2052 29.865927
38.2173 22.874 29.865927
40.7053 85.7824 29.865927
95.7659 2.55349 29.865927
53.4254 44.9898 29.865927
89.1084 77.1611 29.865927
60.9907 71.4945 29.865927
80.0506 36.8529 29.865927
0.65945 19.6999 29.865927
12.2621 43.6923 29.865927
51.793 64.9464 29.865927
23.5387 4.13129 29.865927
60.356 72.3736 29.865927
91.0373 94.8618 29.865927
49.8328 92.6571 29.865927
54.8665 95.2849 29.865927
77.911 9.90186 29.865927
58.2097 7.56071 29.865927
21.4744 8.21886 29.865927
56.0439 62.2937 29.865927
69.3672 55.5594 29.865927
9.0496 1.67955 29.865927
76.05 41.1841 29.865927
62.6521 52.6724 29.865927
99.5853 23.4577 29.865927
91.8947 87.6684 29.865927
98.9579 4.73211 29.865927
37.7688 31.4408 29.865927
96.1419 41.3034 29.865927
82.5413 70.9361 29.865927
82.7455 58.0479 29.865927
3.57801 99.0366 29.865927
62.0154 28.1819 29.865927
10.9524 12.0779 29.865927
73.8931 82.0767 29.865927
27.4222 25.8428 29.865927
8.25408 64.3565 29.865927
59.2712 76.4167 29.865927
72.4782 47.1166 29.865927
77.8131 90.2453 29.865927
88.5712 66.6382 29.865927
2.68873 16.3883 29.865927
74.1314 97.2935 29.865927
16.576 71.2313 29.865927
25.6231 12.6549 29.865927
92.7385 89.9534 29.865927
52.4925 5.37248 29.865927
7.21925 42.3799 29.865927
36.723 86.3354 29.865927
34.9224 79.9328 29.865927
12.7116 4.29147 29.865927
58.7637 13.9566 29.865927
